0.291362
0.146697
0.438356
0.138047
0.372223
0.426837
0.199925
0.126494
0.155112
0.367990
0.320282
0.294646
0.309775
0.252008
0.344350
0.192757
0.089868
0.208443
0.224770
0.223551
0.186014
0.260249
0.253339
0.276900
0.389876
0.126480
0.111673
0.261261
0.298528
0.179642
0.234183
0.218029
0.160721
0.123536
0.184970
0.398748
0.115049
0.306327
0.351497
0.172122
0.225544
0.201333
0.326590
0.306544
0.361029
0.296783
0.224586
0.340593
0.131994
0.272480
0.313578
0.201087
0.325874
0.270718
0.160066
0.191501
0.167639
0.162533
0.250572
0.191833
0.449652
0.272622
0.260541
0.322730
0.248565
0.234106
0.274514
0.133257
0.164866
0.238495
0.219159
0.331750
0.141659
0.100758
0.397582
0.160448
0.051832
0.176998
0.060853
0.094200
0.383810
0.200392
0.209211
0.264136
0.284565
0.217080
0.150262
0.428335
0.230611
0.305905
0.073827
0.346375
0.120439
0.127988
0.286257
0.215785
0.128688
0.307800
0.243184
0.242921
0.258263
0.369788
0.293508
0.243536
0.164855
0.152247
0.136992
0.223936
0.341007
0.384297
0.266704
0.289845
0.170770
0.258937
0.286479
0.118450
0.143307
0.211332
0.141079
0.380133
0.139083
0.247984
0.153496
0.236127
0.157617
0.446960
0.109329
0.069148
0.142404
0.381081
0.160151
0.143140
0.437444
0.261757
0.192521
0.215743
0.389034
0.438531
0.284210
0.113380
0.288231
0.259817
0.264098
0.218328
0.261462
0.099288
0.176419
0.265913
0.201292
0.200304
0.424174
0.362170
0.241892
0.302056
0.226725
0.249003
0.248046
0.365207
0.259969
0.131956
0.225093
0.281495
0.203144
0.264305
0.186027
0.351995
0.221425
0.353121
0.274958
0.222971
0.323846
0.156096
0.161666
0.263148
0.300585
0.240078
0.107822
0.317503
0.291505
0.321201
0.246161
0.152174
0.212507
0.158036
0.273759
0.208156
0.157115
0.143684
0.118883
0.342034
0.116757
0.412393
0.378040
0.190244
0.285336
0.169519
0.200083
0.183984
0.135263
0.295204
0.215536
0.162891
0.388384
0.062249
0.208876
0.158526
0.149691
0.538446
0.283813
0.158504
0.195509
0.155957
0.182446
0.243080
0.288946
0.534898
0.442681
0.264578
0.109078
0.212650
0.136744
0.171173
0.347977
0.136817
0.148053
0.192370
0.366104
0.411203
0.442494
0.175568
0.136547
0.182174
0.142691
0.123921
0.218510
0.258672
0.196680
0.185519
0.168865
0.185710
0.192576
0.067026
0.081520
0.202387
0.336397
0.231921
0.372209
0.435859
0.383404
0.162373
0.228938
0.117576
0.148774
0.143398
0.127247
0.174689
0.162836
0.375587
0.095461
0.435335
0.187261
0.342705
0.503888
0.354500
0.225960
0.374712
0.217010
0.312454
0.350597
0.242195
0.122758
0.171168
0.126066
0.188123
0.333771
0.202361
0.420274
0.273739
0.216403
0.339132
0.103911
0.392309
0.218731
0.426150
0.130796
0.230806
0.365149
0.137728
0.497680
0.381942
0.222896
0.261118
0.308558
0.197094
0.213267
0.204176
0.123997
0.485829
0.126664
0.199481
0.255951
0.242740
0.299370
0.255519
0.239173
0.132586
0.283704
0.191215
0.382503
0.211517
0.304857
0.323222
0.266588
0.141883
0.168353
0.166279
0.258280
0.192936
0.170108
0.230640
0.195461
0.180547
0.454118
0.104604
0.350757
0.147197
0.252748
0.274511
0.176101
0.151685
0.171039
0.131075
0.212261
0.306674
0.179418
0.156204
0.190584
0.257208
0.105042
0.272075
0.466990
0.127076
0.381821
0.191841
0.295680
0.201286
0.267043
0.334772
0.285936
0.185242
0.152485
0.149744
0.310426
0.122385
0.216546
0.329583
0.238302
0.323921
0.151920
0.161253
0.229546
0.248367
0.215636
0.145786
0.266607
0.482733
0.218716
0.163720
0.333557
0.186712
0.205314
0.159545
0.125932
0.223667
0.158346
0.097952
0.256338
0.478422
0.370661
0.121041
0.334707
0.130255
0.259992
0.289954
0.276146
0.345830
0.281819
0.357216
0.152874
0.163438
0.039612
0.136673
0.236332
0.224826
0.292510
0.139545
0.134303
0.138887
0.427277
0.188754
0.151202
0.112976
0.391066
0.543347
0.192599
0.206360
0.271954
0.282345
0.303581
0.134396
0.401847
0.170693
0.312521
0.162458
0.228399
0.079820
0.145861
0.277749
0.297211
0.313485
0.347167
0.257326
0.040406
0.535778
0.260549
0.165226
0.164237
0.228071
0.167197
0.345859
0.277409
0.124232
0.409664
0.207420
0.304231
0.253543
0.157011
0.224855
0.118594
0.184690
0.184808
0.316916
0.122521
0.317182
0.313539
0.131892
0.264551
0.158248
0.306525
0.216492
0.449812
0.210877
0.417377
0.210265
0.251315
0.155792
0.337579
0.170629
0.247249
0.159419
0.139230
0.541924
0.275376
0.249956
0.698835
0.099703
0.299835
0.257282
0.344433
0.110697
0.157223
0.347749
0.364684
0.320493
0.312206
0.317249
0.111691
0.211246
0.191807
0.253918
0.393789
0.387232
0.192440
0.361213
0.222054
0.180552
0.284962
0.267774
0.189722
0.404289
0.266980
0.332611
0.120709
0.192274
0.129022
0.250135
0.213812
0.209222
0.472744
0.188996
0.155086
0.128002
0.163139
0.265843
0.429677
0.373898
0.251002
0.102487
0.312551
0.227766
0.346300
0.130902
0.384391
0.054990
0.410939
0.556206
0.441160
0.319378
0.054674
0.126765
0.167689
0.539607
0.266451
0.244974
0.100577
0.081874
0.169639
0.105688
0.307490
0.271761
0.250870
0.293521
0.192559
0.129044
0.130693
0.202801
0.142717
0.281856
0.282770
0.193106
0.259170
0.117854
0.312294
0.327399
0.222589
0.150547
0.163753
0.141475
0.231839
0.412447
0.286527
0.420894
0.275505
0.195591
0.394792
0.198506
0.242931
0.212263
0.412825
0.278257
0.104136
0.252624
0.169008
0.154562
0.237045
0.373678
0.201293
0.193563
0.091535
0.191528
0.369035
0.489069
0.164778
0.106013
0.314429
0.381545
0.363264
0.178914
0.359117
0.339131
0.441029
0.316005
0.132861
0.216481
0.102256
0.253990
0.247351
0.195000
0.191524
0.126913
0.242573
0.238918
0.231181
0.488012
0.275177
0.282352
0.267171
0.399614
0.099653
0.210039
0.118096
0.159271
0.242561
0.120438
0.335047
0.424381
0.236083
0.208078
0.204178
0.293993
0.249169
0.262400
0.263887
0.453436
0.186700
0.432794
0.285473
0.202508
0.305537
0.230212
0.165507
0.225272
0.358380
0.141194
0.089473
0.158830
0.332881
0.320673
0.106155
0.240274
0.235696
0.217896
0.179135
0.145375
0.196177
0.199192
0.138030
0.510925
0.201862
0.460544
0.297166
0.126756
0.164327
0.094419
0.184844
0.326044
0.297974
0.225639
0.327927
0.490123
0.185577
0.249816
0.179681
0.205298
0.128978
0.383977
0.290232
0.243340
0.258468
0.359170
0.123115
0.469523
0.348789
0.142207
0.498462
0.215354
0.091447
0.497035
0.408801
0.245028
0.343776
0.144964
0.123404
0.176203
0.203081
0.229516
0.333652
0.344998
0.242489
0.192154
0.178647
0.147852
0.316474
0.198780
0.373904
0.196864
0.202824
0.151094
0.198391
0.307631
0.199753
0.169981
0.077578
0.174369
0.106555
0.161557
0.376335
0.331316
0.322051
0.165792
0.197629
0.263063
0.104181
0.218583
0.463934
0.569384
0.229883
0.758298
0.257819
0.288833
0.245818
0.210454
0.126521
0.147819
0.228314
0.322018
0.278618
0.277156
0.268528
0.187020
0.262160
0.174823
0.311244
0.223238
0.232652
0.154659
0.221972
0.295252
0.183620
0.162945
0.292217
0.425983
0.214501
0.345319
0.235059
0.186650
0.375965
0.202965
0.277265
0.123104
0.205956
0.338207
0.546173
0.222369
0.105812
0.150133
0.122780
0.154100
0.591382
0.186381
0.418594
0.440681
0.121425
0.238976
0.091201
0.514911
0.266129
0.360847
0.192931
0.183468
0.307295
0.203128
0.191642
0.212785
0.200477
0.238242
0.262723
0.290951
0.175313
0.098278
0.228590
0.144165
0.548103
0.186446
0.252427
0.412103
0.256248
0.187313
0.245047
0.165347
0.240671
0.354699
0.260686
0.157818
0.117217
0.177236
0.314047
0.361684
0.094641
0.470103
0.141532
0.291638
0.474247
0.371463
0.584893
0.191801
0.314860
0.182011
0.158482
0.420774
0.299840
0.303382
0.272501
0.177323
0.289626
0.182111
0.409879
0.194124
0.230091
0.280859
0.188496
0.178581
0.163352
0.376574
0.223268
0.268413
0.391212
0.122878
0.159397
0.248778
0.360636
0.261494
0.356086
0.174535
0.244989
0.275877
0.182271
0.078506
0.238880
0.157290
0.365177
0.236793
0.217137
0.262884
0.496192
0.259384
0.288771
0.299243
0.169232
0.230904
0.118471
0.147280
0.284246
0.144260
0.170954
0.518795
0.152370
0.197760
0.126699
0.095621
0.271755
0.228858
0.162182
0.146305
0.238765
0.215479
0.168032
0.231826
0.197758
0.258611
0.157214
0.255230
0.252290
0.284559
0.176366
0.216012
0.118830
0.199870
0.247638
0.321060
0.242666
0.503205
0.291294
0.343871
0.179003
0.214342
0.271423
0.131363
0.252649
0.282809
0.520936
0.269107
0.146865
0.100321
0.075644
0.140141
0.150252
0.277399
0.226964
0.559807
0.447032
0.326470
0.212755
0.261051
0.266701
0.167038
0.165861
0.121864
0.204788
0.290692
0.123733
0.153819
0.331355
0.279209
0.255417
0.549807
0.287748
0.311779
0.156200
0.172736
0.181166
0.248903
0.217440
0.302718
0.137620
0.385120
0.390449
0.251433
0.104054
0.072457
0.466526
0.207699
0.330466
0.119355
0.236100
0.270280
0.179017
0.201307
0.455021
0.329488
0.234157
0.288307
0.189972
0.261075
0.312236
0.114836
0.264251
0.091454
0.127793
0.195506
0.199522
0.216138
0.425025
0.256933
0.358742
0.134070
0.309262
0.170315
0.244192
0.221966
0.336665
0.186599
0.284495
0.369431
0.195834
0.182253
0.335241
0.256440
0.151018
0.360261
0.152057
0.266570
0.191730
0.160848
0.140473
0.181979
0.158674
0.111617
0.322023
0.132210
0.145955
0.207689
0.169056
0.304565
0.120108
0.171519
0.119453
0.180943
0.226104
0.383297
0.151575
0.202912
0.338204
0.073011
0.422437
0.209494
0.213447
0.131687
0.111574
0.272827
0.265092
0.352059
0.107011
0.283860
0.238091
0.102245
0.231130
0.223097
0.217076
0.293075
0.274914
0.339157
0.365581
0.164266
0.200968
0.193911
0.231118
0.141782
0.070899
0.390529
0.328252
0.301762
0.154624
0.235762
0.170098
0.342331
0.244610
0.228956
0.188218
0.246345
0.202907
0.179974
0.120959
0.228799
0.232132
0.290461
0.126576
0.201989
0.363895
0.238241
0.342808
0.141599
0.139475
0.176963
0.225147
0.132843
0.188003
0.154607
0.603700
0.253751
0.185469
0.246980
0.271715
0.137378
0.306854
0.200736
0.158256
0.352929
0.221985
0.285255
0.420208
0.142521
0.197786
0.239806
0.245260
0.130515
0.232499
0.096739
0.184488
0.423521
0.188985
0.260661
0.272836
0.289747
0.300683
0.546896
0.202116
0.181669
0.120937
0.242538
0.121297
0.348036
0.344217
0.205514
0.173523
0.319741
0.230887
0.125333
0.293848
0.133802
0.283583
0.535895
0.267847
0.112272
0.173252
0.097705
0.168601
0.158698
0.095976
0.278557
0.239486
0.122612
0.384273
0.670846
0.241282
0.094116
0.214813
0.243514
0.284400
0.437873
0.249499
0.151072
0.232666
0.248866
0.078599
0.207595
0.255655
0.088500
0.325790
0.186518
0.362818
0.161943
0.251586
0.185731
0.366489
0.292291
0.250155
0.469018
0.289589
0.112364
0.359798
0.233614
0.433407
0.124429
0.272794
0.258462
0.298607
0.064761
0.078173
0.295295
0.254875
0.196554
0.147588
0.233839
0.238920
0.168901
0.157876
0.118593
0.272780
0.360793
0.425425
0.093171
0.282469
0.248740
0.235543
0.314364
0.298264
0.157099
0.087735
0.218516
0.184958
0.121362
0.265599
0.173241
0.174338
0.329561
0.130718
0.278902
0.319449
0.445667
0.366272
0.215320
0.257350
0.328210
0.228335
0.128560
0.195888
0.303603
0.267455
0.423330
0.313676
0.490479
0.407453
0.192934
0.285322
0.366196
0.110628
0.172524
0.091666
0.236690
0.133842
0.224587
0.108360
0.235124
0.325163
0.282005
0.395737
0.304324
0.475589
0.176438
0.189966
0.272599
0.256339
0.169171
0.148795
0.437802
0.222704
0.243765
0.167208
0.257881
0.399701
0.289079
0.321949
0.387052
0.219968
0.224907
0.349035
0.066518
0.218896
0.202597
0.401916
0.181175
0.112406
0.255776
0.290527
0.215961
0.551072
0.081569
0.285892
0.148650
0.293412
0.157926
0.211581
0.271030
0.261702
0.168194
0.225740
0.319493
0.172317
0.336526
0.198089
0.357751
0.318397
0.332249
0.223979
0.457422
0.271959
0.168000
0.371284
0.322537
0.217562
0.260418
0.144362
0.445711
0.301005
0.153795
0.464894
0.250479
0.097941
0.050889
0.235517
0.182552
0.143207
0.187706
0.187836
0.249385
0.310565
0.158483
0.598363
0.484242
0.370296
0.160417
0.350961
0.130899
0.345389
0.290558
0.367143
0.147407
0.108521
0.243806
0.172376
0.088768
0.496273
0.168993
0.251952
0.091305
0.287145
0.203916
0.381241
0.216669
0.334820
0.486060
0.154769
0.176296
0.182458
0.147813
0.202033
0.181967
0.311627
0.373706
0.089708
0.431427
0.125337
0.304922
0.349461
0.156228
0.198389
0.229110
0.074757
0.138819
0.276729
0.132776
0.513001
0.144528
0.126093
0.398420
0.067722
0.146702
0.096245
0.249238
0.521228
0.196237
0.246989
0.202489
0.253221
0.342397
0.348681
0.330014
0.453048
0.150832
0.421282
0.222102
0.213371
0.249314
0.192123
0.301364
0.304221
0.359520
0.132332
0.342550
0.334811
0.327630
0.372036
0.130633
0.247087
0.178590
0.224547
0.164484
0.385787
0.193124
0.472971
0.320961
0.489813
0.159244
0.105802
0.124529
0.247871
0.259344
0.210526
0.181734
0.242635
0.314602
0.231281
0.342622
0.074428
0.306622
0.172726
0.211757
0.309057
0.310296
0.157463
0.271258
0.136779
0.192851
0.151042
0.264498
0.280771
0.336332
0.210327
0.322474
0.062225
0.380177
0.166696
0.390354
0.517421
0.235292
0.043103
0.089618
0.330175
0.254502
0.117412
0.369817
0.137091
0.145299
0.248329
0.220983
0.265266
0.086545
0.405450
0.096227
0.252889
0.154772
0.156951
0.180865
0.125440
0.525737
0.693318
0.206326
0.221576
0.280266
0.466440
0.255538
0.310828
0.150524
0.178164
0.185837
0.159503
0.307482
0.177244
0.242565
0.068790
0.129689
0.148936
0.249605
0.340113
0.119188
0.146090
0.256707
0.180496
0.467130
0.303892
0.204573
0.166770
0.375663
0.461205
0.208956
0.284585
0.101796
0.321960
0.227322
0.237565
0.349212
0.400319
0.185595
0.195574
0.414629
0.275221
0.281759
0.241653
0.185087
0.080873
0.147147
0.169204
0.249826
0.387932
0.240016
0.376381
0.125884
0.622028
0.288084
0.062430
0.376533
0.238415
0.224873
0.273078
0.181739
0.428505
0.295369
0.066973
0.228705
0.176725
0.266294
0.574546
0.332515
0.358448
0.415104
0.223988
0.192785
0.096638
0.363058
0.226780
0.201702
0.209541
0.313174
0.120711
0.329416
0.207034
0.159243
0.099902
0.327101
0.365923
0.123714
0.528419
0.176871
0.175469
0.288703
0.293592
0.119047
0.260223
0.618652
0.192843
0.138235
0.118538
0.325715
0.269578
0.297148
0.149496
0.192080
0.173191
0.273423
0.259578
0.282678
0.179770
0.094813
0.174351
0.086750
0.245925
0.151425
0.210920
0.442944
0.372525
0.159092
0.079154
0.192048
0.464684
0.311586
0.214985
0.352298
0.212332
0.233735
0.406729
0.259351
0.353347
0.176941
0.152784
0.147712
0.126222
0.394756
0.263851
0.214870
0.139482
0.281881
0.219697
0.287087
0.165592
0.253604
0.284220
0.377476
0.303491
0.252144
0.252420
0.182633
0.399160
0.408111
0.154718
0.285727
0.102776
0.122422
0.451965
0.110903
0.145989
0.439904
0.129979
0.125921
0.229830
0.272995
0.276170
0.156587
0.355241
0.051672
0.155691
0.138742
0.472071
0.304668
0.218488
0.295164
0.238746
0.242940
0.123743
0.198498
0.223399
0.169067
0.226834
0.245509
0.078797
0.111503
0.112910
0.149940
0.235151
0.168642
0.222238
0.210455
0.387456
0.181208
0.302251
0.092512
0.225770
0.084624
0.141541
0.165853
0.228725
0.166686
0.211715
0.267113
0.135035
0.190428
0.113081
0.373449
0.383177
0.145421
0.234680
0.235246
0.202288
0.492105
0.180030
0.115532
0.052476
0.396766
0.177601
0.367781
0.140463
0.126144
0.156642
0.381378
0.649523
0.327891
0.102272
0.161321
0.439597
0.156657
0.335948
0.200902
0.226751
0.226008
0.150324
0.291129
0.329042
0.342152
0.214019
0.272520
0.144983
0.256226
0.183987
0.351307
0.107869
0.321080
0.228879
0.121850
0.233598
0.277134
0.151493
0.343006
0.242844
0.503912
0.359500
0.261711
0.233053
0.238470
0.305369
0.143711
0.289988
0.083268
0.247441
0.085728
0.176470
0.194587
0.290951
0.126221
0.054541
0.288162
0.205469
0.588385
0.469381
0.151414
0.147133
0.243574
0.668323
0.207672
0.125921
0.110932
0.218278
0.308561
0.477743
0.165861
0.235832
0.438737
0.121264
0.302452
0.209350
0.197281
0.150834
0.200973
0.366417
0.076349
0.282624
0.279018
0.169624
0.174391
0.208092
0.394694
0.198685
0.220212
0.192891
0.267120
0.222285
0.389870
0.286250
0.316611
0.316648
0.285161
0.245330
0.326029
0.101751
0.101554
0.226766
0.338972
0.189604
0.353629
0.216129
0.108469
0.345289
0.161033
0.711030
0.325729
0.207592
0.135539
0.159936
0.185447
0.179502
0.272963
0.536621
0.146681
0.416816
0.280526
0.135224
0.230364
0.180600
0.392855
0.323754
0.241515
0.091234
0.169150
0.136716
0.252886
0.338676
0.646716
0.524733
0.195840
0.169985
0.438430
0.158675
0.428282
0.271349
0.257816
0.227210
0.047223
0.372545
0.305649
0.272748
0.432055
0.214020
0.222877
0.128203
0.351596
0.164774
0.195551
0.445780
0.146324
0.405378
0.184919
0.190445
0.242977
0.086407
0.306370
0.151447
0.437900
0.240229
0.194362
0.212077
0.301054
0.122020
0.233092
0.176874
0.311550
0.319976
0.408410
0.217192
0.114534
0.189030
0.250003
0.340235
0.093292
0.176313
0.291415
0.318723
0.107253
0.194352
0.219409
0.298734
0.197224
0.194819
0.396376
0.526108
0.357733
0.196278
0.185776
0.082935
0.223037
0.303627
0.169777
0.278274
0.213202
0.189461
0.204596
0.179312
0.189913
0.212751
0.152748
0.132436
0.252086
0.234581
0.220924
0.348917
0.534978
0.194768
0.137875
0.305891
0.174641
0.199470
0.166380
0.224852
0.367230
0.232646
0.446653
0.154048
0.152283
0.256281
0.334248
0.303059
0.353783
0.244905
0.381083
0.378756
0.358021
0.333519
0.325889
0.342813
0.223440
0.218967
0.489657
0.171458
0.548727
0.328715
0.276575
0.228475
0.305240
0.263348
0.362499
0.247565
0.355509
0.156259
0.150689
0.203254
0.044094
0.210095
0.125260
0.152127
0.406185
0.309794
0.171957
0.304220
0.085401
0.368621
0.296652
0.363900
0.252876
0.405958
0.234335
0.332533
0.407398
0.205732
0.208842
0.373357
0.091629
0.191498
0.188964
0.227223
0.210276
0.115290
0.166042
0.424225
0.335467
0.157480
0.221124
0.186886
0.352980
0.161154
0.293916
0.175685
0.541635
0.344764
0.171311
0.186579
0.348815
0.270856
0.116153
0.193284
0.219322
0.163577
0.344989
0.214635
0.208630
0.094593
0.340280
0.271448
0.247281
0.201306
0.071314
0.155124
0.202992
0.342895
0.209862
0.264803
0.152563
0.249778
0.093275
0.273521
0.304796
0.164960
0.361126
0.240387
0.159007
0.309329
0.147291
0.185333
0.193661
0.211474
0.546198
0.422577
0.214258
0.442205
0.078584
0.357169
0.279509
0.495002
0.258431
0.255598
0.154357
0.439025
0.283247
0.147359
0.269843
0.188685
0.196890
0.147332
0.227109
0.187612
0.184149
0.139346
0.156055
0.139832
0.398266
0.178827
0.161932
0.232017
0.099140
0.280219
0.171740
0.121783
0.242119
0.131274
0.125215
0.251479
0.370965
0.310335
0.107291
0.246019
0.293596
0.164181
0.460764
0.313075
0.395932
0.167861
0.163988
0.299552
0.420979
0.117581
0.344418
0.304419
0.143046
0.188760
0.312353
0.187320
0.177327
0.376425
0.532704
0.249285
0.174847
0.094372
0.306714
0.354936
0.101204
0.205960
0.288900
0.102950
0.366389
0.179440
0.301866
0.206002
0.519391
0.270698
0.077774
0.243397
0.240891
0.118488
0.280107
0.163818
0.233299
0.225671
0.249588
0.343294
0.249115
0.190521
0.311304
0.211133
0.205528
0.148038
0.382541
0.162633
0.215490
0.358924
0.147466
0.138297
0.220171
0.422190
0.241011
0.158210
0.252676
0.377585
0.487324
0.144980
0.591345
0.270189
0.421471
0.149681
0.273072
0.322236
0.266018
0.101552
0.129140
0.191533
0.196236
0.277030
0.126984
0.326929
0.330118
0.131030
0.255302
0.137056
0.606962
0.186532
0.406832
0.080039
0.374613
0.045807
0.142250
0.434669
0.225005
0.218869
0.217937
0.322703
0.238952
0.340834
0.127993
0.356268
0.313049
0.367143
0.343964
0.173993
0.167639
0.290196
0.152675
0.513022
0.149522
0.198498
0.144180
0.346233
0.244260
0.140099
0.258972
0.220286
0.374298
0.444176
0.186723
0.210265
0.396221
0.103572
0.327830
0.120140
0.188882
0.766533
0.336020
0.196911
0.103220
0.166985
0.273810
0.322681
0.222891
0.228071
0.177276
0.130442
0.235422
0.345516
0.218002
0.305337
0.186971
0.478628
0.168096
0.322519
0.242102
0.481954
0.231659
0.181774
0.081838
0.182754
0.724472
0.179117
0.291433
0.139513
0.113005
0.140496
0.196017
0.166388
0.070370
0.096379
0.347716
0.504435
0.237604
0.214782
0.324486
0.359160
0.152350
0.384233
0.167097
0.134187
0.201406
0.077565
0.296623
0.199315
0.219303
0.330537
0.555062
0.160292
0.262658
0.186501
0.220543
0.402193
0.202090
0.263681
0.267620
0.260586
0.246079
0.421248
0.285856
0.116145
0.332330
0.228821
0.240230
0.241375
0.327752
0.330638
0.133961
0.154757
0.384065
0.299494
0.110545
0.085952
0.156533
0.320482
0.137370
0.171645
0.548270
0.298847
0.278007
0.097995
0.270167
0.182657
0.270145
0.294275
0.421496
0.226287
0.256789
0.221442
0.174496
0.098498
0.205930
0.347446
0.240865
0.118672
0.242086
0.149429
0.128049
0.331556
0.164907
0.129566
0.381610
0.224354
0.182408
0.305981
0.571297
0.502794
0.337805
0.205170
0.111987
0.409320
0.209050
0.251491
0.209991
0.262735
0.257676
0.221064
0.370066
0.315050
0.146449
0.166342
0.383613
0.355423
0.145700
0.188811
0.265083
0.146837
0.175412
0.246625
0.383786
0.617746
0.109953
0.165216
0.330388
0.263292
0.138104
0.083811
0.255573
0.231229
0.275289
0.395516
0.130304
0.172346
0.169516
0.215382
0.331906
0.438920
0.319630
0.383391
0.125772
0.292653
0.239840
0.284960
0.403838
0.385472
0.296132
0.217261
0.127989
0.225343
0.245409
0.390085
0.379039
0.105468
0.277467
0.217275
0.227454
0.221310
0.090349
0.133080
0.391820
0.227056
0.246678
0.310250
0.320643
0.379180
0.262139
0.398027
0.169471
0.250763
0.325366
0.257174
0.355894
0.311563
0.078128
0.333308
0.138941
0.225007
0.461355
0.082463
0.157825
0.368028
0.336745
0.320429
0.252518
0.203712
0.346826
0.071217
0.302444
0.211752
0.229757
0.173206
0.353015
0.168772
0.271904
0.494146
0.317482
0.269502
0.300944
0.341621
0.356040
0.129924
0.228944
0.156877
0.203873
0.377069
0.236901
0.267790
0.127774
0.082886
0.123073
0.273959
0.247991
0.228952
0.235406
0.494007
0.363757
0.436406
0.105386
0.114375
0.197411
0.384194
0.579436
0.117249
0.279043
0.204797
0.192006
0.097465
0.202270
0.289903
0.084812
0.324048
0.311059
0.592030
0.247145
0.255278
0.155387
0.363816
0.204451
0.316235
0.153505
0.220103
0.260071
0.323080
0.165578
0.357630
0.171668
0.087044
0.413111
0.261630
0.095377
0.174298
0.390804
0.127710
0.255919
0.139365
0.117978
0.230371
0.405829
0.126077
0.078099
0.237934
0.529276
0.308536
0.265472
0.155949
0.144578
0.524387
0.291080
0.121637
0.136694
0.114444
0.352618
0.345525
0.457189
0.281705
0.268537
0.240657
0.305667
0.160887
0.288864
0.268495
0.393572
0.045974
0.342325
0.180738
0.317712
0.110810
0.462126
0.174272
0.166233
0.249329
0.359602
0.250702
0.154113
0.189726
0.426836
0.310750
0.254922
0.155140
0.364486
0.377059
0.126205
0.131599
0.193388
0.194436
0.188480
0.147970
0.169910
0.363582
0.197448
0.086987
0.143399
0.641974
0.294026
0.139106
0.264755
0.324441
0.220809
0.274714
0.285692
0.214191
0.263103
0.160661
0.405159
0.322488
0.176956
0.178759
0.430345
0.195908
0.205559
0.284549
0.202345
0.370001
0.155565
0.194471
0.335491
0.281448
0.191156
0.245401
0.250046
0.287335
0.157200
0.134042
0.352863
0.293755
0.399646
0.306796
0.230999
0.263608
0.286499
0.384081
0.426348
0.275726
0.223988
0.170460
0.093560
0.381284
0.337855
0.235106
0.397547
0.178871
0.462244
0.421922
0.157919
0.161933
0.217925
0.187917
0.194150
0.129784
0.148551
0.172614
0.127662
0.447084
0.277879
0.200845
0.246225
0.049162
0.190160
0.257200
0.195756
0.232774
0.095422
0.327523
0.321440
0.640722
0.185203
0.216963
0.247941
0.240621
0.300919
0.241893
0.211710
0.101647
0.460000
0.399524
0.350732
0.222136
0.284354
0.180799
0.125490
0.145284
0.310325
0.156913
0.340991
0.510568
0.169779
0.178322
0.370746
0.146339
0.185468
0.272401
0.235898
0.281236
0.309863
0.141301
0.359393
0.253935
0.594187
0.277512
0.475518
0.159739
0.231913
0.586607
0.365407
0.085664
0.144300
0.218501
0.232283
0.183449
0.268228
0.232870
0.223338
0.239994
0.252714
0.220666
0.380581
0.359009
0.485442
0.486530
0.311675
0.161537
0.230186
0.384111
0.206348
0.270140
0.414002
0.061266
0.179623
0.078547
0.093094
0.184322
0.368632
0.277264
0.188087
0.191078
0.209707
0.272498
0.162914
0.239544
0.192677
0.366064
0.180114
0.187245
0.285181
0.347839
0.182891
0.233314
0.399997
0.187359
0.091851
0.281570
0.307087
0.222496
0.494124
0.641405
0.249198
0.336521
0.048532
0.209212
0.280894
0.266961
0.128767
0.246910
0.307937
0.212493
0.355828
0.275787
0.417104
0.190336
0.250367
0.096938
0.320011
0.450263
0.416719
0.121427
0.144636
0.518956
0.549444
0.496143
0.354461
0.139052
0.257344
0.147820
0.353040
0.346925
0.392077
0.463551
0.280874
0.230340
0.137859
0.173355
0.235444
0.299013
0.098207
0.132187
0.239707
0.286864
0.374530
0.144413
0.403828
0.100113
0.218537
0.173861
0.370589
0.395829
0.149251
0.245269
0.281185
0.314751
0.253702
0.282427
0.291494
0.247729
0.154315
0.352502
0.344119
0.187916
0.323203
0.267704
0.358019
0.185959
0.223860
0.218023
0.277178
0.242270
0.258293
0.295454
0.420028
0.129917
0.114077
0.226717
0.194580
0.189072
0.434947
0.183333
0.150691
0.308673
0.418820
0.296687
0.207361
0.106184
0.154362
0.108120
0.233736
0.144926
0.220949
0.145827
0.356666
0.111922
0.303914
0.254200
0.357654
0.300206
0.277758
0.367080
0.294547
0.259139
0.171396
0.218455
0.242680
0.347972
0.093963
0.302788
0.761267
0.278857
0.201285
0.472267
0.220630
0.171880
0.322040
0.235358
0.405741
0.167010
0.379331
0.200694
0.166551
0.168290
0.288991
0.136827
0.136190
0.089837
0.144487
0.266081
0.090948
0.135665
0.283077
0.358134
0.181800
0.169029
0.164682
0.213740
0.293194
0.116054
0.090027
0.131298
0.195945
0.192385
0.104597
0.130601
0.272634
0.266668
0.240872
0.204578
0.191310
0.156283
0.152678
0.266476
0.166321
0.215171
0.329027
0.211640
0.295751
0.176185
0.329386
0.147733
0.246685
0.290734
0.249444
0.151920
0.220864
0.250919
0.177464
0.247899
0.222257
0.191095
0.139047
0.367738
0.267563
0.128231
0.380742
0.162808
0.208130
0.450612
0.281529
0.340260
0.215370
0.378518
0.275660
0.109492
0.109073
0.212169
0.260624
0.142963
0.262032
0.099669
0.539334
0.393224
0.307915
0.153713
0.227304
0.183338
0.289828
0.150138
0.205709
0.275736
0.189913
0.213989
0.349788
0.208173
0.157356
0.324508
0.392979
0.171159
0.330716
0.162558
0.324759
0.168287
0.352036
0.171163
0.172997
0.362723
0.157971
0.118100
0.155886
0.062577
0.177671
0.207260
0.087708
0.142806
0.179973
0.250194
0.165905
0.388707
0.371191
0.258362
0.305792
0.431672
0.288920
0.212368
0.245665
0.380485
0.155558
0.257406
0.268177
0.270770
0.366952
0.382662
0.296766
0.088977
0.159931
0.332543
0.111275
0.241505
0.166954
0.215687
0.462475
0.213173
0.258110
0.127004
0.418195
0.283385
0.355913
0.210389
0.228533
0.185889
0.254110
0.277589
0.319892
0.155598
0.260369
0.274459
0.429711
0.212031
0.138042
0.170847
0.279884
0.380813
0.219450
0.429112
0.223194
0.331472
0.324654
0.240918
0.200792
0.247569
0.219753
0.185409
0.137483
0.343140
0.306583
0.421484
0.201515
0.173505
0.218052
0.240114
0.368526
0.403944
0.235895
0.174855
0.263594
0.131614
0.298766
0.122533
0.162197
0.139050
0.384021
0.351638
0.076600
0.152402
0.205182
0.278761
0.225459
0.164607
0.385072
0.110367
0.078267
0.261269
0.167169
0.427516
0.264627
0.230386
0.225319
0.260618
0.283704
0.156507
0.224551
0.085931
0.154732
0.402131
0.371993
0.214664
0.123850
0.263327
0.139830
0.374928
0.217730
0.154405
0.189457
0.429893
0.379444
0.318226
0.365474
0.227180
0.164262
0.199938
0.161191
0.138958
0.223855
0.287066
0.177004
0.183271
0.255569
0.241783
0.217456
0.650193
0.182818
0.199198
0.223391
0.392772
0.256025
0.151662
0.414529
0.197483
0.146651
0.161320
0.265670
0.471710
0.416234
0.171327
0.374876
0.207637
0.393031
0.239037
0.366079
0.150200
0.229971
0.093332
0.197123
0.137898
0.218571
0.335452
0.207777
0.250506
0.380389
0.159048
0.309907
0.333439
0.241180
0.199821
0.200046
0.119298
0.184342
0.248121
0.264006
0.412897
0.450508
0.189221
0.441414
0.314486
0.217095
0.359815
0.366504
0.258815
0.128866
0.230279
0.443659
0.238928
0.065404
0.501446
0.104335
0.240601
0.216196
0.119521
0.309971
0.139725
0.275682
0.281972
0.373426
0.307956
0.149626
0.187380
0.396493
0.148887
0.147291
0.209599
0.350809
0.073414
0.115356
0.170413
0.165143
0.329293
0.247506
0.293190
0.347479
0.198598
0.352328
0.126410
0.259544
0.498936
0.047484
0.408051
0.297430
0.117960
0.271369
0.266434
0.276100
0.576459
0.129659
0.048322
0.246765
0.253194
0.258713
0.202054
0.244122
0.192955
0.388127
0.187305
0.147406
0.212462
0.170803
0.333645
0.413267
0.265750
0.109186
0.240504
0.193691
0.109276
0.261533
0.279783
0.326550
0.324624
0.320025
0.213207
0.668801
0.201385
0.360877
0.228448
0.044272
0.275570
0.214365
0.223199
0.221895
0.047367
0.380729
0.340420
0.115286
0.320653
0.262340
0.250391
0.230670
0.307665
0.309914
0.386965
0.142373
0.151106
0.198647
0.133144
0.275652
0.213998
0.223486
0.285690
0.291816
0.070879
0.261071
0.183308
0.060587
0.268166
0.339520
0.356127
0.243488
0.188174
0.462063
0.245212
0.342342
0.279286
0.490363
0.086895
0.118394
0.283608
0.299960
0.276130
0.272056
0.268526
0.170393
0.231219
0.334757
0.233448
0.129223
0.348871
0.111119
0.775722
0.341324
0.218375
0.462538
0.085977
0.202280
0.343952
0.109804
0.440745
0.139230
0.172178
0.189894
0.537810
0.213672
0.187836
0.161064
0.232135
0.171812
0.353598
0.422328
0.083656
0.397007
0.499045
0.336273
0.214282
0.228240
0.376773
0.354718
0.229888
0.266773
0.129957
0.248680
0.114606
0.307039
0.202801
0.261368
0.170853
0.222981
0.198127
0.533321
0.303601
0.337644
0.185170
0.081605
0.389813
0.444224
0.351576
0.231458
0.206341
0.128699
0.309738
0.245825
0.472609
0.208140
0.209060
0.300304
0.198638
0.484557
0.196757
0.144104
0.109898
0.179032
0.326980
0.267247
0.369566
0.175601
0.235969
0.200100
0.173329
0.210616
0.276258
0.105203
0.397494
0.176838
0.286954
0.342613
0.187148
0.057737
0.167206
0.185907
0.171843
0.543186
0.155341
0.377242
0.078936
0.288650
0.096091
0.144658
0.203189
0.195629
0.252390
0.157449
0.376970
0.299811
0.196325
0.316175
0.190019
0.051800
0.126143
0.046731
0.242202
0.196989
0.417396
0.206910
0.171293
0.142807
0.143213
0.189885
0.192864
0.283275
0.320162
0.379330
0.469310
0.263690
0.108437
0.496814
0.238634
0.316589
0.173236
0.244315
0.387895
0.168677
0.155289
0.146418
0.262840
0.300148
0.120547
0.144022
0.300186
0.406762
0.212581
0.165220
0.265395
0.131641
0.317695
0.252720
0.281072
0.319056
0.242190
0.220728
0.229616
0.434355
0.194472
0.353971
0.124452
0.291479
0.234056
0.403342
0.285401
0.219816
0.153926
0.201170
0.438792
0.138316
0.306910
0.353645
0.253669
0.117451
0.229457
0.450199
0.308860
0.246902
0.095891
0.185156
0.261037
0.263499
0.236641
0.302221
0.298720
0.332579
0.473985
0.318716
0.069891
0.312936
0.284571
0.277776
0.155941
0.198817
0.067851
0.209455
0.325756
0.204606
0.254309
0.454498
0.198101
0.384488
0.221218
0.280519
0.279094
0.083638
0.270619
0.097670
0.188511
0.240760
0.337832
0.440126
0.174181
0.196978
0.046407
0.514336
0.098863
0.309950
0.097703
0.239958
0.147801
0.168837
0.144639
0.324744
0.389495
0.258045
0.437569
0.265994
0.204749
0.223532
0.244787
0.236436
0.446771
0.365766
0.090942
0.141873
0.174928
0.432450
0.286542
0.148892
0.291898
0.193959
0.315302
0.350433
0.249475
0.319772
0.122961
0.198975
0.135925
0.253931
0.362742
0.329879
0.189559
0.152984
0.166093
0.139972
0.274140
0.124581
0.090204
0.354420
0.325485
0.372236
0.405043
0.306988
0.067868
0.398279
0.311252
0.327376
0.203807
0.287248
0.221832
0.280205
0.278668
0.131513
0.054077
0.254842
0.228603
0.208167
0.209460
0.283447
0.086414
0.285848
0.209826
0.257421
0.198579
0.225412
0.093745
0.260659
0.208454
0.157511
0.240401
0.153754
0.308409
0.345819
0.187734
0.366374
0.104923
0.177585
0.136272
0.146421
0.220483
0.132028
0.177258
0.181543
0.336221
0.172272
0.172672
0.207603
0.163400
0.173906
0.304129
0.296889
0.381098
0.596420
0.304512
0.203100
0.211526
0.089845
0.305696
0.712240
0.245811
0.362296
0.354785
0.142780
0.122427
0.537969
0.049391
0.193622
0.169921
0.132399
0.089371
0.064850
0.254222
0.101467
0.206888
0.283828
0.160505
0.053366
0.232923
0.312866
0.224866
0.196604
0.108679
0.361204
0.252990
0.308420
0.293224
0.153713
0.196193
0.129864
0.196769
0.151909
0.068009
0.083849
0.212155
0.165744
0.338694
0.101210
0.133767
0.377560
0.212027
0.202902
0.190917
0.109204
0.228519
0.231182
0.181902
0.144412
0.170296
0.302351
0.207333
0.315308
0.083582
0.196551
0.156782
0.224510
0.165809
0.205062
0.141387
0.205213
0.427297
0.176415
0.136322
0.131117
0.108709
0.194302
0.191035
0.545441
0.198498
0.201192
0.233599
0.239785
0.211701
0.271616
0.461754
0.319534
0.166139
0.333804
0.223699
0.220624
0.259591
0.200338
0.201005
0.370906
0.262927
0.163838
0.203190
0.426152
0.119145
0.314395
0.232164
0.206760
0.332310
0.352884
0.251857
0.118155
0.166642
0.114700
0.255445
0.320142
0.343582
0.392193
0.213258
0.334786
0.142267
0.298996
0.148593
0.322251
0.255026
0.382123
0.244736
0.190073
0.172831
0.101642
0.215737
0.068166
0.579341
0.059349
0.453943
0.472110
0.152539
0.214959
0.395550
0.283539
0.061504
0.097050
0.211707
0.260900
0.285492
0.390019
0.136603
0.096451
0.327547
0.259271
0.210022
0.173158
0.402869
0.108898
0.173767
0.226167
0.122911
0.222758
0.116541
0.241872
0.247379
0.339466
0.277626
0.130994
0.205533
0.184359
0.240793
0.290634
0.233009
0.176761
0.356666
0.261304
0.283898
0.227949
0.169845
0.340696
0.236686
0.264585
0.502531
0.208380
0.316574
0.246144
0.446926
0.099677
0.161289
0.028342
0.632872
0.169904
0.270026
0.235785
0.270771
0.309687
0.159198
0.151366
0.240248
0.192500
0.370437
0.118531
0.177807
0.147113
0.183513
0.069283
0.129247
0.338981
0.243407
0.149217
0.438271
0.193883
0.222042
0.139697
0.304794
0.239160
0.338460
0.295892
0.211693
0.228738
0.146416
0.348702
0.141252
0.491809
0.224040
0.216983
0.267578
0.093327
0.266870
0.430011
0.449482
0.216627
0.067407
0.161816
0.228716
0.202007
0.226860
0.364517
0.226486
0.329400
0.310962
0.223802
0.148959
0.323304
0.237095
0.382542
0.404816
0.413786
0.151849
0.171443
0.344802
0.737044
0.392035
0.208120
0.212936
0.252016
0.340922
0.155592
0.397017
0.222051
0.325284
0.256554
0.177428
0.106053
0.233280
0.236454
0.493483
0.287711
0.087395
0.616850
0.135033
0.369249
0.289961
0.145759
0.458237
0.185098
0.055961
0.174949
0.082935
0.118853
0.415797
0.252792
0.125980
0.288883
0.131551
0.199224
0.168429
0.229796
0.293628
0.110545
0.259323
0.948671
0.197959
0.070301
0.094511
0.246718
0.130322
0.126332
0.207122
0.324114
0.214503
0.124561
0.215344
0.124659
0.205011
0.129546
0.224064
0.327794
0.171802
0.325593
0.382413
0.237164
0.182350
0.522979
0.262781
0.225262
0.196476
0.141858
0.224001
0.212529
0.235644
0.286066
0.136438
0.246918
0.225231
0.083651
0.288577
0.137592
0.269560
0.056776
0.401263
0.366009
0.141625
0.607121
0.321195
0.441952
0.128941
0.260296
0.345120
0.332206
0.297854
0.212624
0.247281
0.359353
0.237740
0.088303
0.192281
0.157455
0.239818
0.238989
0.139007
0.208245
0.121699
0.252807
0.187125
0.184883
0.182539
0.372565
0.191504
0.194802
0.240800
0.196733
0.067762
0.459779
0.091114
0.223418
0.255443
0.481435
0.373356
0.326834
0.126846
0.254421
0.390396
0.302812
0.183762
0.298584
0.194726
0.405222
0.270398
0.212664
0.320877
0.287957
0.163508
0.275539
0.383420
0.128186
0.253653
0.328415
0.360560
0.385718
0.422191
0.122186
0.216584
0.215615
0.307047
0.244234
0.392497
0.113236
0.306589
0.182577
0.253776
0.093509
0.213187
0.129314
0.104039
0.126752
0.133309
0.135042
0.184681
0.364048
0.108137
0.244851
0.381104
0.168067
0.287340
0.235650
0.386575
0.285473
0.216351
0.064285
0.285516
0.221435
0.228543
0.472808
0.154527
0.081967
0.198272
0.339723
0.277582
0.427723
0.337327
0.149703
0.512684
0.157344
0.188425
0.294985
0.205173
0.219402
0.128705
0.345438
0.182767
0.273777
0.209863
0.381127
0.379460
0.227403
0.099583
0.391027
0.122023
0.130984
0.197033
0.378173
0.340829
0.254255
0.061648
0.429177
0.100377
0.196403
0.271773
0.327181
0.343000
0.255777
0.323490
0.267205
0.453044
0.352673
0.363691
0.094826
0.502886
0.163708
0.679606
0.232308
0.135240
0.159686
0.202787
0.237473
0.367220
0.178366
0.267394
0.214457
0.192758
0.341373
0.377011
0.402378
0.079199
0.064633
0.291106
0.070230
0.382854
0.103731
0.089020
0.131598
0.088050
0.217842
0.122542
0.218939
0.359504
0.269455
0.177736
0.216456
0.244455
0.114055
0.324639
0.206234
0.293126
0.170990
0.310426
0.280383
0.291370
0.213709
0.155504
0.160859
0.215124
0.108569
0.159691
0.200706
0.120061
0.230334
0.172252
0.154949
0.250347
0.180580
0.391321
0.095129
0.162761
0.274561
0.247628
0.395449
0.096640
0.391208
0.411736
0.290669
0.319572
0.187886
0.267755
0.169346
0.492469
0.220474
0.163700
0.230797
0.223656
0.243108
0.070428
0.297062
0.162887
0.209304
0.245693
0.418942
0.189989
0.217403
0.283073
0.185385
0.323071
0.103953
0.323952
0.602435
0.218159
0.142229
0.120678
0.249339
0.255511
0.208605
0.268972
0.177692
0.215987
0.219777
0.154340
0.387563
0.414803
0.169345
0.281524
0.184046
0.202470
0.211951
0.337424
0.144821
0.314835
0.161098
0.214434
0.176879
0.214932
0.153736
0.235697
0.261740
0.246125
0.322961
0.302399
0.339593
0.188530
0.270938
0.276119
0.337820
0.347768
0.155890
0.372285
0.183125
0.102598
0.290197
0.426975
0.189166
0.249394
0.230689
0.169080
0.207581
0.157312
0.187872
0.383522
0.196971
0.127734
0.216808
0.209976
0.185670
0.169055
0.263315
0.153395
0.333897
0.094945
0.084290
0.298658
0.218064
0.151259
0.387441
0.549837
0.176666
0.111897
0.131548
0.357898
0.293234
0.251771
0.559770
0.414807
0.203594
0.410595
0.352237
0.216549
0.491089
0.220438
0.195148
0.509272
0.163880
0.093061
0.374201
0.177191
0.180884
0.508107
0.343361
0.308674
0.291695
0.067135
0.239712
0.365798
0.134982
0.289976
0.104055
0.524238
0.158655
0.213230
0.215316
0.269585
0.211278
0.301736
0.175024
0.153474
0.325868
0.270735
0.130934
0.138361
0.208336
0.297896
0.280626
0.134109
0.093200
0.247068
0.208188
0.210274
0.246943
0.428760
0.487403
0.440671
0.518498
0.355300
0.097201
0.144607
0.267775
0.086993
0.114981
0.189730
0.211930
0.438953
0.305869
0.339234
0.261926
0.164663
0.310351
0.184194
0.194189
0.227481
0.231556
0.195383
0.151744
0.234203
0.160618
0.219703
0.278901
0.334724
0.316651
0.366600
0.406324
0.119466
0.134414
0.183822
0.058698
0.283782
0.098297
0.098705
0.322084
0.339227
0.238595
0.278728
0.175965
0.209413
0.425164
0.397285
0.130191
0.275414
0.452712
0.076931
0.347992
0.172921
0.081041
0.196710
0.345395
0.264285
0.255939
0.109884
0.395554
0.081951
0.248226
0.382994
0.392783
0.104404
0.307760
0.240983
0.675471
0.165673
0.267483
0.524407
0.175534
0.153731
0.210339
0.428940
0.263004
0.128850
0.309907
0.151399
0.254928
0.123484
0.103423
0.200517
0.415914
0.077677
0.185414
0.151483
0.262253
0.244797
0.348014
0.132866
0.592825
0.118158
0.256126
0.135955
0.176744
0.094003
0.202769
0.160600
0.244916
0.259744
0.114073
0.225962
0.173276
0.149525
0.141776
0.169060
0.222678
0.288258
0.185414
0.159783
0.116788
0.720382
0.478985
0.187163
0.338275
0.119624
0.192101
0.262369
0.164677
0.461552
0.230995
0.248331
0.155635
0.295352
0.317707
0.117496
0.151458
0.207608
0.187153
0.221790
0.299979
0.215726
0.326117
0.104713
0.265058
0.158355
0.359863
0.177980
0.417348
0.137926
0.276075
0.399783
0.163274
0.410361
0.153985
0.175251
0.323512
0.198155
0.214102
0.177754
0.273996
0.435072
0.372727
0.128752
0.409319
0.256289
0.107342
0.306571
0.124610
0.417738
0.530668
0.128130
0.171694
0.214846
0.271406
0.404718
0.365629
0.362768
0.294456
0.383652
0.176488
0.397282
0.171738
0.266546
0.257384
0.259188
0.253624
0.260148
0.351879
0.349132
0.125019
0.286657
0.413183
0.202439
0.232222
0.196437
0.169531
0.132111
0.108364
0.263931
0.082028
0.333182
0.328593
0.207888
0.118787
0.375518
0.061236
0.151316
0.151398
0.412144
0.271454
0.144801
0.468612
0.599186
0.254343
0.119598
0.178653
0.162668
0.123481
0.141183
0.190130
0.208030
0.218918
0.160847
0.301650
0.147564
0.471247
0.304848
0.258212
0.346992
0.164653
0.157022
0.374248
0.178105
0.154940
0.369167
0.152185
0.172759
0.250723
0.187489
0.350294
0.433738
0.358771
0.066397
0.441047
0.187566
0.173420
0.335732
0.221478
0.323047
0.181804
0.086156
0.342704
0.131502
0.314575
0.204505
0.117425
0.080004
0.349524
0.219506
0.262477
0.451899
0.542591
0.228092
0.184850
0.304032
0.096603
0.167693
0.124929
0.256971
0.439076
0.124067
0.300804
0.199006
0.482945
0.217673
0.149182
0.302696
0.145411
0.344068
0.295367
0.151150
0.333998
0.379955
0.220121
0.148542
0.375238
0.402597
0.346349
0.249872
0.459500
0.147481
0.158191
0.294536
0.217070
0.213343
0.449037
0.168942
0.266354
0.111664
0.147966
0.490609
0.317339
0.178688
0.249853
0.740984
0.720026
0.200012
0.233464
0.286709
0.171625
0.093385
0.109941
0.101012
0.123119
0.267115
0.378399
0.201063
0.275755
0.429647
0.329941
0.141230
0.645345
0.193591
0.137714
0.400037
0.252315
0.302995
0.186992
0.161778
0.402338
0.152348
0.277550
0.245388
0.216363
0.263561
0.261430
0.351200
0.359813
0.132285
0.320853
0.168837
0.062658
0.203964
0.409634
0.348828
0.298987
0.124480
0.099630
0.328295
0.227349
0.232025
0.269467
0.261305
0.282386
0.185905
0.203543
0.203592
0.382183
0.245867
0.333210
0.146281
0.045886
0.140225
0.132119
0.299774
0.284350
0.178844
0.281558
0.075140
0.137589
0.091196
0.367196
0.231981
0.518306
0.185131
0.251155
0.233651
0.422495
0.140742
0.225188
0.198092
0.415869
0.183262
0.249180
0.190623
0.308723
0.161719
0.300028
0.473260
0.134634
0.148074
0.290307
0.166944
0.265879
0.175775
0.453163
0.369145
0.265029
0.157748
0.227729
0.128785
0.190304
0.227330
0.183222
0.504514
0.441510
0.184251
0.376882
0.281233
0.253365
0.363776
0.480488
0.198486
0.428814
0.199313
0.261179
0.243638
0.182427
0.456435
0.154796
0.112558
0.128282
0.382434
0.201129
0.090746
0.348042
0.202101
0.178072
0.178795
0.359169
0.093269
0.273550
0.109060
0.111393
0.194282
0.255514
0.256023
0.128342
0.281945
0.298279
0.151926
0.157160
0.217155
0.175830
0.445187
0.150144
0.261164
0.114923
0.226996
0.070415
0.397466
0.123170
0.235476
0.193371
0.192418
0.095181
0.169490
0.081363
0.221460
0.358272
0.160820
0.261572
0.248464
0.369326
0.130919
0.216445
0.249513
0.394202
0.216405
0.598286
0.175673
0.136336
0.307831
0.194405
0.570994
0.317573
0.374187
0.346732
0.569657
0.572098
0.371894
0.150962
0.290630
0.142435
0.062976
0.165327
0.217072
0.265085
0.135906
0.326380
0.110180
0.151231
0.219820
0.285743
0.369713
0.131567
0.325989
0.717931
0.192355
0.293662
0.255780
0.138889
0.289035
0.337729
0.315673
0.137880
0.154330
0.231364
0.180758
0.599889
0.321048
0.234695
0.137449
0.121811
0.368388
0.258376
0.428627
0.193952
0.173427
0.200265
0.158435
0.247308
0.167893
0.282288
0.197920
0.308519
0.268036
0.431664
0.100119
0.349268
0.364851
0.196140
0.255715
0.540799
0.410087
0.208380
0.242967
0.306303
0.104170
0.087558
0.231142
0.425223
0.168729
0.319813
0.323061
0.173666
0.304758
0.193599
0.118042
0.364665
0.230012
0.327722
0.232442
0.149382
0.424943
0.359641
0.296053
0.168902
0.201011
0.141221
0.469558
0.096607
0.136945
0.368235
0.320759
0.149663
0.131774
0.475234
0.201595
0.300119
0.268225
0.308166
0.408586
0.269799
0.077623
0.346279
0.124140
0.031604
0.289241
0.464097
0.098327
0.085435
0.118410
0.143593
0.089891
0.082135
0.179259
0.169223
0.331616
0.120196
0.117552
0.100031
0.487888
0.309571
0.130289
0.156035
0.314595
0.118525
0.190015
0.441463
0.193686
0.132608
0.399721
0.362518
0.078059
0.377525
0.209478
0.181313
0.171039
0.136050
0.388250
0.238700
0.600213
0.235651
0.164219
0.285439
0.469917
0.157270
0.275611
0.248967
0.221333
0.131504
0.233705
0.240402
0.425306
0.241796
0.205204
0.287392
0.139187
0.196144
0.307514
0.320951
0.212659
0.209239
0.165761
0.104269
0.116643
0.460781
0.092646
0.234359
0.168004
0.175263
0.229347
0.225142
0.260926
0.405883
0.102652
0.258278
0.211668
0.270111
0.383333
0.144651
0.163252
0.128261
0.481078
0.175422
0.173767
0.171833
0.160628
0.305932
0.137035
0.282054
0.115652
0.243902
0.240098
0.183328
0.186003
0.200730
0.204761
0.353827
0.211752
0.305575
0.350193
0.186462
0.342280
0.509432
0.097332
0.113791
0.190882
0.144177
0.151257
0.273674
0.093059
0.131582
0.167455
0.159635
0.202498
0.177144
0.218398
0.192894
0.227402
0.146791
0.149510
0.301848
0.203114
0.138117
0.176808
0.143248
0.258324
0.256053
0.203072
0.468957
0.290092
0.280924
0.312621
0.295797
0.206778
0.493296
0.153665
0.117699
0.294813
0.228714
0.232437
0.200599
0.181167
0.386458
0.308446
0.154491
0.303774
0.107281
0.224070
0.139212
0.200994
0.070551
0.312807
0.277816
0.382639
0.166112
0.083814
0.323524
0.186585
0.136392
0.227067
0.299426
0.168238
0.143233
0.368489
0.173434
0.621336
0.141431
0.328765
0.307826
0.480498
0.075797
0.180416
0.102251
0.469618
0.320212
0.294329
0.281842
0.224048
0.159500
0.242050
0.205650
0.268559
0.264172
0.248730
0.392435
0.252076
0.336649
0.449205
0.131063
0.214116
0.376980
0.309261
0.157943
0.284320
0.270216
0.411443
0.238796
0.404358
0.077296
0.166527
0.359913
0.266764
0.368077
0.326135
0.318253
0.169864
0.179437
0.186547
0.119983
0.285836
0.292845
0.195181
0.128623
0.329356
0.272268
0.121868
0.367177
0.158405
0.170042
0.314683
0.220859
0.189310
0.250010
0.079390
0.169542
0.211999
0.389584
0.141043
0.276401
0.207106
0.344535
0.322890
0.167234
0.417469
0.203732
0.263063
0.255854
0.416081
0.417362
0.132734
0.349775
0.270198
0.369085
0.261239
0.407924
0.137143
0.357915
0.131436
0.345152
0.245164
0.114813
0.207888
0.208185
0.260529
0.195308
0.182170
0.095271
0.261809
0.377632
0.496756
0.192908
0.262754
0.257444
0.214248
0.109561
0.399350
0.139199
0.159946
0.266799
0.175134
0.398836
0.157045
0.248050
0.274676
0.213103
0.234376
0.101405
0.184011
0.431315
0.258328
0.254650
0.339307
0.033499
0.211999
0.195477
0.185673
0.077631
0.222325
0.174036
0.239131
0.248055
0.271072
0.322278
0.429619
0.298252
0.323294
0.111355
0.295377
0.556813
0.288872
0.196502
0.172301
0.238799
0.253528
0.124391
0.353049
0.109058
0.316268
0.053400
0.376313
0.109807
0.334448
0.183132
0.082581
0.193994
0.318179
0.088807
0.096714
0.155064
0.360754
0.384071
0.207305
0.132992
0.198928
0.186301
0.424715
0.146001
0.392279
0.302421
0.054998
0.810983
0.327458
0.309139
0.242852
0.422536
0.083741
0.320759
0.226068
0.217932
0.266263
0.351195
0.227976
0.238875
0.240762
0.286395
0.144805
0.382242
0.330102
0.249756
0.433435
0.147915
0.075105
0.286411
0.364291
0.555437
0.349812
0.257482
0.292468
0.268078
0.200405
0.188628
0.263785
0.121389
0.202487
0.232720
0.264701
0.280011
0.224859
0.294395
0.247753
0.103668
0.485595
0.256867
0.169303
0.300896
0.421211
0.053947
0.239287
0.042318
0.564881
0.326141
0.416914
0.130406
0.179861
0.148205
0.335192
0.151081
0.140907
0.323193
0.381098
0.219928
0.372177
0.257797
0.322971
0.257286
0.358740
0.347177
0.299743
0.350598
0.220371
0.286661
0.400890
0.363791
0.119429
0.301819
0.235270
0.136890
0.269859
0.396340
0.189878
0.169986
0.216191
0.427736
0.270498
0.540282
0.382717
0.252951
0.451210
0.248724
0.414527
0.155271
0.295337
0.150691
0.262131
0.308593
0.164183
0.169314
0.212460
0.346511
0.330865
0.149240
0.183365
0.348635
0.221335
0.371173
0.360255
0.122347
0.275003
0.269423
0.271418
0.337636
0.234407
0.396962
0.244490
0.203247
0.279403
0.240230
0.098501
0.409378
0.344948
0.283605
0.186068
0.076037
0.196436
0.409127
0.201703
0.145700
0.128094
0.118316
0.136102
0.149764
0.259065
0.312329
0.206181
0.140830
0.072819
0.467234
0.369523
0.122503
0.282405
0.125928
0.469179
0.077963
0.222651
0.320207
0.142525
0.119198
0.461002
0.151414
0.222579
0.165952
0.141897
0.360567
0.433773
0.232269
0.175034
0.190359
0.328504
0.393196
0.227531
0.356545
0.241806
0.214013
0.257288
0.323552
0.286605
0.195069
0.603719
0.312417
0.212855
0.396118
0.221662
0.213625
0.260181
0.499572
0.252132
0.308766
0.194624
0.043818
0.304798
0.267824
0.132039
0.410951
0.381114
0.415126
0.253035
0.094222
0.168143
0.269740
0.073188
0.286596
0.131522
0.283900
0.155114
0.195259
0.332858
0.405817
0.284016
0.320497
0.209959
0.257482
0.094370
0.108795
0.250475
0.203709
0.163533
0.249442
0.217793
0.300424
0.326083
0.249972
0.389919
0.230782
0.401300
0.347740
0.212630
0.080409
0.150816
0.167810
0.546052
0.108259
0.239941
0.088300
0.088873
0.266674
0.330643
0.360646
0.375856
0.247012
0.246967
0.177132
0.118663
0.124934
0.163379
0.177897
0.245203
0.060476
0.453788
0.334569
0.181935
0.215522
0.142177
0.234276
0.092586
0.272453
0.179251
0.336135
0.463139
0.163349
0.158492
0.373691
0.187896
0.143832
0.155072
0.152087
0.193713
0.210669
0.568478
0.182772
0.097790
0.195952
0.300327
0.208487
0.104622
0.093819
0.400379
0.262246
0.384637
0.149372
0.258865
0.153372
0.213465
0.193905
0.177135
0.121385
0.234629
0.178035
0.264816
0.251698
0.446004
0.190712
0.157579
0.320027
0.418800
0.302244
0.267065
0.240492
0.270129
0.154931
0.324315
0.230589
0.138950
0.335301
0.177584
0.272819
0.140661
0.221926
0.534005
0.221290
0.233730
0.253748
0.065220
0.495128
0.167365
0.196780
0.287317
0.244393
0.317714
0.209148
0.429891
0.218610
0.295006
0.204712
0.324786
0.503745
0.417972
0.267947
0.179674
0.325922
0.207891
0.302923
0.245578
0.322898
0.205364
0.088962
0.904457
0.428322
0.358233
0.229002
0.391872
0.232534
0.307348
0.218905
0.146228
0.325373
0.288875
0.121617
0.068098
0.252960
0.441233
0.302179
0.209176
0.171140
0.209027
0.113307
0.240024
0.270467
0.310151
0.549386
0.393712
0.272980
0.432175
0.103386
0.082507
0.235401
0.117679
0.186714
0.762198
0.133394
0.264608
0.316359
0.255429
0.219567
0.212618
0.090530
0.136460
0.176036
0.237920
0.228288
0.190605
0.187025
0.073105
0.349508
0.190492
0.196005
0.346203
0.266915
0.535171
0.338911
0.284206
0.191169
0.222775
0.176507
0.299207
0.260547
0.073115
0.157540
0.107152
0.514482
0.109005
0.350971
0.167654
0.331258
0.257628
0.217626
0.120455
0.388642
0.362251
0.243678
0.273376
0.145227
0.226804
0.276050
0.208204
0.207134
0.285833
0.473814
0.373151
0.152239
0.189408
0.302134
0.205291
0.189227
0.259300
0.462999
0.585829
0.114091
0.252448
0.160039
0.402730
0.203309
0.241330
0.136292
0.353742
0.374726
0.213481
0.167357
0.114204
0.135655
0.185784
0.327479
0.263515
0.292464
0.443954
0.258442
0.284527
0.195507
0.282415
0.155110
0.224421
0.560672
0.179395
0.295087
0.206416
0.368565
0.433599
0.397104
0.241262
0.314396
0.442272
0.227299
0.343895
0.225703
0.178690
0.274474
0.512983
0.319147
0.302285
0.455219
0.179502
0.101032
0.253463
0.161808
0.124465
0.151351
0.467109
0.067134
0.180252
0.106807
0.293245
0.417126
0.129945
0.474745
0.293898
0.133644
0.181478
0.379376
0.199805
0.123559
0.207129
0.241122
0.307491
0.085481
0.238095
0.414004
0.136853
0.139756
0.180603
0.421569
0.225864
0.218382
0.605536
0.109475
0.079546
0.617190
0.155230
0.583372
0.152004
0.265911
0.290950
0.069087
0.170258
0.365563
0.400771
0.249569
0.278680
0.409322
0.185915
0.192589
0.280478
0.230600
0.315439
0.228984
0.187213
0.190173
0.413803
0.251303
0.544789
0.208626
0.253649
0.279676
0.259695
0.217733
0.254139
0.251267
0.096343
0.094238
0.325942
0.456158
0.166191
0.374772
0.291116
0.129983
0.129231
0.148204
0.221118
0.198498
0.148424
0.133998
0.483369
0.567553
0.299964
0.262385
0.362597
0.184766
0.234555
0.314607
0.384448
0.248160
0.217189
0.125643
0.337424
0.496945
0.222245
0.306477
0.243198
0.159129
0.208337
0.195400
0.291200
0.208975
0.363419
0.296127
0.185213
0.361164
0.220758
0.186049
0.156171
0.476832
0.165491
0.236167
0.334250
0.251948
0.120583
0.594053
0.411582
0.056239
0.394682
0.115585
0.151312
0.156666
0.341811
0.362261
0.241280
0.259054
0.248030
0.181378
0.208056
0.145260
0.126976
0.131841
0.281705
0.256617
0.245589
0.235201
0.199804
0.147855
0.226275
0.156277
0.272661
0.241218
0.331484
0.156774
0.131368
0.294816
0.197472
0.212795
0.162931
0.271150
0.259202
0.336225
0.211432
0.252460
0.468774
0.171352
0.110901
0.124813
0.230452
0.154389
0.055018
0.119823
0.164049
0.159787
0.163473
0.218597
0.310026
0.190986
0.218072
0.179942
0.272642
0.582565
0.261230
0.253189
0.472355
0.165608
0.324061
0.271872
0.267649
0.089250
0.097361
0.232007
0.152676
0.230899
0.241382
0.229710
0.402754
0.174842
0.153288
0.325597
0.402223
0.134445
0.519030
0.308212
0.356162
0.143489
0.325700
0.244789
0.087453
0.270601
0.251645
0.276854
0.166737
0.494813
0.391210
0.245366
0.117310
0.240577
0.147663
0.119014
0.280602
0.107825
0.374856
0.127996
0.352463
0.161630
0.200923
0.352108
0.141695
0.272617
0.166194
0.382853
0.287934
0.296650
0.213411
0.338687
0.374566
0.100295
0.196806
0.236686
0.184203
0.195739
0.160913
0.248929
0.127527
0.154154
0.302422
0.271706
0.075206
0.135890
0.288617
0.231151
0.260152
0.274243
0.301975
0.236588
0.395018
0.152189
0.299807
0.207526
0.124470
0.149900
0.189069
0.211217
0.407864
0.162683
0.375525
0.239156
0.323714
0.520160
0.192608
0.201510
0.367310
0.451843
0.275915
0.167441
0.095770
0.241805
0.301012
0.122712
0.324500
0.265092
0.104330
0.056233
0.161255
0.314855
0.207657
0.224089
0.125656
0.241890
0.221576
0.236765
0.273884
0.136589
0.313493
0.190427
0.167924
0.271066
0.236530
0.158506
0.111151
0.092875
0.294575
0.175335
0.398810
0.200138
0.194869
0.280843
0.123272
0.297614
0.267813
0.567068
0.351313
0.160746
0.203236
0.310220
0.065870
0.115130
0.208595
0.110844
0.370488
0.171407
0.222462
0.227682
0.356790
0.398099
0.301233
0.297605
0.182041
0.436241
0.405522
0.325637
0.215798
0.077374
0.224709
0.367891
0.332426
0.176616
0.167313
0.384031
0.258095
0.204600
0.132119
0.237719
0.189154
0.039605
0.145328
0.199853
0.342948
0.136701
0.092077
0.363004
0.402728
0.141896
0.207842
0.152990
0.402412
0.241371
0.283244
0.122843
0.182495
0.306304
0.449914
0.095604
0.266681
0.134531
0.229100
0.295498
0.306681
0.384098
0.209094
0.213059
0.096875
0.172194
0.147934
0.317059
0.153145
0.194406
0.161509
0.275227
0.224045
0.237216
0.148986
0.399577
0.229420
0.252286
0.230735
0.241680
0.167167
0.326846
0.077496
0.294198
0.493575
0.302255
0.268322
0.199894
0.244109
0.265777
0.248622
0.101240
0.164049
0.214384
0.400206
0.317815
0.220497
0.315077
0.226158
0.127416
0.172785
0.257344
0.300095
0.180475
0.310769
0.311924
0.267109
0.308320
0.222444
0.210693
0.148548
0.172201
0.199031
0.112160
0.390732
0.193145
0.187837
0.289992
0.243430
0.150035
0.388729
0.345304
0.296005
0.072970
0.123477
0.326650
0.113701
0.076784
0.280637
0.122391
0.158129
0.230275
0.110182
0.183894
0.398522
0.169585
0.557191
0.236771
0.242567
0.320698
0.099501
0.338162
0.158750
0.360643
0.344988
0.106606
0.296485
0.234942
0.216742
0.397804
0.280780
0.416431
0.323311
0.201510
0.263939
0.300926
0.295068
0.316507
0.475808
0.454106
0.261749
0.226151
0.204413
0.387251
0.047277
0.233520
0.299348
0.252664
0.178514
0.374041
0.165535
0.292518
0.333173
0.215263
0.354719
0.470151
0.201069
0.175983
0.262307
0.151024
0.183607
0.131747
0.262554
0.479176
0.350607
0.178690
0.140991
0.504406
0.313223
0.467376
0.189780
0.296883
0.298665
0.508708
0.386443
0.258771
0.625352
0.278433
0.279312
0.257628
0.251738
0.293695
0.201496
0.140094
0.445774
0.055946
0.330965
0.308437
0.157274
0.302200
0.135177
0.130662
0.244159
0.192138
0.121011
0.416371
0.177938
0.388897
0.150251
0.136467
0.133680
0.296865
0.177031
0.325040
0.383541
0.205138
0.558338
0.255809
0.137242
0.216032
0.367924
0.176825
0.263282
0.139854
0.273899
0.342763
0.419907
0.186491
0.406312
0.322595
0.082359
0.149190
0.291097
0.196139
0.208909
0.076154
0.294424
0.140392
0.216954
0.419278
0.240691
0.192799
0.327053
0.121144
0.228182
0.327233
0.334646
0.399073
0.354423
0.167058
0.125154
0.134468
0.117905
0.118654
0.236691
0.082018
0.176634
0.353237
0.188919
0.240028
0.421588
0.348321
0.288949
0.247241
0.279603
0.236901
0.113884
0.249075
0.162971
0.201717
0.159408
0.180681
0.207017
0.097024
0.203131
0.330851
0.431275
0.118626
0.341789
0.331517
0.336094
0.211945
0.195205
0.367126
0.239531
0.333188
0.264195
0.319616
0.187769
0.108294
0.146761
0.435665
0.118165
0.191956
0.323113
0.264477
0.354887
0.164623
0.347661
0.235900
0.220515
0.220141
0.201979
0.106859
0.176460
0.265374
0.137329
0.323849
0.109359
0.421827
0.201919
0.280055
0.289574
0.233474
0.372875
0.217152
0.239014
0.128643
0.277186
0.224974
0.415106
0.235117
0.171821
0.240326
0.142332
0.344746
0.085634
0.171447
0.314463
0.187501
0.217636
0.212237
0.188178
0.159210
0.218494
0.218105
0.091511
0.087755
0.289614
0.208095
0.165558
0.485366
0.146121
0.190126
0.271107
0.262623
0.157502
0.232599
0.193045
0.283185
0.320517
0.151683
0.170573
0.135715
0.307914
0.172711
0.242328
0.339153
0.125302
0.091947
0.256660
0.126587
0.236331
0.326726
0.194982
0.225985
0.322414
0.188080
0.222769
0.148103
0.459699
0.255934
0.298689
0.088993
0.107975
0.136624
0.140385
0.272962
0.227403
0.247296
0.290104
0.083702
0.258446
0.180628
0.273778
0.188115
0.383525
0.216036
0.155210
0.205581
0.118133
0.210078
0.287445
0.134022
0.176577
0.192058
0.180121
0.227300
0.229423
0.234631
0.208701
0.275740
0.258154
0.332931
0.177503
0.175560
0.235258
0.334104
0.455192
0.166436
0.277008
0.301091
0.250651
0.357028
0.397028
0.096839
0.171230
0.257991
0.464196
0.241179
0.199758
0.147775
0.112450
0.217905
0.272898
0.056452
0.311290
0.246218
0.307708
0.310652
0.159682
0.383809
0.401204
0.165136
0.393261
0.274102
0.303212
0.231926
0.329962
0.188864
0.097575
0.416002
0.179532
0.145792
0.295581
0.198392
0.361344
0.164489
0.372049
0.187948
0.120731
0.218740
0.255194
0.381047
0.086416
0.323709
0.113396
0.224040
0.369672
0.342400
0.263119
0.404314
0.339141
0.297258
0.211399
0.186691
0.163103
0.244330
0.233706
0.132129
0.163860
0.211372
0.137884
0.233607
0.253705
0.367455
0.252893
0.192398
0.309372
0.201188
0.277214
0.309487
0.229910
0.208086
0.212081
0.184621
0.585243
0.275457
0.162170
0.154582
0.171561
0.227013
0.506507
0.220287
0.275566
0.256990
0.186968
0.213809
0.075714
0.479156
0.451533
0.180379
0.121982
0.170217
0.305322
0.264346
0.421653
0.130259
0.066279
0.143746
0.251019
0.171623
0.147901
0.212820
0.170196
0.246622
0.199023
0.374975
0.113756
0.354496
0.157620
0.146788
0.207052
0.124105
0.327948
0.652119
0.296620
0.236974
0.180604
0.153989
0.610347
0.147185
0.137736
0.390432
0.217750
0.333695
0.152582
0.377695
0.159903
0.137726
0.411301
0.108534
0.170720
0.231117
0.268424
0.258043
0.206088
0.271625
0.232625
0.263917
0.170268
0.154818
0.236682
0.343699
0.395562
0.404191
0.261435
0.388231
0.206787
0.105363
0.090003
0.142329
0.267085
0.447069
0.240981
0.134511
0.405368
0.290430
0.154195
0.133992
0.261962
0.260155
0.276744
0.302298
0.300833
0.455892
0.294749
0.098145
0.095155
0.400571
0.161764
0.111785
0.189287
0.298460
0.182485
0.189453
0.240223
0.240914
0.204429
0.330401
0.296443
0.211810
0.079250
0.210184
0.193552
0.316165
0.356468
0.277917
0.056003
0.077276
0.670403
0.140649
0.363601
0.153174
0.097164
0.204665
0.132322
0.318276
0.160328
0.178130
0.329033
0.238076
0.413157
0.206423
0.345684
0.183860
0.259847
0.220500
0.187677
0.164467
0.155796
0.210370
0.374371
0.422886
0.269563
0.225867
0.162223
0.415940
0.252751
0.089403
0.143491
0.240568
0.170285
0.186753
0.244959
0.615149
0.122684
0.112803
0.174177
0.374112
0.291568
0.328583
0.112309
0.357329
0.204840
0.198896
0.355111
0.108134
0.225290
0.143724
0.186766
0.231346
0.188940
0.322023
0.373382
0.148187
0.184130
0.361330
0.265554
0.166533
0.180069
0.247323
0.125823
0.226193
0.323427
0.370209
0.405521
0.206785
0.126814
0.264929
0.092324
0.275487
0.295561
0.432358
0.127299
0.352105
0.240161
0.217272
0.294980
0.407562
0.397078
0.186893
0.216119
0.223992
0.553685
0.294780
0.270179
0.318816
0.211770
0.378087
0.207714
0.249132
0.380255
0.119307
0.149979
0.123674
0.149969
0.224013
0.149603
0.279597
0.211131
0.199199
0.244859
0.108596
0.242296
0.161475
0.486589
0.168036
0.263627
0.417634
0.183534
0.421492
0.184412
0.245109
0.351065
0.133147
0.362959
0.174790
0.264972
0.139961
0.146546
0.210588
0.210516
0.394216
0.128008
0.214115
0.331356
0.243705
0.254642
0.244760
0.161461
0.235873
0.193389
0.303308
0.291427
0.309721
0.641920
0.197230
0.252667
0.334713
0.141669
0.206104
0.397931
0.211115
0.195302
0.115884
0.187223
0.274157
0.206907
0.218652
0.522287
0.257713
0.104556
0.295482
0.196120
0.203927
0.262551
0.330951
0.341559
0.094262
0.185528
0.195847
0.119650
0.196137
0.236048
0.127399
0.114660
0.133657
0.303991
0.230919
0.483775
0.246944
0.212179
0.085477
0.102774
0.312899
0.461938
0.391747
0.362739
0.152860
0.364195
0.278515
0.082127
0.320495
0.373780
0.146437
0.124389
0.244662
0.280000
0.360618
0.206711
0.412984
0.415273
0.102099
0.274873
0.235370
0.344514
0.421817
0.117549
0.109821
0.204152
0.275230
0.158820
0.419242
0.222765
0.306616
0.216712
0.158222
0.429471
0.233877
0.279687
0.555629
0.193724
0.240520
0.122615
0.268910
0.220413
0.323641
0.276134
0.281334
0.296786
0.277687
0.192925
0.163836
0.203662
0.264622
0.156590
0.218044
0.404875
0.529357
0.127205
0.275416
0.278885
0.200053
0.373211
0.184129
0.279579
0.324566
0.492325
0.176305
0.266454
0.090761
0.312504
0.341794
0.380900
0.205706
0.209636
0.130973
0.292415
0.168389
0.176138
0.194909
0.127621
0.245281
0.089233
0.309437
0.083589
0.312936
0.240784
0.134549
0.468878
0.199876
0.268916
0.391084
0.304259
0.415472
0.304136
0.222410
0.198235
0.314733
0.112340
0.240611
0.418637
0.586057
0.284525
0.259014
0.211881
0.082172
0.272513
0.082160
0.153312
0.190239
0.117942
0.382601
0.172363
0.096323
0.268068
0.245486
0.311527
0.325550
0.272416
0.389483
0.320513
0.157598
0.340858
0.447527
0.276081
0.288745
0.275276
0.121287
0.437556
0.166891
0.287820
0.207128
0.209387
0.238033
0.349192
0.092961
0.400913
0.187127
0.247941
0.210757
0.095036
0.283742
0.311806
0.790891
0.320147
0.361613
0.410903
0.321919
0.239751
0.525837
0.407768
0.349308
0.160056
0.379928
0.267232
0.356223
0.324211
0.159739
0.239067
0.067813
0.192893
0.143118
0.152461
0.169627
0.392011
0.329914
0.182304
0.118938
0.135267
0.431714
0.367640
0.278385
0.155498
0.445964
0.261435
0.223848
0.534376
0.278223
0.098113
0.328718
0.196058
0.109836
0.205365
0.270925
0.240876
0.294919
0.180887
0.289078
0.114660
0.215680
0.209040
0.351526
0.339903
0.131183
0.155257
0.120983
0.273353
0.136572
0.274897
0.299538
0.249941
0.143805
0.329400
0.080231
0.257440
0.153488
0.285165
0.413118
0.181376
0.252497
0.306349
0.238519
0.294678
0.407974
0.418291
0.229438
0.360666
0.255968
0.363895
0.248842
0.355835
0.282258
0.284709
0.068783
0.228209
0.180561
0.267318
0.138158
0.169192
0.134454
0.277292
0.197127
0.196971
0.153997
0.336092
0.218548
0.288856
0.385254
0.111109
0.228534
0.460458
0.358418
0.116599
0.112520
0.321969
0.383080
0.279668
0.184925
0.379531
0.315851
0.361804
0.207588
0.054334
0.311183
0.194005
0.283928
0.109038
0.249469
0.122797
0.267705
0.154389
0.413791
0.150405
0.089109
0.100873
0.275999
0.119285
0.130004
0.281951
0.349606
0.349861
0.277589
0.205181
0.223584
0.224829
0.062584
0.396880
0.168947
0.421070
0.118292
0.263445
0.248322
0.387188
0.325123
0.354743
0.202439
0.105121
0.075731
0.319574
0.125679
0.239676
0.295667
0.190182
0.086544
0.165268
0.136524
0.269479
0.228788
0.117263
0.202799
0.095085
0.101545
0.415136
0.351619
0.230290
0.131427
0.315140
0.132190
0.287352
0.237425
0.134930
0.236046
0.370592
0.212826
0.167608
0.450765
0.641288
0.158959
0.182955
0.262284
0.171870
0.124929
0.224623
0.387048
0.149688
0.113465
0.238670
0.126536
0.267182
0.324246
0.352701
0.137573
0.297517
0.219256
0.073610
0.277103
0.144060
0.204477
0.156000
0.183071
0.270127
0.508518
0.074139
0.349526
0.228654
0.313462
0.273378
0.247093
0.252589
0.168441
0.159970
0.621363
0.299427
0.119124
0.350513
0.422119
0.131714
0.232199
0.430337
0.558993
0.456681
0.167791
0.487875
0.379788
0.247358
0.335985
0.231754
0.192024
0.479314
0.157247
0.193516
0.197304
0.325468
0.364672
0.167470
0.277797
0.301619
0.240615
0.186333
0.227575
0.321011
0.420156
0.149165
0.138482
0.222518
0.353101
0.278794
0.125308
0.137941
0.340639
0.263773
0.530905
0.232877
0.087007
0.416590
0.212172
0.250987
0.378809
0.095173
0.079573
0.300220
0.117278
0.276614
0.388792
0.323169
0.122286
0.143336
0.321812
0.154802
0.250992
0.363463
0.453769
0.337796
0.195433
0.134685
0.222254
0.479653
0.403674
0.244598
0.157401
0.297627
0.540811
0.148793
0.259694
0.392619
0.164169
0.130416
0.174116
0.388953
0.160264
0.176645
0.208401
0.151664
0.205660
0.386323
0.353098
0.077488
0.096903
0.236106
0.255602
0.142660
0.300672
0.188334
0.193674
0.216057
0.185473
0.470550
0.171794
0.214203
0.291868
0.340209
0.327912
0.353545
0.158490
0.289177
0.389702
0.162855
0.113878
0.346860
0.375815
0.150561
0.515739
0.145265
0.145350
0.249437
0.093186
0.213642
0.330687
0.182466
0.188582
0.361697
0.385085
0.208330
0.169737
0.418082
0.239838
0.391613
0.178864
0.234691
0.173801
0.260014
0.269536
0.110095
0.459482
0.372446
0.307055
0.238891
0.192161
0.213045
0.196779
0.189381
0.163338
0.193478
0.374139
0.323806
0.178805
0.272160
0.332947
0.149392
0.397795
0.337478
0.245693
0.095444
0.303583
0.383125
0.397783
0.284371
0.088654
0.312737
0.197712
0.203073
0.508421
0.070429
0.300177
0.315501
0.295040
0.147776
0.319294
0.200759
0.322828
0.222856
0.232927
0.125314
0.114597
0.272955
0.215820
0.135468
0.158251
0.261306
0.316821
0.192255
0.138482
0.257301
0.236157
0.177980
0.119342
0.281747
0.433374
0.164812
0.195748
0.105809
0.547296
0.129564
0.437820
0.227863
0.232680
0.114108
0.092981
0.155781
0.199300
0.151844
0.174361
0.701480
0.216489
0.348791
0.164875
0.239935
0.169838
0.145767
0.135218
0.100772
0.073770
0.397261
0.223841
0.251801
0.189015
0.381004
0.383927
0.407725
0.174058
0.262987
0.465993
0.465464
0.068478
0.282559
0.462592
0.211211
0.119425
0.475579
0.212677
0.105561
0.335562
0.085534
0.123383
0.251514
0.313658
0.256941
0.339446
0.246387
0.263758
0.202080
0.143707
0.353136
0.438740
0.306440
0.234138
0.336519
0.318803
0.100794
0.213842
0.253331
0.331831
0.287426
0.266214
0.204733
0.340195
0.113983
0.272241
0.291393
0.760829
0.080217
0.203631
0.402359
0.335765
0.235202
0.135624
0.159390
0.234901
0.470280
0.184628
0.141699
0.207912
0.559768
0.250745
0.110220
0.056064
0.225751
0.221587
0.168013
0.379525
0.382238
0.295010
0.200673
0.210450
0.211476
0.143952
0.156690
0.265168
0.345063
0.152185
0.367308
0.413220
0.258538
0.240380
0.184718
0.159515
0.280116
0.167115
0.264513
0.195827
0.186920
0.255001
0.170161
0.303768
0.180898
0.165425
0.196152
0.397300
0.127144
0.118027
0.203756
0.186194
0.199091
0.075716
0.223043
0.410969
0.134286
0.103267
0.193446
0.083671
0.184768
0.173153
0.287940
0.149202
0.124291
0.290903
0.242237
0.083819
0.162146
0.284162
0.136169
0.238654
0.370105
0.132228
0.212940
0.190423
0.355097
0.165495
0.293465
0.307573
0.108004
0.130688
0.234555
0.212051
0.183305
0.359011
0.293501
0.228532
0.413087
0.158830
0.211545
0.222308
0.210365
0.327113
0.379390
0.242612
0.237677
0.295702
0.209057
0.333654
0.126680
0.181741
0.249700
0.131023
0.196652
0.334842
0.127876
0.247922
0.323992
0.250667
0.204675
0.186200
0.295327
0.336075
0.194598
0.390969
0.498401
0.208718
0.089644
0.381910
0.206171
0.312121
0.340342
0.147980
0.326197
0.236544
0.142774
0.177154
0.185799
0.225845
0.496443
0.351673
0.170863
0.309393
0.219644
0.108132
0.293413
0.206456
0.252489
0.296056
0.157621
0.202829
0.315710
0.319271
0.172264
0.233160
0.278767
0.476103
0.163513
0.109847
0.273200
0.228264
0.450302
0.348747
0.208562
0.167417
0.127218
0.122993
0.137415
0.279908
0.198745
0.198663
0.128680
0.101416
0.148721
0.161716
0.105468
0.129633
0.156358
0.429797
0.097469
0.154321
0.163780
0.132752
0.283600
0.324987
0.163089
0.289853
0.240906
0.161764
0.204179
0.108962
0.388172
0.212227
0.572456
0.208516
0.225309
0.150671
0.349475
0.121127
0.367674
0.183835
0.217558
0.219443
0.268391
0.197431
0.212665
0.084026
0.217868
0.105073
0.131474
0.166542
0.245528
0.069563
0.201643
0.228397
0.330431
0.482548
0.187654
0.373816
0.277632
0.102780
0.264182
0.365925
0.216178
0.275312
0.099960
0.162633
0.207666
0.173768
0.315162
0.237447
0.266452
0.206004
0.216363
0.085874
0.287004
0.164730
0.219130
0.115880
0.161981
0.285107
0.325122
0.475195
0.295485
0.273256
0.352781
0.161172
0.447257
0.068292
0.366088
0.121829
0.332721
0.339801
0.183517
0.257216
0.145924
0.161919
0.187019
0.385476
0.352365
0.197786
0.133391
0.414409
0.239004
0.378805
0.201534
0.398625
0.315530
0.079662
0.153431
0.352784
0.159494
0.167394
0.218573
0.275471
0.232244
0.213587
0.089388
0.232226
0.169552
0.107800
0.348343
0.213609
0.351135
0.262090
0.402264
0.087430
0.137961
0.150081
0.057908
0.192364
0.543733
0.155711
0.139748
0.151712
0.204346
0.441572
0.201220
0.288493
0.199908
0.187763
0.194583
0.259691
0.354711
0.351190
0.198892
0.215995
0.266117
0.165971
0.322546
0.382812
0.185798
0.295969
0.128376
0.346967
0.244508
0.149555
0.356025
0.459110
0.137230
0.163833
0.156913
0.260849
0.118919
0.326906
0.216720
0.143992
0.190180
0.287489
0.142841
0.368181
0.149264
0.191738
0.390488
0.206105
0.466765
0.153478
0.404450
0.111687
0.235870
0.179569
0.668694
0.321544
0.159573
0.431750
0.313424
0.517166
0.251205
0.263116
0.290403
0.293178
0.201357
0.219023
0.249104
0.350866
0.223601
0.128642
0.349158
0.219829
0.304635
0.249882
0.193113
0.214554
0.165817
0.273804
0.272762
0.374230
0.255007
0.054809
0.217336
0.298828
0.172907
0.474283
0.239878
0.317422
0.254711
0.271460
0.135256
0.280839
0.252507
0.217451
0.224871
0.238249
0.623060
0.299974
0.197216
0.218929
0.075614
0.058127
0.119763
0.482855
0.125711
0.226021
0.104675
0.132609
0.297511
0.190492
0.294413
0.163338
0.260731
0.069920
0.152704
0.216449
0.247571
0.385285
0.265479
0.246995
0.205708
0.472418
0.051139
0.319470
0.377780
0.310741
0.185310
0.216529
0.206810
0.297905
0.265036
0.213298
0.080823
0.303420
0.132108
0.178771
0.174383
0.200442
0.133352
0.171840
0.245522
0.397484
0.145697
0.079863
0.217872
0.228223
0.205737
0.371071
0.120150
0.237459
0.338647
0.540462
0.199984
0.199705
0.153147
0.322608
0.262866
0.350053
0.154832
0.492874
0.274827
0.110490
0.236048
0.249119
0.478442
0.196040
0.484143
0.121742
0.251861
0.237450
0.206092
0.481572
0.281194
0.374913
0.324563
0.352006
0.362344
0.177239
0.317198
0.214217
0.159108
0.229112
0.158882
0.336167
0.115074
0.449192
0.089303
0.273847
0.198413
0.193624
0.191695
0.210085
0.258464
0.081247
0.468899
0.205878
0.225375
0.108111
0.075260
0.112414
0.254427
0.240217
0.201888
0.129418
0.336324
0.142372
0.332710
0.344995
0.241877
0.295076
0.328379
0.192638
0.457414
0.396810
0.182376
0.234491
0.305983
0.264641
0.119355
0.217904
0.186592
0.308500
0.262670
0.137238
0.372222
0.098527
0.106959
0.073371
0.173400
0.164648
0.246309
0.292103
0.134571
0.194922
0.250748
0.139308
0.323583
0.186103
0.237792
0.235715
0.137189
0.409039
0.163291
0.266948
0.280794
0.059298
0.095561
0.444404
0.227469
0.149887
0.113257
0.246593
0.183494
0.267295
0.105539
0.228122
0.208060
0.181302
0.137939
0.158214
0.236338
0.382699
0.265557
0.461103
0.467796
0.175794
0.415702
0.209228
0.411930
0.177172
0.244035
0.136066
0.407418
0.108463
0.153695
0.194926
0.592097
0.322345
0.352128
0.306865
0.139020
0.210874
0.401311
0.125817
0.188962
0.266252
0.176970
0.115011
0.185108
0.226459
0.244176
0.222013
0.201546
0.239373
0.095105
0.121817
0.305589
0.102039
0.119524
0.256890
0.207117
0.325423
0.132004
0.139702
0.238218
0.318146
0.298976
0.248363
0.230129
0.213553
0.162381
0.335855
0.477770
0.186959
0.269103
0.353930
0.401473
0.161429
0.122467
0.133427
0.194329
0.269938
0.223084
0.148247
0.280293
0.375636
0.199189
0.281577
0.269954
0.205022
0.276619
0.384967
0.271919
0.121128
0.162157
0.482589
0.153155
0.092512
0.215397
0.193759
0.247684
0.347763
0.212208
0.205012
0.096974
0.223481
0.145753
0.170452
0.139449
0.121510
0.743525
0.166523
0.327832
0.385893
0.245846
0.181932
0.206475
0.280965
0.374294
0.339824
0.284573
0.414244
0.118365
0.504070
0.193499
0.226721
0.341476
0.416694
0.185876
0.316093
0.368450
0.220296
0.183313
0.504855
0.294817
0.302383
0.394098
0.146711
0.136949
0.143473
0.172291
0.227986
0.232523
0.477018
0.155861
0.418511
0.246789
0.148383
0.382649
0.140363
0.222727
0.209955
0.150744
0.194044
0.266879
0.256704
0.218577
0.160396
0.244420
0.172148
0.379398
0.125165
0.425730
0.129003
0.264312
0.106461
0.368492
0.167057
0.172944
0.249988
0.128994
0.129319
0.177370
0.416158
0.251445
0.114637
0.227587
0.299382
0.397187
0.361236
0.374229
0.130212
0.494515
0.180415
0.222014
0.163041
0.197184
0.332062
0.263261
0.091452
0.237802
0.089172
0.201599
0.358769
0.309207
0.340471
0.159261
0.353124
0.361925
0.263484
0.185439
0.403530
0.582645
0.449197
0.085223
0.177725
0.169746
0.146741
0.268030
0.139175
0.147455
0.184794
0.400996
0.103742
0.177390
0.208264
0.339448
0.179374
0.180995
0.194168
0.322160
0.227851
0.305880
0.125980
0.428858
0.324546
0.252549
0.216351
0.091414
0.226817
0.072388
0.162205
0.139231
0.286065
0.446960
0.145862
0.173149
0.120700
0.259772
0.262083
0.374616
0.272323
0.247594
0.266279
0.210837
0.252456
0.635660
0.105296
0.140825
0.144949
0.201418
0.254342
0.270268
0.685119
0.132009
0.084629
0.384035
0.399260
0.056423
0.132281
0.304210
0.293514
0.198518
0.497897
0.170155
0.159879
0.257182
0.119407
0.174863
0.333910
0.117922
0.152686
0.272465
0.273461
0.394862
0.502790
0.198619
0.582491
0.177158
0.309579
0.449253
0.189404
0.167001
0.360296
0.180935
0.135127
0.299179
0.238155
0.326453
0.154582
0.208167
0.171466
0.347326
0.492605
0.262390
0.175548
0.338697
0.320088
0.160342
0.077228
0.123636
0.344909
0.362310
0.309803
0.177895
0.100095
0.245590
0.149481
0.241302
0.308619
0.150805
0.555186
0.245205
0.133524
0.286457
0.167050
0.218020
0.135998
0.300155
0.200225
0.070959
0.312497
0.226087
0.213673
0.354115
0.166758
0.441694
0.241561
0.223886
0.285743
0.256963
0.380027
0.156399
0.296841
0.386124
0.239030
0.139614
0.360773
0.257965
0.111657
0.218872
0.290134
0.272870
0.268582
0.241945
0.282290
0.292581
0.313964
0.177312
0.454159
0.175688
0.189727
0.299271
0.291309
0.307010
0.126857
0.177819
0.490941
0.121796
0.163854
0.229269
0.338511
0.322030
0.196684
0.518084
0.301191
0.321845
0.156350
0.192130
0.356560
0.206394
0.333349
0.285820
0.142490
0.289749
0.316346
0.145793
0.311811
0.080399
0.187092
0.149982
0.477178
0.131396
0.225314
0.394667
0.218985
0.071526
0.166690
0.169034
0.497377
0.314634
0.204294
0.148187
0.170191
0.093174
0.167969
0.275155
0.191949
0.255708
0.418156
0.667832
0.269969
0.090917
0.332696
0.102662
0.235942
0.529164
0.378922
0.292571
0.197791
0.227889
0.132317
0.121057
0.215435
0.317753
0.213231
0.069273
0.155560
0.226662
0.290560
0.080970
0.269476
0.166077
0.396583
0.090582
0.215284
0.221536
0.197008
0.290715
0.380068
0.115932
0.181679
0.144699
0.223745
0.427764
0.221660
0.192146
0.348582
0.074219
0.429100
0.065470
0.146833
0.334686
0.391752
0.087157
0.258259
0.081098
0.138025
0.163033
0.438154
0.104751
0.385107
0.030564
0.259476
0.078563
0.227345
0.136957
0.383901
0.198992
0.322793
0.100829
0.257612
0.230493
0.357414
0.489613
0.197581
0.305733
0.174372
0.155860
0.223425
0.159388
0.254981
0.278167
0.303343
0.717006
0.143209
0.122097
0.217499
0.269426
0.112565
0.159213
0.216183
0.191404
0.391187
0.628122
0.262141
0.361211
0.232430
0.099218
0.311806
0.198372
0.476097
0.182960
0.279843
0.142377
0.315463
0.351283
0.266794
0.217650
0.129886
0.191532
0.373359
0.397546
0.434575
0.455182
0.176872
0.388865
0.094218
0.120726
0.141766
0.344318
0.185933
0.296487
0.264116
0.068629
0.372346
0.213517
0.223044
0.087388
0.246889
0.396580
0.463990
0.236875
0.178630
0.234335
0.276924
0.137531
0.257086
0.488839
0.288625
0.396686
0.148806
0.153344
0.151496
0.443823
0.181249
0.181104
0.252717
0.162625
0.234757
0.126344
0.496834
0.108020
0.320831
0.128991
0.103857
0.130488
0.578172
0.182719
0.220265
0.330700
0.074743
0.136770
0.340820
0.399791
0.245088
0.239908
0.304927
0.282174
0.244252
0.195050
0.112035
0.521988
0.370481
0.288682
0.235512
0.157515
0.128767
0.300378
0.380611
0.233875
0.188303
0.280493
0.154650
0.198562
0.169892
0.443976
0.297150
0.115841
0.064511
0.191038
0.128723
0.241790
0.305440
0.159240
0.529719
0.488259
0.142139
0.538186
0.220000
0.233776
0.295137
0.159560
0.205755
0.213176
0.559106
0.099434
0.565321
0.208955
0.592883
0.179613
0.487471
0.211912
0.233125
0.068966
0.161004
0.094389
0.230583
0.105009
0.213831
0.301225
0.203777
0.077380
0.599000
0.260401
0.306040
0.370880
0.126398
0.315030
0.402844
0.166401
0.341891
0.369286
0.357812
0.390417
0.180507
0.251172
0.144518
0.203212
0.127038
0.298931
0.258758
0.214102
0.382292
0.333274
0.145211
0.167483
0.319039
0.307647
0.286104
0.588001
0.145336
0.201970
0.312163
0.177888
0.301691
0.323638
0.071599
0.280707
0.179110
0.210542
0.106997
0.264613
0.203740
0.179774
0.104448
0.351555
0.111143
0.282771
0.144702
0.237224
0.432259
0.404519
0.223828
0.481342
0.316031
0.112638
0.053710
0.327488
0.155428
0.147274
0.260832
0.377963
0.184680
0.259288
0.318938
0.234339
0.289004
0.221100
0.199610
0.271097
0.125188
0.289022
0.367227
0.202408
0.127823
0.153377
0.680325
0.270714
0.155574
0.199343
0.139670
0.180671
0.285666
0.180290
0.116355
0.193040
0.297473
0.292949
0.215469
0.251054
0.312301
0.239381
0.195715
0.239465
0.312802
0.429628
0.340363
0.249249
0.321142
0.216278
0.185287
0.442077
0.167230
0.317814
0.393997
0.392779
0.415126
0.432057
0.180420
0.251483
0.367768
0.102489
0.080319
0.293592
0.244859
0.268499
0.318561
0.246962
0.295695
0.228285
0.174547
0.319364
0.241592
0.336228
0.129513
0.188199
0.276743
0.176362
0.177570
0.095463
0.453671
0.469690
0.245929
0.466531
0.137729
0.075824
0.218762
0.391233
0.264110
0.223527
0.126937
0.306396
0.409935
0.385529
0.345057
0.334843
0.213490
0.163913
0.367146
0.185739
0.510894
0.062541
0.253383
0.186155
0.231754
0.309565
0.084290
0.458492
0.158494
0.224664
0.137670
0.129627
0.240002
0.143233
0.017867
0.287892
0.403642
0.305544
0.204048
0.308115
0.390191
0.214511
0.356750
0.142658
0.091491
0.255089
0.107112
0.056200
0.204310
0.233810
0.181621
0.336130
0.235904
0.218486
0.329305
0.249462
0.491073
0.159360
0.219685
0.209969
0.194280
0.250320
0.479355
0.382526
0.259655
0.344812
0.323863
0.174908
0.089226
0.219889
0.383292
0.290733
0.305693
0.336345
0.099133
0.213688
0.302380
0.419854
0.105352
0.121398
0.243856
0.330457
0.096021
0.176489
0.178179
0.201554
0.185469
0.280212
0.260959
0.283354
0.102718
0.564359
0.600094
0.299260
0.157337
0.241410
0.174176
0.146198
0.069161
0.319436
0.155484
0.101563
0.274543
0.294904
0.122926
0.182606
0.316438
0.297408
0.197699
0.236280
0.214655
0.185890
0.142191
0.260803
0.219230
0.360761
0.264983
0.496690
0.197299
0.351771
0.297305
0.216817
0.412039
0.271130
0.244545
0.434563
0.185357
0.286471
0.271098
0.184240
0.228885
0.384719
0.354681
0.298590
0.279894
0.166465
0.178724
0.179374
0.162929
0.053387
0.385286
0.334226
0.298821
0.205319
0.198669
0.343743
0.318110
0.369660
0.207391
0.275274
0.200841
0.235840
0.164421
0.360699
0.179759
0.415606
0.252555
0.275845
0.094356
0.235066
0.141604
0.355427
0.120563
0.298793
0.200624
0.255858
0.147314
0.082278
0.479041
0.307783
0.214084
0.320993
0.182175
0.275393
0.189942
0.105299
0.091979
0.252560
0.269552
0.307002
0.191304
0.203838
0.332851
0.165742
0.339492
0.159513
0.150475
0.120278
0.257137
0.167708
0.261025
0.301507
0.230546
0.237791
0.206518
0.206483
0.150835
0.223286
0.232351
0.363345
0.098333
0.335664
0.468047
0.297620
0.334809
0.323123
0.119556
0.233576
0.246836
0.082651
0.173070
0.235996
0.272498
0.250059
0.130082
0.234951
0.214237
0.067126
0.163134
0.310484
0.232699
0.167294
0.124861
0.144290
0.165849
0.318946
0.261579
0.206387
0.214987
0.179422
0.633560
0.075063
0.131520
0.288158
0.327589
0.297828
0.300180
0.342467
0.324613
0.101609
0.480830
0.259448
0.122214
0.109138
0.139621
0.232894
0.440783
0.182764
0.292288
0.197292
0.152289
0.216119
0.219205
0.246059
0.362266
0.110761
0.237202
0.080258
0.232215
0.462018
0.304605
0.271222
0.134939
0.364260
0.115223
0.189349
0.248618
0.306429
0.125815
0.303746
0.168867
0.102421
0.551139
0.137270
0.264792
0.391548
0.301393
0.303767
0.209930
0.140390
0.206397
0.280467
0.208332
0.135015
0.430093
0.198583
0.256605
0.277074
0.177445
0.303040
0.326704
0.170115
0.105076
0.279343
0.200111
0.282512
0.251251
0.354416
0.337775
0.148240
0.350505
0.452684
0.100218
0.117033
0.503293
0.261360
0.474234
0.209215
0.361159
0.303465
0.564117
0.148327
0.123424
0.210021
0.170353
0.145679
0.033724
0.236755
0.277667
0.217736
0.280159
0.224352
0.358673
0.292077
0.317134
0.199058
0.241242
0.190505
0.330184
0.568504
0.321234
0.150458
0.262530
0.133783
0.189093
0.383994
0.209198
0.253024
0.099501
0.173364
0.127150
0.301557
0.199083
0.217591
0.251473
0.207522
0.402463
0.184308
0.235243
0.107155
0.207229
0.548579
0.423490
0.154131
0.120895
0.264256
0.215803
0.132691
0.146885
0.271919
0.109058
0.196641
0.133783
0.194299
0.295678
0.169460
0.264990
0.182281
0.152527
0.125988
0.108828
0.226262
0.337823
0.252256
0.237023
0.156086
0.207814
0.205784
0.309141
0.217095
0.189906
0.292010
0.138054
0.442068
0.209133
0.254834
0.353457
0.341649
0.117618
0.163975
0.294441
0.157580
0.333413
0.224535
0.271556
0.385888
0.314990
0.424339
0.280112
0.249699
0.268498
0.485613
0.205632
0.360638
0.350786
0.271196
0.187752
0.220445
0.215794
0.453440
0.187400
0.129747
0.321690
0.379147
0.328381
0.207952
0.219477
0.152236
0.110850
0.260223
0.118868
0.143206
0.279827
0.204110
0.213413
0.238332
0.174990
0.126616
0.231874
0.112486
0.229331
0.200986
0.428878
0.240991
0.306163
0.111350
0.308230
0.128227
0.082573
0.435666
0.221377
0.306529
0.566869
0.272329
0.324520
0.179090
0.347996
0.261406
0.277341
0.147459
0.138020
0.133417
0.080253
0.357663
0.194075
0.191025
0.275011
0.264230
0.260745
0.172455
0.229082
0.336081
0.124911
0.087639
0.273033
0.355596
0.337008
0.153194
0.136821
0.134198
0.194009
0.139085
0.072410
0.218087
0.246888
0.227086
0.246565
0.171272
0.582320
0.196770
0.250378
0.103289
0.446986
0.210125
0.299612
0.271736
0.173057
0.240760
0.165512
0.368989
0.164480
0.090784
0.296124
0.428675
0.185559
0.142912
0.192198
0.137705
0.165936
0.213998
0.423949
0.222863
0.238245
0.232500
0.280841
0.446942
0.457926
0.152412
0.382876
0.209480
0.148407
0.409477
0.307621
0.226877
0.176435
0.558199
0.101624
0.350324
0.213741
0.347090
0.159275
0.498178
0.349212
0.175249
0.138898
0.072347
0.146089
0.201699
0.082752
0.132147
0.128955
0.209626
0.475470
0.332007
0.364223
0.282174
0.344083
0.207883
0.269444
0.236182
0.318540
0.269390
0.268657
0.400934
0.276901
0.249257
0.309856
0.200278
0.097861
0.111713
0.469773
0.492822
0.139827
0.212906
0.276443
0.346680
0.127077
0.249017
0.111562
0.143088
0.102131
0.175718
0.165262
0.074737
0.185507
0.289872
0.321326
0.077308
0.372304
0.277042
0.267081
0.247016
0.296581
0.470907
0.411264
0.249150
0.276868
0.199670
0.142712
0.338603
0.185252
0.163807
0.308127
0.301338
0.272518
0.381611
0.147820
0.180827
0.209252
0.311486
0.279211
0.293017
0.177867
0.538476
0.171171
0.317299
0.142552
0.155395
0.427905
0.296897
0.200755
0.287924
0.251647
0.333570
0.169021
0.448884
0.194492
0.422571
0.216097
0.418317
0.320499
0.135665
0.272020
0.269837
0.194684
0.254313
0.044846
0.236149
0.069234
0.126445
0.306547
0.138160
0.430358
0.274717
0.244744
0.322480
0.181837
0.292835
0.639709
0.241870
0.107108
0.188975
0.262442
0.261298
0.328590
0.262575
0.474763
0.314972
0.159359
0.395470
0.205953
0.175787
0.264908
0.329496
0.378390
0.333534
0.101269
0.150430
0.710049
0.281007
0.298732
0.166559
0.206530
0.392459
0.361590
0.305859
0.117395
0.073886
0.096368
0.198820
0.184297
0.101770
0.286527
0.359655
0.227227
0.360410
0.149336
0.164411
0.399307
0.190311
0.144502
0.302700
0.583912
0.256893
0.341983
0.305599
0.193209
0.145326
0.258817
0.140952
0.149460
0.181039
0.287432
0.236452
0.237460
0.297097
0.202953
0.176387
0.159483
0.319832
0.325427
0.294114
0.370110
0.213258
0.189635
0.183574
0.398553
0.123401
0.192019
0.271130
0.090948
0.131880
0.223379
0.299862
0.221096
0.133676
0.166976
0.260229
0.120775
0.183363
0.344310
0.085814
0.300159
0.320388
0.463552
0.260901
0.115482
0.306734
0.109516
0.394593
0.194874
0.220936
0.157377
0.253691
0.217947
0.443823
0.187742
0.228374
0.311780
0.126985
0.250849
0.131313
0.086294
0.103115
0.248611
0.207382
0.234218
0.133401
0.535944
0.344913
0.244747
0.137613
0.142314
0.157504
0.200146
0.572889
0.198466
0.100440
0.284833
0.439370
0.198313
0.303081
0.278383
0.264657
0.237969
0.399755
0.288913
0.196581
0.259671
0.268790
0.150203
0.175596
0.202948
0.129648
0.046277
0.330190
0.107847
0.192188
0.241836
0.477105
0.253589
0.125689
0.357612
0.451239
0.390485
0.139782
0.152789
0.363660
0.339137
0.454372
0.465646
0.278810
0.238634
0.249416
0.182556
0.253221
0.258542
0.341612
0.393330
0.204480
0.237080
0.279302
0.125781
0.174081
0.162774
0.083072
0.238770
0.242727
0.190111
0.294117
0.166614
0.348995
0.154303
0.268751
0.256876
0.265648
0.260435
0.246783
0.141064
0.186713
0.194352
0.236234
0.253531
0.260023
0.192086
0.300594
0.143000
0.251495
0.281419
0.219248
0.127468
0.112936
0.488853
0.264648
0.152447
0.142726
0.140272
0.406785
0.178022
0.402114
0.203441
0.281588
0.128589
0.106232
0.262028
0.243156
0.284375
0.259495
0.180429
0.034293
0.334637
0.318589
0.128891
0.405210
0.281950
0.088534
0.281897
0.217361
0.336105
0.306102
0.394209
0.394762
0.367675
0.383203
0.155870
0.346092
0.191863
0.105639
0.283490
0.224672
0.284338
0.452068
0.264923
0.301509
0.305369
0.805329
0.234840
0.287466
0.137858
0.232658
0.083588
0.190564
0.238677
0.200937
0.206455
0.091850
0.115353
0.124539
0.273474
0.294900
0.143845
0.266519
0.268302
0.252057
0.312799
0.234196
0.540016
0.448969
0.392491
0.268963
0.288084
0.359400
0.440782
0.395961
0.154505
0.217225
0.151161
0.180416
0.246279
0.248027
0.328009
0.102761
0.236520
0.075917
0.334478
0.391333
0.378547
0.234077
0.190048
0.294035
0.132573
0.246709
0.321610
0.283888
0.322497
0.350604
0.112315
0.333654
0.414785
0.197087
0.195321
0.202954
0.268273
0.501899
0.172101
0.190140
0.343110
0.230187
0.211551
0.230888
0.236810
0.383885
0.455887
0.126732
0.266429
0.181781
0.175317
0.319897
0.183321
0.350880
0.240661
0.200945
0.183059
0.293796
0.346386
0.090231
0.350662
0.326014
0.192394
0.165787
0.203705
0.183331
0.112940
0.212450
0.140879
0.207254
0.259582
0.078537
0.224243
0.181100
0.186114
0.220800
0.339006
0.400488
0.130535
0.149542
0.287358
0.125744
0.181357
0.238595
0.128862
0.334412
0.091970
0.231302
0.198947
0.265524
0.214488
0.248527
0.570714
0.430068
0.334649
0.283330
0.364986
0.178177
0.400542
0.283125
0.328444
0.071759
0.208942
0.191824
0.099764
0.262911
0.456231
0.354739
0.202644
0.232737
0.173800
0.071745
0.278707
0.264658
0.259496
0.262768
0.186787
0.549685
0.220995
0.181449
0.234969
0.131191
0.288258
0.095450
0.302098
0.318996
0.186786
0.261421
0.264238
0.416616
0.236905
0.190287
0.180947
0.213975
0.155921
0.315744
0.108135
0.240792
0.390806
0.139368
0.111498
0.209089
0.189871
0.119496
0.118931
0.243279
0.126035
0.272762
0.311481
0.235293
0.169162
0.167394
0.206913
0.099961
0.403626
0.248128
0.227654
0.477659
0.241226
0.095527
0.316727
0.122799
0.292715
0.235621
0.105234
0.455084
0.138839
0.254231
0.183782
0.156743
0.405816
0.257167
0.209504
0.311505
0.238612
0.057269
0.165585
0.287975
0.153246
0.239202
0.199119
0.213013
0.383728
0.353084
0.165410
0.278888
0.304404
0.190043
0.168460
0.202464
0.093788
0.393767
0.291367
0.255167
0.259542
0.277546
0.277541
0.311163
0.156150
0.274007
0.260668
0.359815
0.104321
0.183857
0.112765
0.159766
0.122885
0.151985
0.464315
0.137676
0.248723
0.385285
0.337111
0.468718
0.284592
0.179842
0.311386
0.222839
0.350734
0.466274
0.259011
0.225361
0.242228
0.111059
0.274706
0.255856
0.345969
0.316365
0.312761
0.208605
0.063754
0.198176
0.116582
0.435612
0.379000
0.263317
0.241108
0.252491
0.691988
0.125839
0.454612
0.210882
0.163207
0.280202
0.417831
0.185308
0.229339
0.188881
0.385842
0.093113
0.159506
0.273089
0.121804
0.259924
0.381080
0.306294
0.172912
0.410940
0.264250
0.289912
0.370588
0.221981
0.199175
0.129371
0.247810
0.165854
0.223918
0.262663
0.241878
0.547716
0.372051
0.088643
0.226748
0.318918
0.255428
0.130934
0.257458
0.348406
0.184586
0.175038
0.171797
0.342328
0.103492
0.200385
0.204378
0.241448
0.228759
0.159218
0.168602
0.196303
0.229889
0.334526
0.113070
0.233667
0.246130
0.387447
0.167342
0.329423
0.156114
0.207533
0.189544
0.191869
0.229508
0.211211
0.278973
0.182187
0.844688
0.148784
0.376529
0.159476
0.279847
0.352195
0.416830
0.467405
0.310248
0.364484
0.139696
0.352816
0.281268
0.235470
0.200485
0.130181
0.601603
0.116242
0.128857
0.226042
0.051896
0.128911
0.159891
0.166673
0.224964
0.113165
0.420974
0.380549
0.057019
0.302137
0.236952
0.228123
0.219301
0.209519
0.314532
0.254797
0.168376
0.205388
0.431079
0.219213
0.178989
0.146776
0.348314
0.340089
0.454019
0.080394
0.143851
0.348580
0.397172
0.299718
0.240602
0.366020
0.244523
0.310740
0.166146
0.296930
0.254881
0.366962
0.270654
0.242208
0.243004
0.439739
0.443172
0.355998
0.262593
0.176301
0.177846
0.342402
0.407398
0.132871
0.430436
0.369946
0.319474
0.510373
0.543453
0.100088
0.262509
0.165173
0.135851
0.288164
0.325681
0.177634
0.373131
0.196122
0.287457
0.226516
0.133639
0.347044
0.100706
0.081021
0.237986
0.256746
0.290717
0.223757
0.214956
0.222459
0.315749
0.224921
0.092908
0.175488
0.341891
0.131966
0.284452
0.230159
0.104892
0.380886
0.427010
0.248420
0.358642
0.153111
0.177042
0.253413
0.200397
0.468073
0.234766
0.315834
0.276111
0.316784
0.265612
0.250526
0.465487
0.227192
0.308834
0.433920
0.203874
0.257728
0.304319
0.136687
0.422705
0.331108
0.218901
0.433893
0.201394
0.313756
0.311940
0.223747
0.206893
0.191359
0.160466
0.203778
0.275860
0.164404
0.331893
0.246031
0.214924
0.267941
0.157901
0.052982
0.260307
0.195315
0.288193
0.136982
0.388393
0.304065
0.321581
0.184624
0.315648
0.137055
0.089083
0.357267
0.303108
0.150568
0.264923
0.220211
0.276741
0.168309
0.381199
0.288772
0.117587
0.276056
0.144180
0.227329
0.115600
0.189572
0.630366
0.172320
0.377097
0.120830
0.138587
0.219115
0.266785
0.272351
0.388241
0.200521
0.116633
0.117243
0.142480
0.322566
0.145967
0.265556
0.192004
0.086330
0.278353
0.232780
0.306328
0.127348
0.278890
0.154325
0.317960
0.155517
0.214705
0.503294
0.246246
0.136699
0.293874
0.272149
0.627848
0.207611
0.236875
0.182080
0.192570
0.171042
0.137521
0.062185
0.192369
0.171445
0.129157
0.240846
0.436229
0.161197
0.381193
0.162821
0.312294
0.144499
0.203730
0.162665
0.140462
0.105879
0.796118
0.242081
0.344172
0.394776
0.446013
0.417858
0.171030
0.209462
0.219212
0.207247
0.245063
0.243649
0.105177
0.115096
0.283089
0.473161
0.299446
0.211297
0.260959
0.269779
0.335060
0.274460
0.194536
0.205899
0.185456
0.295602
0.189528
0.157494
0.300253
0.121414
0.371586
0.177717
0.391515
0.207746
0.156746
0.143250
0.301659
0.287878
0.515738
0.228127
0.209821
0.207003
0.249211
0.104575
0.316931
0.157290
0.226969
0.158890
0.187456
0.236371
0.171547
0.375975
0.220592
0.230500
0.211081
0.210307
0.361262
0.270204
0.261777
0.220970
0.430861
0.338786
0.287683
0.200375
0.275661
0.363129
0.143490
0.301927
0.146960
0.238211
0.266331
0.256728
0.101285
0.090517
0.301828
0.211441
0.278878
0.267068
0.311526
0.157338
0.236736
0.586712
0.157885
0.205268
0.331058
0.342574
0.184672
0.111502
0.256181
0.285211
0.310504
0.258270
0.142092
0.260446
0.397598
0.405206
0.159151
0.235834
0.413978
0.162945
0.131537
0.357635
0.230951
0.404236
0.205354
0.190532
0.380300
0.165228
0.372265
0.329231
0.167762
0.253464
0.142125
0.459847
0.204500
0.169693
0.367068
0.251143
0.207348
0.223912
0.118985
0.155838
0.202543
0.182940
0.469029
0.395903
0.305193
0.250406
0.214125
0.095324
0.345162
0.104824
0.324456
0.304791
0.364452
0.230883
0.163787
0.424204
0.316842
0.053601
0.156436
0.398090
0.481810
0.210667
0.077607
0.209749
0.275694
0.074555
0.234790
0.140765
0.181414
0.151255
0.130277
0.254577
0.203399
0.230669
0.303063
0.406600
0.084399
0.425046
0.446238
0.220225
0.300762
0.541707
0.123465
0.182896
0.166920
0.102527
0.371406
0.238572
0.338743
0.071377
0.275724
0.170612
0.181976
0.134519
0.469069
0.470820
0.111893
0.338610
0.235048
0.160838
0.140100
0.210426
0.089913
0.230558
0.272220
0.116679
0.187961
0.105985
0.235096
0.343506
0.401502
0.216230
0.284810
0.309989
0.226259
0.155695
0.451234
0.389742
0.138803
0.252464
0.122494
0.239537
0.386742
0.318939
0.460470
0.248999
0.152044
0.137047
0.206739
0.177173
0.250464
