0.647714
0.509655
0.174036
0.228720
0.877275
0.833158
0.965769
0.255609
0.351672
0.854095
0.249840
0.981384
0.114124
0.219109
0.252782
0.299066
0.756267
0.859322
0.582216
0.407720
0.942924
0.125838
0.826248
0.104014
0.711309
0.160996
0.673580
0.257657
0.844207
0.454255
0.514143
0.491922
0.963909
0.688179
0.720642
0.841184
0.521337
0.686410
0.096792
0.873009
0.540505
0.346633
0.854394
0.654628
0.565742
0.107175
0.953694
0.322009
0.966497
0.535911
0.729728
0.909421
0.661748
0.555977
0.013435
0.373056
0.716974
0.687014
0.630713
0.561181
0.141270
0.144857
0.053103
0.105179
0.833036
0.773745
0.946363
0.354373
0.460155
0.043156
0.227383
0.000660
0.389788
0.081776
0.655288
0.955530
0.188952
0.608983
0.277539
0.155449
0.144893
0.007267
0.064870
0.806641
0.563244
0.078305
0.179698
0.280218
0.765319
0.810411
0.841399
0.906589
0.955267
0.894502
0.011769
0.788304
0.668247
0.958132
0.142677
0.128403
0.001288
0.370059
0.129063
0.391076
0.451836
0.784352
0.346606
0.640787
0.393335
0.624145
0.796236
0.538227
0.631412
0.861106
0.344869
0.194656
0.939411
0.524567
0.474873
0.704731
0.334977
0.316272
0.611320
0.290245
0.210775
0.623089
0.078549
0.879022
0.581221
0.221225
0.007425
0.582509
0.591284
0.136488
0.973585
0.043120
0.920841
0.320191
0.683907
0.314175
0.944335
0.480143
0.852403
0.575748
0.341249
0.197272
0.770403
0.280660
0.721838
0.245277
0.985391
0.056816
0.561549
0.596711
0.347061
0.772324
0.219800
0.425610
0.651346
0.801021
0.646834
0.658771
0.383530
0.238119
0.795259
0.357115
0.281239
0.716100
0.677306
0.965146
0.030275
0.621641
0.445289
0.882678
0.197389
0.786538
0.079950
0.967792
0.067198
0.801788
0.213069
0.052589
0.858604
0.774618
0.649301
0.205665
0.546942
0.869101
0.631274
0.198288
0.670122
0.278108
0.857059
0.053652
0.516228
0.652319
0.410767
0.797467
0.368419
0.088073
0.762613
0.398694
0.709714
0.207903
0.281372
0.907103
0.994442
0.361322
0.874895
0.061640
0.163110
0.087965
0.114229
0.021713
0.862584
0.763529
0.227378
0.409526
0.632630
0.858652
0.607814
0.302752
0.136760
0.464873
0.356404
0.652988
0.117192
0.767171
0.450455
0.485610
0.855244
0.213068
0.884304
0.564959
0.420971
0.165676
0.472062
0.415412
0.526998
0.346957
0.477051
0.690107
0.434922
0.591280
0.711821
0.297506
0.354810
0.939199
0.707032
0.987441
0.797851
0.314845
0.290192
0.934611
0.779718
0.646597
0.587599
0.896910
0.413769
0.038054
0.382520
0.269013
0.251122
0.266824
0.833972
0.672093
0.432500
0.306033
0.087504
0.959498
0.652991
0.564555
0.649606
0.087913
0.155836
0.361426
0.385419
0.510645
0.300625
0.092451
0.498086
0.098476
0.407296
0.788278
0.033087
0.187014
0.434875
0.620685
0.083924
0.848644
0.658739
0.466444
0.117657
0.909860
0.733268
0.951629
0.581953
0.165769
0.257662
0.669457
0.125266
0.910653
0.234013
0.774872
0.998566
0.389849
0.136298
0.383986
0.900494
0.436924
0.476436
0.398580
0.535400
0.883732
0.186858
0.568486
0.070747
0.621733
0.189171
0.154671
0.470377
0.847911
0.621114
0.588034
0.757771
0.354383
0.539663
0.339724
0.520152
0.797325
0.009181
0.645418
0.707977
0.243194
0.420290
0.706544
0.633043
0.556588
0.090529
0.533537
0.993511
0.566966
0.932116
0.528911
0.450698
0.118974
0.097397
0.521445
0.740707
0.286568
0.676115
0.211084
0.134479
0.297230
0.799118
0.892250
0.651613
0.338780
0.231974
0.171764
0.136104
0.241155
0.817182
0.844082
0.484350
0.237472
0.550626
0.117392
0.794060
0.641156
0.650929
0.787572
0.208121
0.583046
0.316483
0.658819
0.702020
0.413880
0.180264
0.442726
0.700447
0.856379
0.653810
0.834926
0.153609
0.452927
0.727176
0.805222
0.791707
0.959150
0.976986
0.927811
0.200305
0.794169
0.771893
0.684654
0.031641
0.322519
0.802047
0.825701
0.963674
0.452976
0.613274
0.171796
0.036021
0.929756
0.830615
0.738041
0.343636
0.010879
0.180767
0.044083
0.867258
0.834576
0.879010
0.020867
0.287503
0.606186
0.826089
0.079210
0.565335
0.803075
0.007021
0.765640
0.597244
0.778914
0.450295
0.628885
0.101433
0.252342
0.454587
0.065108
0.705318
0.067860
0.236904
0.741339
0.997616
0.067518
0.479379
0.341252
0.078397
0.660146
0.385335
0.945654
0.494722
0.264345
0.966521
0.782225
0.870530
0.792610
0.861435
0.435865
0.595686
0.868456
0.201506
0.192929
0.647371
0.651800
0.821814
0.748804
0.904142
0.276401
0.813912
0.609459
0.344261
0.050815
0.350799
0.341877
0.118334
0.830178
0.683129
0.196731
0.490324
0.068464
0.142386
0.985046
0.332809
0.108907
0.767272
0.203339
0.901517
0.628707
0.639204
0.497203
0.497163
0.840710
0.690132
0.144534
0.492510
0.511947
0.893337
0.396652
0.788348
0.707249
0.006111
0.132609
0.758065
0.356910
0.474486
0.876399
0.187088
0.157615
0.073130
0.677412
0.226079
0.215515
0.662459
0.558888
0.324423
0.429731
0.762226
0.225940
0.058437
0.401430
0.723144
0.555600
0.242140
0.413276
0.700134
0.734650
0.925223
0.593472
0.131302
0.713571
0.300721
0.137413
0.846180
0.058786
0.494324
0.320667
0.935184
0.681411
0.478281
0.008314
0.358824
0.704360
0.223829
0.021283
0.263248
0.548252
0.451013
0.025474
0.774192
0.509450
0.426904
0.497336
0.065051
0.669045
0.910612
0.765185
0.403695
0.835836
0.358656
0.534997
0.549407
0.659377
0.672410
0.395588
0.718163
0.166733
0.716254
0.653347
0.848145
0.194536
0.661661
0.206969
0.898897
0.885490
0.228251
0.162145
0.433743
0.679264
0.187619
0.207935
0.188714
0.614524
0.705271
0.253765
0.283568
0.615884
0.018949
0.687262
0.451720
0.377605
0.222259
0.001127
0.036982
0.894669
0.396715
0.755145
0.061403
0.112969
0.408492
0.909548
0.307505
0.070152
0.116516
0.206401
0.955643
0.344768
0.368546
0.389385
0.024032
0.556165
0.597320
0.212746
0.170688
0.302592
0.466511
0.454256
0.918476
0.485461
0.141519
0.370196
0.863066
0.363778
0.371322
0.900048
0.258448
0.768037
0.655193
0.319850
0.881006
0.063684
0.229398
0.188511
0.133837
0.345914
0.394912
0.089479
0.690682
0.763457
0.478864
0.714714
0.319622
0.076185
0.927460
0.490310
0.378777
0.393971
0.944567
0.297253
0.879433
0.086085
0.667449
0.742499
0.449864
0.038771
0.642547
0.708312
0.806808
0.297740
0.028162
0.687813
0.361425
0.257560
0.876324
0.495261
0.603474
0.271236
0.584741
0.294155
0.034694
0.063605
0.008869
0.354316
0.139790
0.936329
0.844626
0.518567
0.330301
0.789193
0.815820
0.209733
0.875278
0.483268
0.952233
0.325142
0.522038
0.594780
0.033453
0.328846
0.892519
0.061615
0.016660
0.253944
0.319175
0.892984
0.749205
0.922648
0.164220
0.333946
0.216804
0.198913
0.397550
0.225673
0.553229
0.537340
0.162002
0.397855
0.055907
0.492303
0.187048
0.871726
0.702036
0.062326
0.354994
0.654269
0.387468
0.877033
0.249048
0.420921
0.205879
0.141568
0.482536
0.222538
0.395512
0.801710
0.115522
0.144717
0.724358
0.279742
0.478663
0.941163
0.478655
0.876213
0.166836
0.031884
0.413554
0.328838
0.429740
0.469461
0.821141
0.616787
0.341187
0.523177
0.679113
0.696181
0.177446
0.066580
0.573214
0.426494
0.487501
0.779092
0.568062
0.970037
0.001630
0.963574
0.771747
0.117152
0.108291
0.496106
0.396894
0.586954
0.437268
0.875549
0.463167
0.604104
0.907433
0.876721
0.932942
0.337172
0.346182
0.754084
0.953960
0.687368
0.277261
0.633073
0.383549
0.454707
0.699653
0.956763
0.881201
0.187154
0.735855
0.449262
0.157191
0.737485
0.412836
0.928938
0.854637
0.521128
0.425043
0.251532
0.108082
0.862312
0.127081
0.571249
0.466416
0.034514
0.447970
0.399358
0.371686
0.794152
0.153442
0.325646
0.481520
0.430702
0.958718
0.865069
0.885409
0.658371
0.821832
0.766609
0.845525
0.557687
0.215872
0.002716
0.295172
0.628708
0.931654
0.149810
0.149836
0.356698
0.401342
0.257918
0.219010
0.528423
0.829167
0.685426
0.562937
0.277137
0.084784
0.934623
0.071289
0.238226
0.260269
0.552809
0.668929
0.218987
0.417878
0.554337
0.877358
0.239710
0.320947
0.722884
0.797397
0.536819
0.725600
0.092570
0.165526
0.657254
0.242380
0.315362
0.013952
0.643722
0.573279
0.232961
0.172145
0.402447
0.918387
0.735081
0.679584
0.003172
0.669704
0.750873
0.241398
0.929973
0.303682
0.910326
0.148960
0.721561
0.464663
0.026318
0.961271
0.785610
0.749202
0.758668
0.322429
0.474802
0.851238
0.487955
0.132056
0.093618
0.803318
0.146008
0.737340
0.376597
0.378969
0.909485
0.779044
0.297356
0.644566
0.458627
0.300528
0.314270
0.209500
0.541925
0.244243
0.513182
0.452252
0.393202
0.234742
0.916915
0.419520
0.196013
0.702525
0.168722
0.954681
0.024954
0.643525
0.805919
0.512909
0.775580
0.899537
0.316227
0.921588
0.636877
0.692824
0.300557
0.546362
0.471867
0.597913
0.190928
0.930495
0.898441
0.505197
0.139995
0.440367
0.749440
0.653177
0.892619
0.142643
0.887919
0.809534
0.562163
0.083932
0.512059
0.730886
0.038613
0.537014
0.374410
0.844532
0.049923
0.149990
0.744069
0.366149
0.071578
0.380945
0.058973
0.372135
0.927307
0.530840
0.970049
0.118235
0.461334
0.868489
0.623432
0.601330
0.308856
0.372872
0.254506
0.201475
0.515515
0.142426
0.011009
0.077678
0.226357
0.523068
0.808564
0.264970
0.060081
0.182974
0.109502
0.110004
0.332964
0.853571
0.476153
0.404542
0.234516
0.535126
0.776677
0.161823
0.065966
0.746725
0.280058
0.527301
0.615215
0.903490
0.128630
0.924070
0.276362
0.383137
0.125545
0.791877
0.525562
0.136554
0.869556
0.751920
0.659622
0.678119
0.016890
0.719703
0.861094
0.126392
0.829708
0.194057
0.979962
0.305861
0.598599
0.214479
0.840986
0.375276
0.376302
0.906953
0.122001
0.656361
0.434253
0.737216
0.559850
0.562884
0.661287
0.836213
0.946021
0.786832
0.628091
0.471583
0.923386
0.497646
0.223502
0.583008
0.175766
0.240393
0.302711
0.036859
0.366785
0.132418
0.230917
0.346748
0.438279
0.829516
0.561227
0.279266
0.204792
0.937530
0.186218
0.326793
0.593890
0.620472
0.064009
0.153740
0.183356
0.725296
0.989953
0.129376
0.512127
0.618043
0.600959
0.435513
0.115689
0.824461
0.018521
0.291455
0.064854
0.321232
0.328315
0.431638
0.453651
0.559231
0.778387
0.891930
0.388746
0.339613
0.171195
0.593538
0.277142
0.357413
0.920331
0.871032
0.977885
0.984340
0.024772
0.161241
0.709635
0.014725
0.290617
0.221763
0.632768
0.891577
0.657276
0.748457
0.716037
0.675797
0.039913
0.780892
0.997029
0.368227
0.212530
0.450680
0.927458
0.990917
0.342610
0.316205
0.330529
0.513805
0.909743
0.607671
0.871219
0.830074
0.478703
0.849105
0.814414
0.503475
0.010345
0.524049
0.518200
0.300962
0.745812
0.150968
0.192539
0.403088
0.899425
0.908577
0.078885
0.939338
0.689468
0.075914
0.307565
0.901998
0.526595
0.235023
0.892914
0.869204
0.551228
0.223444
0.383010
0.460971
0.831115
0.254228
0.291045
0.309819
0.103333
0.105459
0.813294
0.113678
0.629508
0.331494
0.414640
0.375320
0.482461
0.607179
0.778408
0.381886
0.515755
0.857293
0.321224
0.205223
0.933207
0.628789
0.107221
0.459802
0.863812
0.000135
0.329006
0.415040
0.223579
0.712016
0.876011
0.054694
0.966245
0.167055
0.364513
0.069577
0.272514
0.177807
0.183255
0.902021
0.509300
0.597896
0.277341
0.991761
0.205074
0.055749
0.373647
0.720830
0.913041
0.694871
0.926053
0.846249
0.323660
0.033274
0.306051
0.187472
0.033409
0.635057
0.602512
0.256988
0.347073
0.478522
0.311682
0.313318
0.645577
0.676195
0.382895
0.918091
0.854002
0.566150
0.820112
0.363302
0.164045
0.097453
0.355063
0.369119
0.153202
0.728710
0.089949
0.066244
0.423581
0.016002
0.912493
0.747241
0.049275
0.218543
0.934713
0.082684
0.853600
0.537225
0.339672
0.200673
0.015747
0.651355
0.513990
0.661324
0.327550
0.896885
0.579414
0.181551
0.463035
0.399526
0.544853
0.627080
0.496979
0.899915
0.996199
0.650181
0.628625
0.086148
0.716425
0.052206
0.102150
0.628918
0.799447
0.151426
0.847461
0.734160
0.234110
0.701061
0.271385
0.573782
0.901734
0.287132
0.225137
0.415724
0.948456
0.552687
0.312609
0.527870
0.734237
0.775644
0.927397
0.279090
0.402723
0.424376
0.179005
0.398923
0.074557
0.807630
0.485071
0.790982
0.859836
0.587222
0.419900
0.659283
0.738647
0.267361
0.393444
0.972757
0.968421
0.664829
0.546540
0.870155
0.951962
0.771676
0.285879
0.900418
0.324363
0.598488
0.428288
0.058601
0.374131
0.355685
0.337690
0.776855
0.780060
0.516695
0.175777
0.854618
0.324325
0.660848
0.645600
0.184161
0.248070
0.065500
0.843445
0.986717
0.332861
0.236888
0.959474
0.301282
0.901718
0.506014
0.171437
0.853680
0.277691
0.457317
0.754097
0.602054
0.055805
0.182386
0.660655
0.429936
0.538070
0.998345
0.206791
0.318131
0.515040
0.382568
0.172749
0.839366
0.043417
0.818348
0.023527
0.291487
0.883848
0.866972
0.278204
0.216709
0.103860
0.237678
0.517991
0.005578
0.743692
0.689429
0.859258
0.021383
0.146745
0.613355
0.623437
0.202550
0.795741
0.284091
0.632486
0.333811
0.282436
0.839277
0.651942
0.797477
0.221845
0.824691
0.636842
0.265262
0.643040
0.660369
0.556748
0.526888
0.527341
0.834952
0.743597
0.631201
0.072630
0.261588
0.636779
0.816322
0.951016
0.496037
0.837705
0.097762
0.109392
0.461142
0.300312
0.905133
0.745233
0.932798
0.238945
0.027670
0.772075
0.890888
0.825147
0.993920
0.715578
0.461989
0.259181
0.358618
0.122359
0.815930
0.885506
0.649700
0.650881
0.629103
0.280901
0.723511
0.890691
0.917680
0.539833
0.841708
0.413717
0.377538
0.939469
0.523109
0.838680
0.239782
0.428242
0.583914
0.172579
0.667187
0.611583
0.944654
0.558074
0.436730
0.938574
0.273653
0.898720
0.197755
0.632271
0.021078
0.013684
0.517777
0.670778
0.664566
0.146880
0.951679
0.388077
0.037571
0.869358
0.927910
0.879279
0.283075
0.305449
0.818750
0.806184
0.144130
0.058531
0.234427
0.728043
0.231110
0.901614
0.339627
0.175764
0.459688
0.776358
0.114338
0.733341
0.675077
0.312092
0.365612
0.696155
0.325777
0.883390
0.366933
0.990343
0.030270
0.318612
0.378420
0.067841
0.187970
0.306331
0.947120
0.471046
0.611780
0.765870
0.277230
0.755910
0.824400
0.511657
0.483953
0.055511
0.413271
0.823580
0.231275
0.872959
0.599937
0.345613
0.606300
0.275015
0.657706
0.971912
0.971170
0.983482
0.855302
0.338103
0.973825
0.885572
0.656714
0.352245
0.953413
0.844685
0.658576
0.900533
0.315730
0.270356
0.666403
0.592961
0.026266
0.490804
0.104617
0.510219
0.546315
0.517888
0.333799
0.777590
0.390847
0.933737
0.123203
0.997147
0.208751
0.780908
0.969060
0.179921
0.764390
0.824362
0.518024
0.738215
0.709933
0.174739
0.090461
0.663346
0.019423
0.749037
0.563879
0.335154
0.019393
0.230283
0.928115
0.045659
0.721087
0.032732
0.555878
0.267402
0.550620
0.889678
0.044992
0.941467
0.823414
0.168195
0.938614
0.032166
0.949103
0.907673
0.212087
0.713493
0.732035
0.730112
0.451709
0.441967
0.904850
0.542169
0.105313
0.924274
0.291206
0.669193
0.259427
0.310599
0.899476
0.187542
0.356258
0.620563
0.220273
0.912136
0.887965
0.770893
0.801814
0.932957
0.712360
0.625228
0.101153
0.650974
0.657394
0.050256
0.558648
0.869482
0.763749
0.290682
0.599593
0.215458
0.732650
0.504443
0.757627
0.837963
0.428716
0.048833
0.507156
0.688143
0.359432
0.406632
0.875685
0.715690
0.027195
0.095958
0.627827
0.915160
0.866851
0.429640
0.848118
0.579211
0.054868
0.949270
0.230186
0.712262
0.999526
0.788834
0.581744
0.763275
0.079516
0.181337
0.978733
0.812166
0.685780
0.736360
0.650129
0.114496
0.785194
0.157286
0.802640
0.144625
0.563918
0.678325
0.860316
0.591112
0.774283
0.488142
0.506273
0.641135
0.917782
0.354391
0.220346
0.972651
0.303661
0.450532
0.684913
0.303187
0.239365
0.266658
0.066463
0.318881
0.447994
0.045196
0.131047
0.133774
0.781556
0.781176
0.248270
0.566749
0.938462
0.050910
0.711375
0.502379
0.729234
0.571690
0.093492
0.503517
0.059832
0.599765
0.144651
0.977615
0.954156
0.364997
0.950266
0.257817
0.815529
0.635180
0.561004
0.054894
0.901837
0.627466
0.373775
0.349832
0.672662
0.504822
0.483605
0.454218
0.285998
0.731875
0.020967
0.224459
0.782785
0.732341
0.726839
0.512019
0.304031
0.820331
0.015537
0.363864
0.420096
0.160188
0.341479
0.374252
0.525185
0.291745
0.632068
0.340714
0.926925
0.193072
0.395608
0.828762
0.820539
0.769383
0.178594
0.493201
0.274204
0.662199
0.947418
0.560202
0.394075
0.968386
0.784661
0.176860
0.700726
0.511500
0.688879
0.004758
0.331831
0.704415
0.368621
0.751927
0.864604
0.710100
0.126179
0.389789
0.001845
0.758247
0.730503
0.928770
0.951319
0.126111
0.757532
0.771858
0.895494
0.936126
0.265058
0.169698
0.598325
0.212477
0.729901
0.992400
0.180862
0.514562
0.169260
0.881588
0.026062
0.858138
0.886346
0.357893
0.562554
0.254967
0.109820
0.427158
0.965068
0.235999
0.816947
0.966913
0.994246
0.547450
0.895683
0.945565
0.673561
0.653215
0.717423
0.569055
0.589341
0.982481
0.738753
0.187666
0.194958
0.468654
0.180066
0.375820
0.983215
0.349326
0.257407
0.009278
0.207464
0.143753
0.367171
0.770018
0.398720
0.476991
0.197176
0.363788
0.712991
0.014123
0.330701
0.707237
0.561573
0.226383
0.652802
0.235135
0.879599
0.370224
0.804190
0.468940
0.352705
0.542944
0.656606
0.547663
0.011597
0.836672
0.923483
0.994813
0.185998
0.180890
0.004091
0.393462
0.324643
0.371262
0.163480
0.723364
0.848253
0.360657
0.087151
0.561243
0.374780
0.417852
0.268480
0.936353
0.644235
0.921281
0.171488
0.523834
0.291506
0.975678
0.992774
0.644212
0.518621
0.649380
0.191875
0.530219
0.486052
0.115357
0.525032
0.672050
0.296248
0.529123
0.065512
0.620891
0.900384
0.228993
0.344255
0.748637
0.589649
0.431406
0.309880
0.964429
0.849257
0.578360
0.900783
0.493493
0.499642
0.072270
0.017327
0.791148
0.047948
0.010101
0.435359
0.566569
0.659481
0.627234
0.096788
0.145533
0.742592
0.621819
0.817584
0.038839
0.150942
0.883095
0.659730
0.051326
0.112089
0.003984
0.799963
0.701738
0.435390
0.109843
0.666168
0.284647
0.688204
0.566950
0.778140
0.187846
0.639220
0.795467
0.978994
0.687168
0.805568
0.414353
0.253738
0.465048
0.041587
0.350525
0.610582
0.784178
0.972345
0.428165
0.823017
0.123287
0.311261
0.482747
0.174613
0.423350
0.486732
0.974576
0.125088
0.922122
0.084419
0.791256
0.206769
0.772623
0.358206
0.984909
0.960469
0.997426
0.780376
0.939462
0.684595
0.585944
0.353815
0.938332
0.050993
0.395402
0.288858
0.661574
0.179580
0.261202
0.089740
0.002598
0.384489
0.401001
0.485345
0.559102
0.824350
0.972077
0.533677
0.949438
0.894199
0.618096
0.740693
0.100968
0.390719
0.098899
0.085877
0.351188
0.096325
0.866253
0.290650
0.780920
0.452198
0.644465
0.719252
0.503190
0.039867
0.008110
0.164764
0.219448
0.269312
0.254504
0.222046
0.653801
0.655505
0.707392
0.212903
0.479855
0.679468
0.746580
0.429292
0.573667
0.364676
0.169986
0.674635
0.755396
0.268885
0.760512
0.106584
0.365210
0.626765
0.397234
0.146130
0.078963
0.041699
0.865382
0.582153
0.081567
0.873492
0.746917
0.301014
0.142804
0.001421
0.523061
0.796605
0.656925
0.230451
0.009508
0.136780
0.909920
0.756088
0.566072
0.483587
0.120765
0.736058
0.158222
0.876160
0.004943
0.918734
0.982745
0.370153
0.545499
0.379978
0.516283
0.624462
0.421678
0.381664
0.206615
0.503244
0.255156
0.953531
0.804259
0.397960
0.954952
0.327319
0.194566
0.611878
0.557770
0.204074
0.748657
0.467690
0.960162
0.314729
0.951277
0.080927
0.050787
0.109499
0.957088
0.055730
0.028232
0.939832
0.425882
0.573731
0.319811
0.942165
0.198193
0.741488
0.323829
0.404807
0.244733
0.578985
0.358339
0.048991
0.976946
0.313292
0.376310
0.171512
0.925169
0.934081
0.375586
0.673827
0.401771
0.335748
0.988556
0.353048
0.416676
0.039343
0.462547
0.373764
0.095073
0.490779
0.313596
0.520955
0.064510
0.633407
0.463120
0.262703
0.374896
0.786950
0.667510
0.619629
0.365935
0.025849
0.668620
0.342881
0.339141
0.044930
0.514392
0.264310
0.979010
0.889978
0.938136
0.380782
0.225727
0.926693
0.733830
0.642402
0.966036
0.196376
0.016166
0.061109
0.687155
0.329762
0.582065
0.751665
0.963169
0.045185
0.014367
0.338066
0.832135
0.681878
0.957694
0.198070
0.707727
0.626314
0.540950
0.046868
0.671244
0.055343
0.311178
0.650255
0.945321
0.249314
0.031036
0.171047
0.176007
0.764866
0.813450
0.142043
0.961242
0.829615
0.203153
0.648397
0.159378
0.785218
0.400061
0.122547
0.830403
0.414429
0.460613
0.662538
0.096306
0.418307
0.860607
0.804033
0.044621
0.401557
0.850901
0.715865
0.456900
0.162078
0.366120
0.402220
0.411393
0.397156
0.573268
0.587400
0.162022
0.386717
0.729443
0.123264
0.216333
0.932596
0.771660
0.375711
0.717814
0.171722
0.498258
0.548216
0.586151
0.958871
0.210754
0.682458
0.377178
0.071361
0.486490
0.421799
0.472918
0.337391
0.137664
0.929817
0.499470
0.503783
0.332038
0.910863
0.900940
0.905306
0.498262
0.062961
0.292024
0.227706
0.186225
0.508357
0.160302
0.957886
0.884067
0.878116
0.129607
0.382325
0.426332
0.715758
0.341196
0.637086
0.398216
0.718374
0.708446
0.884707
0.140173
0.181365
0.222098
0.277837
0.111182
0.721568
0.781620
0.443221
0.632430
0.682559
0.348527
0.130692
0.745520
0.640551
0.358398
0.931745
0.148907
0.518699
0.889631
0.032975
0.396814
0.019238
0.415300
0.823146
0.734996
0.756495
0.460232
0.133212
0.474870
0.168678
0.017919
0.615042
0.350043
0.240016
0.892879
0.461225
0.961584
0.674499
0.904446
0.594014
0.357058
0.252973
0.724705
0.102579
0.893524
0.083103
0.034324
0.042431
0.601802
0.923955
0.075406
0.998617
0.943192
0.490705
0.821763
0.678189
0.247201
0.281995
0.811401
0.722070
0.450674
0.829320
0.337112
0.800716
0.069336
0.229991
0.261942
0.030920
0.904490
0.166388
0.624934
0.261549
0.419361
0.349640
0.364128
0.312885
0.432743
0.398452
0.355316
0.034546
0.322407
0.430721
0.033163
0.265599
0.921427
0.854926
0.943789
0.168628
0.136921
0.755190
0.890698
0.587594
0.584510
0.227810
0.388311
0.653846
0.457802
0.650252
0.684766
0.362292
0.816640
0.309700
0.623841
0.236000
0.659339
0.987969
0.548885
0.092082
0.386421
0.904201
0.126628
0.708828
0.334922
0.159791
0.974427
0.256348
0.014717
0.918216
0.424976
0.151638
0.673405
0.315673
0.739232
0.257915
0.543484
0.127542
0.911760
0.001285
0.777794
0.596526
0.363577
0.594434
0.906226
0.987418
0.830435
0.565565
0.975387
0.379320
0.657648
0.361807
0.283520
0.784275
0.070634
0.618442
0.944066
0.045061
0.874790
0.958783
0.963276
0.299766
0.110420
0.636681
0.615440
0.849652
0.894596
0.158924
0.977195
0.806356
0.160209
0.754989
0.402882
0.523787
0.349424
0.309108
0.511205
0.179859
0.874673
0.486592
0.559178
0.532320
0.848398
0.842699
0.316596
0.919033
0.461141
0.260662
0.964094
0.335931
0.219444
0.927372
0.635697
0.329865
0.564052
0.251137
0.179517
0.458649
0.410060
0.156712
0.265005
0.570270
0.911701
0.667887
0.094056
0.261125
0.976995
0.605261
0.440983
0.851668
0.091852
0.000162
0.383988
0.940251
0.842860
0.700583
0.859284
0.304001
0.961245
0.823379
0.639932
0.180689
0.750750
0.275629
0.510554
0.314802
0.526766
0.690071
0.773451
0.936826
0.846783
0.038456
0.507095
0.758484
0.706343
0.601152
0.019608
0.683338
0.206412
0.460592
0.535006
0.298264
0.460754
0.918993
0.238515
0.303614
0.619577
0.097800
0.607615
0.580821
0.921178
0.247547
0.761511
0.671928
0.523176
0.272065
0.986731
0.049942
0.962136
0.760182
0.986768
0.808919
0.798638
0.493864
0.567403
0.504980
0.095015
0.587011
0.188318
0.301427
0.047603
0.723323
0.599692
0.508357
0.642317
0.838207
0.811971
0.261893
0.936007
0.419586
0.842715
0.857185
0.667133
0.604225
0.529113
0.190309
0.876290
0.515844
0.240251
0.838427
0.276025
0.227020
0.647346
0.074663
0.720883
0.214748
0.579643
0.815899
0.801758
0.767961
0.117326
0.849361
0.491285
0.717018
0.357718
0.133601
0.555225
0.169688
0.395495
0.491232
0.589274
0.238209
0.348418
0.256408
0.842435
0.877531
0.446717
0.718725
0.393375
0.686968
0.557152
0.669400
0.913988
0.204497
0.744063
0.634872
0.419245
0.323706
0.450770
0.221004
0.091667
0.568096
0.070365
0.582952
0.285114
0.428083
0.716553
0.840340
0.597771
0.112048
0.331572
0.187045
0.350257
0.679989
0.443453
0.192692
0.557521
0.890170
0.911418
0.950896
0.577138
0.468570
0.620295
0.491126
0.673067
0.364358
0.125998
0.092312
0.688064
0.576768
0.313316
0.779730
0.144865
0.383681
0.362682
0.429979
0.811763
0.079235
0.270318
0.409534
0.191282
0.601890
0.596579
0.541540
0.281880
0.040032
0.734232
0.839401
0.930202
0.645650
0.790296
0.507339
0.114219
0.410591
0.998466
0.787287
0.774949
0.124464
0.879598
0.463012
0.701232
0.192915
0.242743
0.846097
0.576595
0.605424
0.276076
0.388358
0.684659
0.546394
0.797893
0.875941
0.148284
0.394472
0.417482
0.430164
0.434504
0.151713
0.269565
0.364705
0.797363
0.059860
0.872044
0.911583
0.470451
0.870510
0.698869
0.245400
0.994975
0.578467
0.708412
0.696206
0.771382
0.951154
0.542303
0.347977
0.556579
0.818379
0.736336
0.241238
0.364773
0.534228
0.117180
0.513057
0.928700
0.534661
0.943222
0.363204
0.686374
0.212786
0.727908
0.483737
0.272646
0.599953
0.395320
0.743097
0.470463
0.094189
0.988497
0.465438
0.672657
0.696909
0.161644
0.444039
0.648063
0.703948
0.792016
0.204642
0.522327
0.528352
0.445880
0.887100
0.062580
0.563060
0.400157
0.991280
0.097721
0.343378
0.354484
0.784096
0.556164
0.082393
0.267833
0.828810
0.682346
0.663153
0.571908
0.152810
0.757342
0.560404
0.618248
0.429998
0.257313
0.779892
0.874037
0.905376
0.483840
0.666053
0.110018
0.006167
0.194405
0.555899
0.893267
0.256985
0.118959
0.293423
0.248265
0.216680
0.636802
0.602749
0.000775
0.192966
0.685141
0.268608
0.021776
0.367487
0.931762
0.593684
0.520297
0.689103
0.154088
0.138545
0.119102
0.411401
0.918437
0.993139
0.316777
0.402277
0.659192
0.426796
0.408443
0.853596
0.982694
0.301710
0.110581
0.101653
0.595133
0.358846
0.318333
0.231935
0.961595
0.319108
0.424901
0.646737
0.587716
0.446677
0.014225
0.519478
0.040361
0.534522
0.208581
0.194449
0.673067
0.327683
0.605851
0.591504
0.320822
0.922628
0.993780
0.980013
0.349424
0.402224
0.833611
0.332118
0.703934
0.944192
0.433771
0.299067
0.303038
0.752104
0.531002
0.264633
0.071212
0.955903
0.911370
0.658928
0.402580
0.925595
0.178406
0.442941
0.460117
0.386987
0.637390
0.133184
0.714670
0.243241
0.724687
0.035492
0.165869
0.718467
0.015506
0.515293
0.120691
0.849116
0.847411
0.824625
0.793308
0.281182
0.123692
0.096346
0.033286
0.654694
0.360979
0.104498
0.610596
0.272350
0.763426
0.013176
0.197944
0.941831
0.456117
0.658061
0.328819
0.093508
0.791245
0.043490
0.336749
0.515932
0.078982
0.502618
0.234399
0.094488
0.017911
0.355091
0.943605
0.865323
0.179716
0.736913
0.146505
0.303408
0.833259
0.179791
0.958101
0.194238
0.284288
0.568697
0.466588
0.047714
0.581873
0.664532
0.989546
0.037990
0.322593
0.318365
0.131498
0.113838
0.361855
0.468247
0.629770
0.440837
0.970865
0.864169
0.535325
0.988776
0.219260
0.478930
0.854098
0.398976
0.215843
0.000603
0.702384
0.049102
0.180394
0.660485
0.243340
0.464682
0.229182
0.709929
0.512397
0.811056
0.374461
0.501943
0.849046
0.697054
0.820308
0.980545
0.810892
0.182163
0.448791
0.440662
0.623000
0.419656
0.304831
0.158325
0.408433
0.524091
0.637255
0.262532
0.923067
0.853098
0.263135
0.625451
0.902199
0.443529
0.285937
0.145540
0.908211
0.515119
0.855469
0.420608
0.326175
0.229929
0.922551
0.175221
0.926983
0.742859
0.155765
0.737876
0.925022
0.604557
0.178537
0.548021
0.024213
0.483368
0.706346
0.432646
0.007460
0.343600
0.695178
0.930527
0.196698
0.958312
0.555979
0.098898
0.401841
0.841916
0.244437
0.310052
0.357035
0.099906
0.730660
0.683210
0.329835
0.653210
0.858431
0.256818
0.396069
0.014197
0.994694
0.321091
0.618754
0.173231
0.869112
0.642967
0.656600
0.575458
0.075613
0.664060
0.919058
0.770790
0.594587
0.115756
0.729102
0.150566
0.214654
0.130944
0.992482
0.459091
0.440995
0.349517
0.558997
0.171655
0.032727
0.888832
0.824866
0.891158
0.145650
0.220935
0.905355
0.140344
0.542026
0.524109
0.313575
0.411138
0.167076
0.970175
0.986596
0.242688
0.634235
0.905654
0.013479
0.228822
0.021410
0.742581
0.379388
0.236064
0.873525
0.371871
0.695155
0.314521
0.721388
0.254153
0.486176
0.754115
0.142985
0.311042
0.645274
0.288635
0.531977
0.550629
0.428980
0.074003
0.074738
0.742555
0.485141
0.241814
0.712730
0.471736
0.484502
0.346964
0.377390
0.497981
0.575786
0.398800
0.240562
0.955175
0.634865
0.114087
0.327045
0.330020
0.428608
0.048433
0.584173
0.914784
0.802548
0.727158
0.225826
0.447822
0.015794
0.757803
0.998451
0.444773
0.831806
0.073190
0.187328
0.316947
0.315003
0.900057
0.788683
0.799505
0.247021
0.166073
0.297486
0.822808
0.564874
0.538048
0.777982
0.199739
0.652136
0.105027
0.529759
0.080744
0.153460
0.113932
0.995528
0.956009
0.841091
0.221354
0.403831
0.856884
0.979157
0.402283
0.301657
0.810963
0.475472
0.488985
0.127910
0.790475
0.389042
0.916593
0.589980
0.636063
0.082666
0.887466
0.458871
0.647540
0.425515
0.236852
0.847279
0.077650
0.341879
0.377038
0.158394
0.495339
0.490971
0.153922
0.451348
0.332061
0.375276
0.855179
0.188945
0.354433
0.257462
0.490602
0.165396
0.732934
0.979587
0.293306
0.523410
0.368629
0.209899
0.113390
0.004692
0.292566
0.000856
0.463563
0.940107
0.426370
0.700414
0.787386
0.504020
0.042294
0.164424
0.662414
0.537634
0.655394
0.816336
0.988981
0.987455
0.191613
0.844161
0.176400
0.546046
0.101623
0.667002
0.711442
0.834556
0.646589
0.004749
0.357966
0.015218
0.214648
0.471356
0.019910
0.507214
0.472211
0.483472
0.447320
0.898581
0.183887
0.234706
0.402602
0.226181
0.399130
0.065016
0.763815
0.054524
0.881352
0.752796
0.041979
0.072965
0.596957
0.218380
0.619011
0.698579
0.885382
0.330454
0.533136
0.531971
0.335202
0.891102
0.547189
0.549850
0.362458
0.567099
0.057065
0.834669
0.050571
0.504385
0.733250
0.234458
0.739090
0.135852
0.460639
0.138220
0.200868
0.224454
0.192744
0.082220
0.977250
0.234724
0.155186
0.574207
0.453103
0.774197
0.272786
0.338486
0.104650
0.805921
0.870457
0.439853
0.697024
0.417646
0.989703
0.059481
0.984745
0.046768
0.894151
0.035316
0.551153
0.627401
0.269775
0.290244
0.763252
0.730414
0.428464
0.964120
0.954868
0.621208
0.046340
0.932118
0.855931
0.201526
0.506324
0.309035
0.975723
0.779110
0.647521
0.080373
0.585032
0.517978
0.520225
0.282056
0.935624
0.509929
0.341537
0.920369
0.556697
0.235687
0.955685
0.107850
0.863088
0.225460
0.398094
0.626340
0.955874
0.826557
0.590460
0.910742
0.447766
0.636800
0.842860
0.303697
0.838326
0.349184
0.612732
0.814049
0.128294
0.260254
0.894421
0.713327
0.778232
0.414647
0.995382
0.713855
0.924576
0.336919
0.634224
0.481273
0.572607
0.589909
0.589123
0.435694
0.815369
0.987216
0.062035
0.771243
0.813774
0.652495
0.681985
0.261540
0.289295
0.524845
0.565238
0.127622
0.874029
0.177970
0.941670
0.002323
0.438224
0.836091
0.715650
0.216455
0.250738
0.711032
0.930310
0.175313
0.047951
0.564534
0.656586
0.620558
0.154443
0.245709
0.056252
0.969812
0.232926
0.118287
0.741055
0.046701
0.770783
0.423039
0.308241
0.060078
0.947884
0.873478
0.187699
0.821913
0.051448
0.129369
0.824236
0.489672
0.965461
0.539886
0.706127
0.216198
0.250918
0.636437
0.391512
0.298869
0.200971
0.048098
0.919427
0.355415
0.293807
0.975680
0.325227
0.526734
0.093967
0.066282
0.573434
0.864749
0.489321
0.881675
0.924827
0.437205
0.755153
0.112526
0.259118
0.806601
0.241895
0.083354
0.296273
0.207355
0.623240
0.002400
0.423553
0.874158
0.638837
0.815065
0.173027
0.839809
0.863163
0.092455
0.195223
0.156970
0.068134
0.520450
0.683703
0.162101
0.586731
0.257138
0.026850
0.076052
0.138813
0.951676
0.513257
0.893966
0.064202
0.772375
0.700567
0.306097
0.855729
0.996840
0.513452
0.478969
0.999240
0.937005
0.353127
0.638077
0.752070
0.526155
0.477886
0.615233
0.618610
0.673109
0.772202
0.686743
0.193559
0.455905
0.848844
0.780290
0.713043
0.875694
0.856342
0.851856
0.827369
0.369600
0.745822
0.891571
0.141975
0.446389
0.197668
0.997704
0.443229
0.711120
0.476672
0.442469
0.648125
0.829800
0.080546
0.400195
0.355955
0.558432
0.015427
0.974564
0.231541
0.787629
0.661307
0.425100
0.243535
0.510151
0.205390
0.956578
0.385845
0.061733
0.808434
0.213214
0.431333
0.554256
0.104786
0.573308
0.000645
0.302454
0.571011
0.443874
0.013574
0.047683
0.886343
0.661699
0.877484
0.966890
0.061894
0.233438
0.525322
0.077321
0.208001
0.756863
0.864950
0.869309
0.181963
0.108485
0.379460
0.387353
0.065063
0.765305
0.449086
0.873498
0.978519
0.880418
0.427753
0.083305
0.453726
0.428398
0.385760
0.024737
0.872272
0.399334
0.072420
0.758616
0.061033
0.949903
0.725505
0.122927
0.183341
0.250827
0.200248
0.391343
0.007690
0.065198
0.260652
0.189653
0.173683
0.640112
0.577006
0.238746
0.405417
0.026092
0.112244
0.383936
0.906511
0.539997
0.467242
0.360237
0.968394
0.853001
0.384974
0.840667
0.252335
0.457394
0.599282
0.313368
0.407298
0.324787
0.436295
0.590640
0.575615
0.636543
0.981982
0.583304
0.701742
0.242635
0.772958
0.875425
0.882747
0.349964
0.114171
0.288163
0.376056
0.226415
0.672099
0.282567
0.766412
0.139341
0.642804
0.734807
0.992341
0.027777
0.575473
0.244676
0.485171
0.174755
0.558044
0.892469
0.499542
0.994338
0.483109
0.075157
0.630882
0.465092
0.658462
0.332623
0.707726
0.431420
0.208048
0.590473
0.781384
0.322219
0.878636
0.157440
0.548634
0.550735
0.440006
0.315046
0.690076
0.082810
0.049852
0.682417
0.110587
0.625325
0.927093
0.595758
0.800080
0.485137
0.488228
0.299622
0.479476
0.971338
0.374779
0.110358
0.436429
0.033241
0.442981
0.144155
0.464661
0.651028
0.734628
0.246044
0.973247
0.613264
0.403484
0.521881
0.163999
0.843490
0.836927
0.854075
0.926300
0.886779
0.536492
0.036887
0.512103
0.463586
0.632646
0.312183
0.948723
0.120874
0.611805
0.428200
0.092212
0.986585
0.538557
0.528641
0.019826
0.981538
0.672796
0.484487
0.632566
0.407424
0.730531
0.605814
0.020688
0.134015
0.127695
0.184688
0.977506
0.964622
0.038762
0.903806
0.851400
0.575254
0.940693
0.363504
0.038841
0.573339
0.675687
0.987564
0.694214
0.287493
0.415763
0.786426
0.274078
0.954320
0.315066
0.293904
0.935858
0.987863
0.778390
0.568424
0.395287
0.508922
0.174237
0.415976
0.642937
0.301932
0.600663
0.620442
0.266554
0.639426
0.524248
0.117955
0.214680
0.464941
0.481459
0.253521
0.038280
0.157146
0.241085
0.732494
0.444638
0.656848
0.518919
0.718715
0.611169
0.833986
0.012619
0.547027
0.821849
0.791010
0.115451
0.217136
0.299931
0.289688
0.633112
0.942868
0.591620
0.233775
0.563310
0.858174
0.873201
0.087558
0.976130
0.087881
0.552498
0.457588
0.341402
0.590779
0.614733
0.582487
0.323272
0.059371
0.239335
0.842191
0.778087
0.850504
0.676177
0.790706
0.397531
0.498026
0.581716
0.512981
0.715162
0.881647
0.802670
0.348274
0.824515
0.394290
0.582049
0.387825
0.252464
0.455250
0.475383
0.228593
0.543131
0.027881
0.686181
0.884533
0.618660
0.300914
0.467021
0.941932
0.360285
0.706356
0.784123
0.138372
0.556860
0.460301
0.929078
0.954390
0.958327
0.510793
0.467371
0.673489
0.392440
0.270041
0.021764
0.216955
0.664330
0.603813
0.604780
0.916794
0.059064
0.080162
0.145388
0.602195
0.108043
0.831569
0.486729
0.726703
0.132482
0.953750
0.668635
0.492767
0.660105
0.452759
0.631138
0.216965
0.913060
0.560216
0.171355
0.871387
0.071009
0.638726
0.544877
0.463449
0.908767
0.566640
0.680404
0.573098
0.170453
0.285184
0.489893
0.229517
0.365347
0.635280
0.831712
0.473390
0.466849
0.318441
0.200093
0.599331
0.272191
0.868728
0.092098
0.932296
0.321486
0.723237
0.149261
0.234546
0.283453
0.320617
0.105933
0.354462
0.959344
0.650810
0.817912
0.868111
0.217450
0.498316
0.441208
0.387903
0.783500
0.931101
0.617420
0.148846
0.566381
0.449132
0.622237
0.033230
0.767573
0.822330
0.632561
0.039764
0.691058
0.724660
0.972060
0.012544
0.447897
0.121322
0.247090
0.731349
0.441938
0.353023
0.085812
0.401281
0.003832
0.903723
0.269392
0.221282
0.402039
0.710600
0.609185
0.185539
0.641701
0.226605
0.334385
0.208082
0.675737
0.956622
0.241312
0.443310
0.778951
0.873874
0.483073
0.470009
0.598533
0.455133
0.482553
0.046430
0.576455
0.729643
0.777780
0.018393
0.082666
0.863592
0.419674
0.086498
0.767315
0.689065
0.307780
0.169354
0.399666
0.916965
0.354893
0.041367
0.143569
0.689278
0.249449
0.819306
0.645900
0.490761
0.262615
0.424852
0.364635
0.745688
0.894861
0.963168
0.200822
0.377413
0.009598
0.777277
0.107056
0.787378
0.795670
0.189722
0.650970
0.215344
0.276219
0.418285
0.904410
0.583999
0.587639
0.304075
0.500964
0.942531
0.345442
0.644533
0.631810
0.594890
0.463838
0.277711
0.085652
0.726453
0.702562
0.450286
0.472141
0.597424
0.413454
0.672963
0.974836
0.423052
0.450240
0.081892
0.210431
0.245909
0.271614
0.861400
0.461253
0.547833
0.279685
0.365662
0.131833
0.867325
0.669737
0.632796
0.809856
0.015179
0.277329
0.441667
0.610070
0.741168
0.719378
0.695721
0.467622
0.421940
0.146008
0.939763
0.019363
0.559462
0.612726
0.994200
0.982515
0.062966
0.076092
0.192946
0.308875
0.347706
0.054346
0.770128
0.895539
0.334031
0.135790
0.027371
0.201356
0.805527
0.660168
0.011212
0.820706
0.937498
0.452878
0.430776
0.678665
0.172256
0.126498
0.146287
0.594195
0.272506
0.086049
0.613559
0.831969
0.698775
0.607758
0.814484
0.761741
0.683850
0.007430
0.070616
0.031556
0.061776
0.840743
0.927095
0.395808
0.976533
0.954466
0.597164
0.782060
0.614634
0.608375
0.602766
0.552132
0.061254
0.033543
0.230797
0.233510
0.160041
0.377083
0.827705
0.432547
0.463133
0.441264
0.264516
0.161908
0.049022
0.079000
0.923649
0.732872
0.086429
0.994265
0.764428
0.148205
0.835008
0.691523
0.544013
0.811540
0.645990
0.141176
0.593600
0.260624
0.749552
0.196366
0.812755
0.810806
0.229909
0.043552
0.044315
0.389950
0.420636
0.872020
0.822497
0.883769
0.313284
0.087013
0.045677
0.362306
0.166013
0.969326
0.095178
0.252442
0.963590
0.859606
0.400647
0.798598
0.551129
0.944659
0.610139
0.197119
0.085835
0.203739
0.457743
0.835386
0.400105
0.270499
0.646192
0.630014
0.314051
0.690506
0.019964
0.734687
0.562527
0.842461
0.618456
0.875810
0.929474
0.664133
0.238116
0.095487
0.633458
0.333294
0.347929
0.597049
0.192900
0.748576
0.395647
0.744029
0.693234
0.005786
0.941149
0.779070
0.209525
0.398891
0.614457
0.609629
0.669390
0.260649
0.239644
0.983442
0.951155
0.259608
0.718128
0.513681
0.102069
0.336584
0.389492
0.031543
0.000716
0.627608
0.127030
0.634175
0.960901
0.474959
0.231224
0.153801
0.223534
0.626872
0.897830
0.916769
0.632658
0.838980
0.695839
0.842182
0.237870
0.310296
0.451812
0.907261
0.570944
0.691455
0.890701
0.522100
0.951063
0.608830
0.035781
0.053132
0.945413
0.425273
0.084675
0.946130
0.052880
0.211706
0.580305
0.013782
0.686665
0.811529
0.167583
0.910199
0.438401
0.065414
0.826967
0.071059
0.904392
0.522806
0.913241
0.142263
0.833102
0.365053
0.049524
0.404047
0.056508
0.940226
0.926146
0.007571
0.549056
0.961928
0.060704
0.494469
0.387200
0.145379
0.440599
0.440081
0.357085
0.020905
0.453862
0.043750
0.832434
0.621446
0.953948
0.270836
0.686859
0.780916
0.341894
0.591252
0.303722
0.255135
0.733515
0.136825
0.620188
0.783040
0.540872
0.676696
0.723265
0.467018
0.684268
0.272321
0.428945
0.744972
0.766790
0.816146
0.890351
0.207390
0.256227
0.247436
0.228295
0.710089
0.291185
0.060729
0.331535
0.245134
0.331565
0.018394
0.026049
0.673459
0.609646
0.329772
0.928595
0.343162
0.466597
0.548783
0.126201
0.007469
0.225479
0.849466
0.474487
0.909747
0.121787
0.903432
0.654718
0.888578
0.719578
0.545069
0.095968
0.975805
0.792505
0.324262
0.685893
0.083690
0.384992
0.017428
0.328824
0.716557
0.035822
0.354873
0.390016
0.645468
0.684645
0.318610
0.988629
0.151242
0.867393
0.114830
0.158711
0.092872
0.964296
0.633197
0.002619
0.086083
0.536630
0.657338
0.974661
0.256207
0.202407
0.070629
0.232012
0.994912
0.394891
0.917905
0.078602
0.779883
0.935334
0.407426
0.496440
0.971155
0.762299
0.886456
0.616623
0.446944
0.205067
0.605253
0.598186
0.072460
0.720083
0.756897
0.165332
0.684379
0.390095
0.167952
0.770463
0.926724
0.825290
0.745124
0.182932
0.027697
0.815753
0.414944
0.022609
0.210644
0.332849
0.101211
0.990527
0.268182
0.508637
0.486967
0.239338
0.270936
0.373424
0.855961
0.717881
0.578490
0.461214
0.316067
0.650950
0.181296
0.072965
0.816283
0.865676
0.463059
0.984235
0.636138
0.389784
0.809524
0.381262
0.572716
0.837221
0.197014
0.987660
0.859830
0.407658
0.320509
0.961041
0.398185
0.588692
0.469678
0.885153
0.828029
0.740615
0.258576
0.683991
0.458495
0.837066
0.145204
0.774562
0.488017
0.326500
0.847527
0.304299
0.192176
0.310586
0.288534
0.828314
0.700370
0.098058
0.209576
0.273086
0.935279
0.406591
0.260746
0.795109
0.814249
0.581255
0.756150
0.212434
0.169947
0.225827
0.097587
0.997977
0.966442
0.356163
0.681967
0.424937
0.193228
0.827171
0.199499
0.681245
0.153671
0.047026
0.985544
0.345847
0.357612
0.274078
0.174162
0.057982
0.372136
0.383738
0.331068
0.307416
0.790328
0.591815
0.102524
0.604578
0.173070
0.858674
0.817012
0.343017
0.084502
0.914599
0.340994
0.050943
0.270761
0.022961
0.475880
0.463989
0.850132
0.675379
0.145234
0.003803
0.722405
0.130779
0.349650
0.080017
0.404857
0.523812
0.137999
0.776993
0.907550
0.469067
0.084409
0.697878
0.060881
0.186933
0.302456
0.233951
0.045607
0.119467
0.576968
0.130108
0.034066
0.917962
0.181052
0.304827
0.940923
0.656932
0.768816
0.791055
0.332311
0.914050
0.794858
0.054716
0.044829
0.144508
0.134733
0.449685
0.668320
0.272732
0.226679
0.575870
0.741798
0.311087
0.273748
0.802679
0.498020
0.576203
0.036631
0.543627
0.695671
0.613599
0.673735
0.729736
0.531561
0.854787
0.034563
0.472484
0.511719
0.803379
0.263538
0.844031
0.717429
0.058396
0.898748
0.762258
0.202904
0.033481
0.211944
0.871224
0.306212
0.438623
0.447094
0.048011
0.749710
0.720841
0.850690
0.247730
0.297045
0.887321
0.791357
0.992716
0.500919
0.465092
0.722452
0.032480
0.319880
0.757015
0.504964
0.831600
0.560394
0.768502
0.675630
0.277824
0.826898
0.574378
0.040082
0.029802
0.607859
0.252026
0.901026
0.914071
0.690649
0.348120
0.962082
0.440358
0.068962
0.812773
0.688088
0.366007
0.700094
0.479446
0.358723
0.201013
0.944538
0.081175
0.233494
0.264418
0.838190
0.738457
0.096018
0.398585
0.506959
0.771648
0.676409
0.333857
0.346026
0.716490
0.363659
0.953885
0.968516
0.264686
0.867956
0.659165
0.612807
0.830038
0.099523
0.681769
0.642811
0.787611
0.047776
0.342904
0.267057
0.406499
0.543917
0.211595
0.487674
0.777410
0.476013
0.325864
0.515868
0.572030
0.724449
0.022827
0.343678
0.400857
0.356684
0.689705
0.117347
0.720344
0.643589
0.085864
0.985029
0.511545
0.745028
0.597836
0.341583
0.844551
0.279604
0.984393
0.632163
0.327380
0.327297
0.899220
0.733878
0.871215
0.110814
0.221552
0.648625
0.586827
0.547416
0.164493
0.158858
0.271864
0.187319
0.502536
0.672721
0.544003
0.192241
0.790069
0.264347
0.835830
0.875933
0.249376
0.347375
0.620961
0.847212
0.688958
0.465513
0.126816
0.673351
0.097675
0.454195
0.000649
0.996895
0.188073
0.871863
0.107709
0.409625
0.520488
0.694536
0.957040
0.684980
0.853394
0.228905
0.872300
0.355930
0.901626
0.416304
0.548171
0.691695
0.680651
0.384001
0.567628
0.930027
0.731376
0.188589
0.777239
0.420333
0.654101
0.904054
0.093685
0.751777
0.358250
0.094333
0.748671
0.546323
0.966197
0.856381
0.955948
0.486684
0.550918
0.912988
0.171665
0.404311
0.141894
0.043965
0.760242
0.043520
0.460269
0.308413
0.735215
0.140919
0.692413
0.302843
0.070946
0.423789
0.491432
0.848185
0.844122
0.145534
0.752239
0.937807
0.897311
0.110489
0.032140
0.645982
0.656812
0.998336
0.502363
0.612761
0.485021
0.053281
0.525749
0.656686
0.457592
0.667643
0.700651
0.217834
0.711163
0.160919
0.526247
0.446378
0.301838
0.218660
0.749221
0.372784
0.642449
0.240653
0.220969
0.486571
0.386187
0.973207
0.424377
0.283497
0.083696
0.456518
0.929480
0.740509
0.454854
0.431843
0.353269
0.939874
0.485124
0.879018
0.596560
0.942716
0.546661
0.297211
0.160550
0.257823
0.458130
0.686797
0.704201
0.759968
0.905457
0.453422
0.132752
0.547905
0.694074
0.353721
0.034476
0.080262
0.326928
0.458854
0.363759
0.410625
0.915371
0.293239
0.151133
0.370225
0.725082
0.504402
0.310100
0.210206
0.383420
0.906660
0.152921
0.930081
0.203871
0.313471
0.187903
0.662000
0.000268
0.892105
0.421969
0.905725
0.345526
0.554721
0.453630
0.039601
0.908441
0.488105
0.119862
0.235370
0.946959
0.483621
0.645994
0.862330
0.776860
0.797127
0.232555
0.501942
0.301529
0.542655
0.712148
0.684948
0.449315
0.865069
0.615028
0.653186
0.178541
0.802932
0.315187
0.178809
0.695036
0.737156
0.084533
0.040562
0.291876
0.538163
0.080163
0.200318
0.026268
0.200025
0.435688
0.973227
0.683647
0.081682
0.835557
0.460507
0.878809
0.068112
0.962449
0.180338
0.610767
0.674597
0.865286
0.060082
0.539666
0.480314
0.713268
0.718207
0.283246
0.028455
0.897015
0.978282
0.765610
0.981548
0.018844
0.057487
0.519711
0.099007
0.257805
0.545979
0.299032
0.693492
0.519206
0.982679
0.775175
0.354762
0.443185
0.653983
0.422874
0.405634
0.834321
0.033641
0.080231
0.699607
0.093723
0.619897
0.179921
0.806992
0.338103
0.463166
0.835446
0.235118
0.441448
0.601056
0.216666
0.460293
0.658543
0.736377
0.559300
0.916347
0.282356
0.858331
0.609840
0.801562
0.841010
0.385014
0.156324
0.284196
0.038997
0.579199
0.689830
0.873318
0.612840
0.770061
0.572925
0.706563
0.389958
0.752845
0.513555
0.728061
0.216012
0.349000
0.963180
0.657460
0.950057
0.179846
0.117753
0.608600
0.916223
0.677052
0.524948
0.198580
0.535384
0.134787
0.000142
0.376394
0.519802
0.156466
0.660590
0.558799
0.735665
0.350420
0.432117
0.348504
0.120481
0.005042
0.055067
0.510440
0.757886
0.568622
0.238501
0.973898
0.917623
0.201681
0.631358
0.867679
0.381527
0.749111
0.476280
0.297751
0.426164
0.001227
0.496331
0.961548
0.136014
0.496472
0.337942
0.655816
0.652938
0.998531
0.214615
0.388603
0.348951
0.646732
0.737107
0.469432
0.651774
0.792175
0.979872
0.409660
0.360797
0.218373
0.383559
0.278419
0.420054
0.014917
0.146099
0.801581
0.764028
0.622378
0.099332
0.190192
0.623605
0.595663
0.151739
0.759620
0.092135
0.489681
0.415436
0.745073
0.488212
0.630051
0.133676
0.837163
0.276783
0.870783
0.306596
0.928557
0.662957
0.286468
0.338217
0.023754
0.504841
0.721776
0.302173
0.924896
0.736692
0.448272
0.726477
0.500721
0.070650
0.825809
0.690913
0.694256
0.421471
0.842652
0.453875
0.513605
0.332333
0.869311
0.258678
0.820545
0.499362
0.392354
0.657709
0.776145
0.263136
0.964306
0.704702
0.926094
0.250774
0.042920
0.949847
0.755615
0.764695
0.252021
0.680511
0.501388
0.700293
0.406988
0.002109
0.770943
0.232796
0.693022
0.465198
0.654267
0.535673
0.919073
0.167872
0.868007
0.788384
0.426550
0.688552
0.287746
0.818904
0.346261
0.063891
0.082041
0.310567
0.768594
0.008134
0.561340
0.811514
0.957982
0.316956
0.576209
0.210003
0.997467
0.077597
0.910296
0.404455
0.079706
0.681238
0.637251
0.772727
0.146436
0.291518
0.308400
0.065509
0.459390
0.176407
0.853893
0.885940
0.864958
0.141639
0.704845
0.211220
0.205531
0.786885
0.521786
0.974125
0.795019
0.083127
0.785638
0.753002
0.400083
0.361847
0.963005
0.397550
0.439444
0.873299
0.802005
0.519150
0.554537
0.439255
0.291877
0.700974
0.730773
0.600277
0.766483
0.190163
0.776684
0.620376
0.076103
0.641642
0.762015
0.780948
0.852862
0.967546
0.567833
0.374648
0.941671
0.362852
0.457774
0.727309
0.115854
0.857857
0.089156
0.078858
0.255406
0.528600
0.952157
0.057411
0.047750
0.506695
0.496666
0.339626
0.207668
0.227439
0.939904
0.974151
0.417602
0.716587
0.594526
0.493706
0.358229
0.356542
0.274653
0.211090
0.324088
0.842486
0.585738
0.265759
0.205338
0.043512
0.993068
0.321192
0.901369
0.082224
0.400049
0.156776
0.610824
0.352207
0.214187
0.658574
0.858902
0.710853
0.998201
0.066570
0.938292
0.938103
0.040721
0.355894
0.654690
0.635247
0.849600
0.012919
0.991789
0.124253
0.224009
0.315876
0.966739
0.809747
0.581635
0.172076
0.853259
0.574703
0.493268
0.754628
0.656927
0.893318
0.911404
0.267751
0.245524
0.125590
0.926325
0.104426
0.836443
0.924526
0.170996
0.774735
0.862629
0.211716
0.130629
0.517320
0.846963
0.980228
0.530239
0.838751
0.104481
0.754248
0.154628
0.071219
0.563995
0.736263
0.243296
0.417254
0.310966
0.736563
0.171882
0.967893
0.629881
0.083286
0.235644
0.875406
0.208877
0.161969
0.979831
0.045320
0.086494
0.150827
0.820055
0.949124
0.362543
0.950684
0.466443
0.209506
0.930912
0.996682
0.048258
0.035394
0.750930
0.202886
0.106613
0.314925
0.939148
0.349909
0.732178
0.250114
0.086473
0.904061
0.218006
0.716354
0.987348
0.453650
0.591759
0.196224
0.615618
0.571590
0.241544
0.702113
0.722417
0.061599
0.651237
0.084960
0.012283
0.117680
0.294466
0.943195
0.114362
0.342724
0.978589
0.865291
0.545609
0.085202
0.180216
0.484758
0.435111
0.912394
0.734871
0.521583
0.816455
0.952877
0.237937
0.803803
0.406527
0.829696
0.000027
0.022145
0.401286
0.241571
0.724258
0.123703
0.303170
0.375495
0.208663
0.315452
0.493175
0.503129
0.258647
0.607537
0.845853
0.237236
0.472828
0.391462
0.322438
0.653044
0.876219
0.757549
0.565439
0.611091
0.279132
0.381894
0.563968
0.517069
0.185697
0.970495
0.346766
0.185724
0.992640
0.748052
0.427295
0.716899
0.871755
0.730464
0.092393
0.080418
0.045917
0.585567
0.583547
0.304564
0.193104
0.429399
0.541800
0.665932
0.820861
0.864239
0.318976
0.697079
0.621787
0.884415
0.308170
0.900920
0.266310
0.872138
0.417989
0.452007
0.842633
0.764756
0.637731
0.835273
0.512807
0.065026
0.552171
0.384562
0.795490
0.644564
0.464979
0.841407
0.230132
0.048526
0.145971
0.423236
0.477925
0.687771
0.089168
0.298785
0.552010
0.408145
0.995865
0.173797
0.292560
0.304035
0.074717
0.558870
0.176173
0.492707
0.010876
0.018805
0.257462
0.648607
0.854078
0.770269
0.713633
0.406249
0.154831
0.509124
0.050813
0.619811
0.350531
0.280945
0.668336
0.496502
0.704180
0.146261
0.184273
0.793349
0.445047
0.736283
0.201494
0.440912
0.910080
0.494054
0.744946
0.984797
0.052923
0.921119
0.477504
0.063800
0.939924
0.734966
0.712407
0.794003
0.505236
0.426040
0.200252
0.660067
0.935164
0.251065
0.279877
0.285695
0.532009
0.948214
0.782197
0.236190
0.094475
0.966470
0.029539
0.539522
0.702752
0.231032
0.980433
0.612832
0.725086
0.725380
0.597629
0.778009
0.646499
0.075133
0.841809
0.586424
0.810100
0.554216
0.380427
0.315335
0.980257
0.580679
0.975402
0.915421
0.831744
0.255279
0.201116
0.363753
0.203493
0.983314
0.599943
0.297967
0.949783
0.629482
0.837489
0.652535
0.860514
0.817922
0.265367
0.585600
0.543302
0.862996
0.363609
0.189801
0.938129
0.205418
0.776224
0.748228
0.759634
0.156651
0.063563
0.739891
0.737329
0.038965
0.655312
0.569073
0.294244
0.856428
0.932826
0.497737
0.839742
0.532769
0.795704
0.789524
0.162250
0.633193
0.442059
0.022764
0.451115
0.707427
0.608364
0.994418
0.570422
0.971973
0.184218
0.508551
0.177391
0.960443
0.256780
0.937024
0.117093
0.320343
0.676915
0.854422
0.359308
0.332227
0.423495
0.653553
0.188655
0.356320
0.151289
0.028396
0.889089
0.946993
0.817921
0.051339
0.580186
0.259980
0.074103
0.031302
0.967407
0.682468
0.025719
0.537829
0.654440
0.209937
0.046381
0.831831
0.170379
0.303161
0.768856
0.287473
0.623504
0.445771
0.141894
0.982812
0.777998
0.565389
0.636365
0.966653
0.921710
0.787654
0.995049
0.810798
0.734647
0.812970
0.862137
0.314833
0.072950
0.936240
0.346135
0.040357
0.618708
0.371854
0.578186
0.273148
0.581791
0.624567
0.104980
0.752171
0.927728
0.873836
0.039643
0.551232
0.319607
0.181538
0.534045
0.097605
0.746927
0.170410
0.064259
0.668636
0.958064
0.059308
0.479434
0.692711
0.872278
0.341571
0.007545
0.945228
0.277811
0.353680
0.985585
0.896520
0.725534
0.563771
0.169668
0.307325
0.188338
0.274648
0.059496
0.116065
0.148484
0.099139
0.667297
0.468091
0.280676
0.201342
0.565696
0.027602
0.371752
0.629955
0.696239
0.329816
0.689263
0.175672
0.022528
0.561541
0.517243
0.030072
0.506768
0.795054
0.383752
0.492354
0.691573
0.109286
0.056124
0.861242
0.416611
0.244462
0.135889
0.476106
0.360528
0.284373
0.575245
0.027825
0.752464
0.855920
0.229167
0.318160
0.883523
0.600919
0.948115
0.579761
0.930736
0.637378
0.755433
0.953262
0.198919
0.272676
0.983334
0.705687
0.067730
0.367087
0.198041
0.759304
0.476373
0.254165
0.620546
0.892983
0.498627
0.756435
0.369089
0.859155
0.040808
0.944333
0.886980
0.793271
0.800255
0.116146
0.111432
0.683777
0.717066
0.059547
0.263539
0.647801
0.696925
0.018972
0.601063
0.895844
0.291648
0.584398
0.601531
0.359379
0.951485
0.799573
0.118683
0.427858
0.053737
0.739229
0.320841
0.552365
0.495663
0.689929
0.411519
0.536471
0.634263
0.298499
0.329743
0.434518
0.414645
0.441174
0.118296
0.131711
0.500722
0.381835
0.779511
0.197647
0.400807
0.380575
0.093491
0.692455
0.964972
0.695022
0.051834
0.916458
0.494594
0.170517
0.344315
0.548332
0.909745
0.665156
0.100696
0.405409
0.355085
0.512216
0.941879
0.989349
0.810715
0.271622
0.423867
0.225360
0.712796
0.542162
0.357071
0.213518
0.923997
0.136582
0.411164
0.324804
0.517156
0.504655
0.017259
0.482129
0.199677
0.069093
0.398587
0.694272
0.239610
0.742902
0.242603
0.149355
0.408058
0.343300
0.554764
0.763143
0.855516
0.496643
0.752492
0.666230
0.768265
0.176358
0.891590
0.481061
0.718521
0.248661
0.694579
0.642518
0.385243
0.105743
0.967322
0.902399
0.610398
0.984580
0.384529
0.810075
0.053673
0.783116
0.504346
0.293283
0.526018
0.746949
0.442638
0.934076
0.090249
0.997402
0.697218
0.945764
0.494045
0.449710
0.611994
0.262310
0.626068
0.503584
0.743371
0.344589
0.752245
0.437950
0.987107
0.137488
0.543693
0.954428
0.039888
0.154091
0.939009
0.424417
0.964166
0.992682
0.207533
0.468512
0.285966
0.733551
0.215462
0.728604
0.667627
0.305710
0.726006
0.364845
0.251474
0.220051
0.814554
0.863468
0.482361
0.440623
0.367053
0.225732
0.785212
0.119298
0.663682
0.772319
0.256787
0.207374
0.726748
0.296675
0.361465
0.665757
0.721092
0.325630
0.658439
0.928625
0.794143
0.944404
0.662176
0.009604
0.673008
0.329803
0.315314
0.399014
0.694648
0.566789
0.619066
0.509203
0.430257
0.101427
0.949825
0.797310
0.327159
0.735038
0.916608
0.990841
0.507357
0.173395
0.198216
0.234105
0.470069
0.559681
0.899862
0.191161
0.885311
0.558301
0.119786
0.679454
0.502705
0.781963
0.689058
0.175713
0.111766
0.004372
0.574728
0.806413
0.571161
0.193793
0.315616
0.001418
0.295220
0.265442
0.798728
0.622380
0.000480
0.715337
0.613221
0.507837
0.888731
0.811437
0.741942
0.358800
0.371118
0.641804
0.549962
0.256429
0.200105
0.669748
0.935884
0.702810
0.451711
0.624942
0.878523
0.563476
0.629314
0.453251
0.369889
0.200475
0.647044
0.685505
0.201893
0.942264
0.950947
0.000621
0.564643
0.951427
0.715957
0.177864
0.459264
0.604688
0.989301
0.201206
0.963489
0.360419
0.843010
0.513450
0.616848
0.043115
0.183199
0.552731
0.745926
0.634909
0.177673
0.624449
0.198386
0.806987
0.077700
0.568275
0.007461
0.724744
0.253781
0.209354
0.667008
0.204728
0.209975
0.231651
0.156155
0.925932
0.409515
0.615419
0.530621
0.398816
0.816625
0.494110
0.759235
0.659635
0.007560
0.376083
0.702751
0.190759
0.928815
0.448677
0.825668
0.106488
0.073126
0.024054
0.913474
0.150825
0.592330
0.920936
0.875569
0.846110
0.130290
0.542577
0.050838
0.340265
0.774229
0.206993
0.266198
0.183744
0.822411
0.796819
0.582560
0.639036
0.290929
0.341795
0.298672
0.298489
0.717878
0.001423
0.489248
0.646693
0.450099
0.314917
0.753181
0.523225
0.338971
0.666655
0.674050
0.931301
0.587591
0.549620
0.777411
0.717881
0.092197
0.828249
0.058146
0.866425
0.035241
0.324344
0.050169
0.857653
0.121163
0.632728
0.496689
0.412092
0.974524
0.795361
0.710581
0.692402
0.796784
0.199829
0.339096
0.246883
0.514746
0.092276
0.770108
0.853717
0.758931
0.444158
0.785018
0.346522
0.993777
0.562429
0.064403
0.085974
0.390677
0.122549
0.952399
0.425919
0.446892
0.002568
0.283571
0.568055
0.635296
0.780261
0.980147
0.609820
0.575621
0.690728
0.302223
0.372405
0.890557
0.641319
0.619288
0.405304
0.733594
0.389396
0.259021
0.492526
0.833554
0.044040
0.839048
0.827331
0.606468
0.903450
0.913305
0.997146
0.025999
0.865705
0.423065
0.472892
0.868272
0.706636
0.040947
0.503569
0.486897
0.021093
0.113389
0.062518
0.711822
0.415612
0.434924
0.602379
0.056930
0.054211
0.007682
0.790525
0.443608
0.266704
0.283051
0.277161
0.310743
0.122099
0.104493
0.917212
0.025550
0.017798
0.914357
0.051549
0.883504
0.337422
0.524441
0.751776
0.044059
0.565387
0.255345
0.530956
0.586480
0.368734
0.593474
0.298302
0.784346
0.028397
0.900680
0.841276
0.082609
0.908363
0.631802
0.526216
0.175067
0.914853
0.803377
0.485810
0.036951
0.907870
0.403022
0.062501
0.925669
0.317380
0.114050
0.809172
0.654802
0.638491
0.560948
0.698861
0.203878
0.816293
0.229816
0.790358
0.185027
0.823290
0.088660
0.969373
0.851687
0.989340
0.810649
0.934296
0.897704
0.442451
0.460513
0.072770
0.357303
0.263890
0.558580
0.394255
0.171760
0.961603
0.456756
0.097429
0.278982
0.570807
0.906601
0.933783
0.209297
0.467549
0.632644
0.413175
0.283841
0.862460
0.203534
0.468868
0.685749
0.292194
0.438241
0.537437
0.281535
0.248890
0.471733
0.179238
0.691340
0.932246
0.252009
0.048644
0.196135
0.810589
0.442899
0.367896
0.772191
0.899655
0.465324
0.051173
0.470461
0.371925
0.984956
0.679758
0.839474
0.617600
0.092934
0.123315
0.480060
0.296468
0.592183
0.165809
0.588662
0.030423
0.703246
0.870197
0.279313
0.174979
0.049435
0.970654
0.107224
0.301444
0.019298
0.303359
0.112033
0.462197
0.671255
0.884225
0.361851
0.136579
0.935397
0.832312
0.508505
0.920354
0.512070
0.347978
0.537954
0.605004
0.471293
0.018013
0.901472
0.063476
0.183822
0.490134
0.093899
0.887068
0.360331
0.373213
0.062046
0.409766
0.343866
0.169271
0.711210
0.363164
0.472630
0.823244
0.825361
0.143885
0.707468
0.187212
0.280464
0.642865
0.019524
0.788968
0.563219
0.531595
0.136947
0.101173
0.136599
0.608240
0.119186
0.038071
0.671716
0.303008
0.528205
0.765616
0.190076
0.888536
0.138828
0.252122
0.298302
0.482695
0.421393
0.009512
0.845859
0.894023
0.832756
0.671220
0.037908
0.540224
0.858431
0.318372
0.183089
0.877955
0.107340
0.746309
0.409550
0.244287
0.847481
0.546149
0.852527
0.966667
0.584219
0.524244
0.269675
0.112424
0.289860
0.459751
0.000960
0.428688
0.711874
0.299262
0.911383
0.133266
0.308774
0.757242
0.027289
0.141530
0.428462
0.065197
0.681754
0.286893
0.383568
0.864842
0.164848
0.490908
0.611151
0.574398
0.735196
0.458633
0.120546
0.587723
0.425299
0.704766
0.111968
0.694975
0.817190
0.401828
0.154726
0.818150
0.830516
0.866599
0.117412
0.741899
0.999865
0.426186
0.499142
0.027154
0.567715
0.927603
0.092351
0.249469
0.214496
0.475919
0.114312
0.379344
0.966828
0.725463
0.953742
0.702023
0.184095
0.074288
0.289747
0.609395
0.779054
0.401715
0.304369
0.596244
0.803543
0.459096
0.414394
0.634059
0.325694
0.531805
0.375958
0.325560
0.957991
0.875100
0.352714
0.525707
0.802703
0.445065
0.775176
0.017199
0.920984
0.889488
0.396543
0.887811
0.614951
0.350285
0.589834
0.799047
0.424574
0.879582
0.408441
0.203628
0.281296
0.712811
0.799872
0.084838
0.171906
0.214266
0.718896
0.497601
0.746071
0.094855
0.823161
0.704063
0.969955
0.175874
0.229769
0.772658
0.620939
0.004945
0.789856
0.541923
0.894433
0.186400
0.429734
0.509385
0.536686
0.019568
0.308431
0.961259
0.899149
0.716873
0.164887
0.180445
0.429684
0.964759
0.265283
0.601590
0.179025
0.984179
0.099191
0.925096
0.079034
0.922351
0.629159
0.048989
0.098226
0.858928
0.821647
0.719165
0.863873
0.611503
0.261088
0.758307
0.797903
0.690821
0.267691
0.334588
0.710390
0.576122
0.295848
0.609539
0.292995
0.460735
0.789984
0.722679
0.425495
0.055267
0.324269
0.604520
0.039447
0.423460
0.529616
0.118481
0.345812
0.158774
0.167470
0.444038
0.017702
0.989117
0.163203
0.881575
0.600619
0.424290
0.639882
0.398522
0.115112
0.907573
0.733110
0.825502
0.483696
0.028959
0.435041
0.776692
0.489694
0.225025
0.499370
0.915189
0.280292
0.823640
0.519708
0.319739
0.247100
0.049324
0.438220
0.592911
0.208098
0.605690
0.036949
0.225800
0.594807
0.200151
0.107376
0.195426
0.624442
0.747258
0.593948
0.739554
0.654832
0.327058
0.565056
0.138528
0.356017
0.000097
0.915219
0.845711
0.225122
0.414589
0.760899
0.505414
0.238229
0.280607
0.825153
0.485328
0.329931
0.263373
0.078239
0.538028
0.869064
0.115188
0.763828
0.463870
0.315339
0.871204
0.659295
0.939780
0.618462
0.253243
0.679334
0.273293
0.580301
0.244390
0.411821
0.936318
0.244487
0.327040
0.782029
0.469609
0.741629
0.542928
0.975023
0.979858
0.823535
0.800176
0.465186
0.153466
0.063549
0.543426
0.691494
0.932613
0.658614
0.455323
0.396482
0.973952
0.326527
0.055778
0.913733
0.944989
0.309021
0.593068
0.218282
0.889323
0.837457
0.630103
0.825640
0.081945
0.957143
0.607670
0.551553
0.698773
0.150598
0.526576
0.678631
0.974133
0.326752
0.143817
0.127599
0.390301
0.687243
0.819093
0.322914
0.345856
0.274416
0.719396
0.319809
0.600943
0.775175
0.233542
0.545931
0.084195
0.826609
0.764213
0.973518
0.664067
0.394316
0.799158
0.746012
0.351459
0.406828
0.297565
0.050232
0.557426
0.824141
0.728863
0.531560
0.150893
0.872679
0.659159
0.541195
0.559922
0.478251
0.864108
0.905779
0.752667
0.583505
0.225587
0.353610
0.358679
0.459129
0.899541
0.442874
0.285739
0.663754
0.416392
0.949806
0.058070
0.215551
0.695818
0.409530
0.622378
0.993383
0.459762
0.179805
0.817524
0.188625
0.711364
0.968417
0.061304
0.370523
0.509612
0.621227
0.848774
0.373721
0.527005
0.601442
0.957226
0.752593
0.955051
0.315905
0.211722
0.854591
0.758780
0.497461
0.518346
0.175172
0.447267
0.576416
0.390722
0.143085
0.985946
0.013101
0.136468
0.445707
0.192906
0.953992
0.634332
0.904270
0.922410
0.695636
0.274793
0.432021
0.316863
0.123567
0.805741
0.843868
0.725008
0.762967
0.596461
0.680059
0.078872
0.808183
0.534651
0.837651
0.305644
0.052996
0.012822
0.752911
0.629412
0.403545
0.895996
0.615357
0.416645
0.032464
0.061064
0.609551
0.986456
0.695396
0.513821
0.908865
0.391032
0.788613
0.340886
0.707895
0.912181
0.146627
0.551763
0.637189
0.909594
0.148224
0.317248
0.988465
0.956407
0.851899
0.826116
0.262050
0.904895
0.838938
0.014961
0.534307
0.242483
0.910958
0.149665
0.659129
0.943422
0.210729
0.268680
0.929877
0.906125
0.782501
0.838742
0.297157
0.571114
0.179628
0.005053
0.483295
0.326255
0.556816
0.120484
0.235849
0.705040
0.437733
0.224314
0.661446
0.289632
0.050430
0.923497
0.194527
0.889369
0.938457
0.728835
0.131853
0.849414
0.878499
0.790981
0.792836
0.089228
0.059661
0.722713
0.995354
0.842162
0.561455
0.292511
0.413276
0.741083
0.297563
0.896572
0.067337
0.854379
0.017055
0.303186
0.559419
0.454788
0.527500
0.220865
0.744420
0.577930
0.144362
0.938947
0.467299
0.082819
0.667782
0.599152
0.932234
0.546281
0.390133
0.725070
0.635509
0.449794
0.447783
0.630863
0.291956
0.009238
0.923373
0.705232
0.750320
0.220937
0.601803
0.817657
0.075316
0.618859
0.120843
0.634735
0.073646
0.648343
0.855600
0.818066
0.226274
0.999962
0.757013
0.693574
0.082781
0.424794
0.292725
0.015015
0.971076
0.682858
0.740085
0.606585
0.132652
0.187868
0.237447
0.424608
0.197106
0.160820
0.129840
0.947426
0.381757
0.731643
0.765084
0.457073
0.350502
0.885928
0.091808
0.424148
0.534271
0.947408
0.242215
0.760544
0.947371
0.999227
0.454118
0.030151
0.424022
0.746843
0.045167
0.395097
0.429701
0.785252
0.001682
0.562354
0.973120
0.239129
0.986962
0.170226
0.399949
0.116802
0.117652
0.781706
0.848445
0.882736
0.238779
0.198947
0.768663
0.330587
0.623096
0.302934
0.277995
0.865310
0.063479
0.225365
0.864538
0.517597
0.255517
0.288560
0.264440
0.300683
0.683658
0.694141
0.085935
0.685339
0.256495
0.059055
0.924468
0.243456
0.229281
0.324417
0.360258
0.346934
0.106123
0.208704
0.229670
0.344902
0.407651
0.998333
0.675489
0.030747
0.301268
0.953484
0.896057
0.364747
0.178849
0.760595
0.882343
0.434366
0.049155
0.146783
0.735049
0.732813
0.840924
0.820985
0.418152
0.097418
0.880040
0.342620
0.340875
0.109321
0.667037
0.701133
0.456255
0.773159
0.909837
0.685925
0.118062
0.317488
0.684259
0.793551
0.348235
0.985527
0.747034
0.244293
0.350273
0.925883
0.004888
0.232616
0.360249
0.054044
0.379399
0.095299
0.786856
0.220323
0.916283
0.205008
0.317742
0.796323
0.547628
0.658616
0.905644
0.214665
0.359750
0.361899
0.987825
0.269587
0.047825
0.105886
0.587075
0.732083
0.899436
0.935310
0.717609
0.646471
0.179603
0.067883
0.572354
0.184491
0.300499
0.932604
0.238535
0.679898
0.027902
0.025391
0.900221
0.944185
0.230399
0.217962
0.740508
0.778028
0.876579
0.646152
0.992693
0.236328
0.008052
0.980517
0.505915
0.055876
0.086403
0.092990
0.787960
0.985840
0.028300
0.505569
0.632311
0.207903
0.573452
0.204665
0.392394
0.873951
0.137268
0.630929
0.553849
0.165170
0.656320
0.454069
0.109355
0.886719
0.672031
0.849863
0.664747
0.548610
0.496016
0.657439
0.784938
0.504068
0.637957
0.290852
0.559944
0.724360
0.383842
0.347904
0.710200
0.412141
0.853473
0.342511
0.620045
0.426925
0.547175
0.012438
0.300875
0.684444
0.643367
0.854724
0.849614
0.299687
0.308793
0.958970
0.186407
0.980824
0.808833
0.851153
0.529433
0.304849
0.508593
0.314371
0.808916
0.146549
0.605223
0.368860
0.870909
0.989064
0.716764
0.581109
0.401206
0.570237
0.923620
0.021250
0.997162
0.470795
0.033688
0.298037
0.155239
0.677056
0.152761
0.004853
0.976743
0.461554
0.963823
0.163149
0.442378
0.772656
0.014303
0.971811
0.077505
0.522895
0.286182
0.886421
0.669445
0.891404
0.255281
0.540354
0.880469
0.972045
0.121463
0.281675
0.542282
0.045082
0.302925
0.539444
0.515877
0.336613
0.837482
0.671117
0.013669
0.990243
0.675970
0.990411
0.451797
0.639793
0.153561
0.894175
0.412449
0.167863
0.865986
0.489954
0.690759
0.152168
0.376375
0.360203
0.043572
0.631657
0.900557
0.924041
0.603702
0.022020
0.205716
0.145984
0.067102
0.508641
0.685429
0.582980
0.845254
0.522910
0.254096
0.858923
0.513153
0.930067
0.849335
0.964949
0.569860
0.002895
0.859124
0.982309
0.170759
0.725110
0.472264
0.861517
0.877277
0.848639
0.221721
0.920849
0.480296
0.122278
0.844891
0.083998
0.144297
0.050607
0.229982
0.211399
0.559248
0.915410
0.794379
0.404502
0.438320
0.048475
0.263425
0.951472
0.978542
0.112760
0.916421
0.548402
0.115655
0.775546
0.530711
0.286414
0.500656
0.002975
0.147931
0.377932
0.851614
0.369652
0.298782
0.331909
0.491929
0.143672
0.415907
0.636226
0.194279
0.645889
0.847626
0.753527
0.561298
0.642004
0.158029
0.999618
0.690479
0.421454
0.951091
0.669022
0.534213
0.867512
0.217423
0.649869
0.643058
0.748134
0.936283
0.143713
0.751109
0.084213
0.521646
0.602723
0.453865
0.820427
0.934631
0.945794
0.964100
0.350539
0.582021
0.158379
0.996427
0.429646
0.911905
0.557726
0.071651
0.069935
0.557344
0.762131
0.491388
0.508434
0.431152
0.025602
0.375946
0.648575
0.675470
0.019004
0.396709
0.611752
0.162717
0.147818
0.695965
0.684363
0.750540
0.149830
0.504790
0.685172
0.095624
0.468890
0.035711
0.677645
0.627269
0.032138
0.107292
0.539175
0.589864
0.178942
0.609109
0.147207
0.941073
0.100497
0.655642
0.372225
0.126099
0.031588
0.020800
0.801569
0.050592
0.417509
0.413321
0.213309
0.565326
0.109287
0.897672
0.315867
0.259117
0.402461
0.001039
0.354741
0.871351
0.036750
0.032386
0.498620
0.068888
0.139678
0.037795
0.658751
0.318620
0.646904
0.805959
0.259693
0.747401
0.461599
0.631918
0.873501
0.493187
0.652718
0.675070
0.543779
0.070227
0.088391
0.757087
0.635553
0.197678
0.654758
0.951420
0.456795
0.057220
0.952458
0.811536
0.928571
0.989209
0.843922
0.427191
0.058096
0.983600
0.464986
0.716847
0.302220
0.111890
0.522805
0.561913
0.859292
0.984405
0.193832
0.732792
0.477591
0.846549
0.407862
0.021370
0.916776
0.496253
0.778457
0.552329
0.693931
0.433216
0.503749
0.150725
0.490436
0.456207
0.962262
0.419006
0.445416
0.806183
0.846198
0.503511
0.789783
0.311183
0.220358
0.092003
0.423073
0.743164
0.653916
0.282365
0.727568
0.847748
0.015157
0.205159
0.694297
0.423018
0.226529
0.611073
0.919271
0.004987
0.163402
0.613202
0.438202
0.667150
0.763928
0.928638
0.123358
0.726189
0.347644
0.568773
0.532372
0.193842
0.072285
0.322155
0.505025
0.292643
0.414158
0.928099
0.035807
0.068074
0.210463
0.763374
0.915822
0.225620
0.968534
0.610119
0.648638
0.195063
0.221192
0.567910
0.200049
0.384594
0.181112
0.638251
0.051745
0.945039
0.566889
0.175103
0.671228
0.914534
0.743876
0.203600
0.108376
0.816162
0.525755
0.613401
0.108804
0.939913
0.541500
0.144611
0.007987
0.751963
0.907985
0.923809
0.977583
0.876519
0.533929
0.626222
0.071582
0.755121
0.194131
0.271631
0.139716
0.375243
0.909882
0.191460
0.320282
0.476772
0.366563
0.991510
0.391306
0.110439
0.195110
0.499682
0.926600
0.720865
0.113083
0.035405
0.660778
0.654583
0.180015
0.668765
0.406546
0.088001
0.592574
0.384129
0.964520
0.126503
0.010350
0.036101
0.881625
0.204481
0.307732
0.021340
0.579725
0.217615
0.212800
0.900007
0.694387
0.579363
0.891517
0.085693
0.689802
0.086627
0.585375
0.616402
0.807491
0.698458
0.651807
0.468269
0.353041
0.831822
0.137034
0.759587
0.919823
0.729608
0.143716
0.884342
0.856110
0.154066
0.920443
0.737735
0.358548
0.228175
0.759075
0.938272
0.445790
0.971874
0.838278
0.140177
0.551237
0.729795
0.225870
0.241039
0.816422
0.811245
0.857442
0.623914
0.509703
0.509248
0.092183
0.862744
0.341070
0.229217
0.622330
0.260893
0.958825
0.766046
0.145235
0.814936
0.920113
0.065678
0.552671
0.278660
0.293853
0.311745
0.216933
0.739643
0.283619
0.055211
0.879820
0.834857
0.785007
0.105690
0.075896
0.601429
0.916936
0.933337
0.225342
0.426639
0.442585
0.317526
0.289382
0.783655
0.546742
0.911713
0.044548
0.505567
0.677759
0.189783
0.320503
0.597872
0.255461
0.873173
0.876533
0.549314
0.184918
0.093465
0.288957
0.468538
0.148676
0.168777
0.303394
0.933682
0.274467
0.379290
0.535111
0.191402
0.312627
0.760454
0.618041
0.755213
0.077979
0.907424
0.538868
0.624722
0.819137
0.583416
0.130289
0.496896
0.773200
0.450791
0.094769
0.028660
0.323964
0.971301
0.577975
0.508882
0.064766
0.866932
0.977420
0.213442
0.035709
0.280813
0.147125
0.310176
0.660103
0.682236
0.501578
0.972731
0.442690
0.119619
0.727943
0.520669
0.027042
0.266811
0.145391
0.846179
0.850227
0.275679
0.343076
0.623426
0.726471
0.437844
0.652087
0.050435
0.409146
0.230061
0.559317
0.473912
0.096993
0.536736
0.687355
0.132701
0.817549
0.834480
0.442877
0.477653
0.516716
0.944455
0.450383
0.959407
0.064074
0.178326
0.480076
0.091116
0.445137
0.625467
0.937295
0.295364
0.901146
0.280371
0.918790
0.627616
0.718216
0.570877
0.678051
0.127362
0.800938
0.237368
0.601274
0.897931
0.774104
0.288628
0.030632
0.591654
0.123108
0.473509
0.069306
0.639824
0.417964
0.519690
0.599231
0.482038
0.698016
0.079307
0.573154
0.143153
0.704773
0.510450
0.438517
0.605919
0.790822
0.357307
0.233536
0.509037
0.928184
0.911586
0.636399
0.729122
0.148954
0.237672
0.627053
0.923058
0.526301
0.657685
0.514711
0.649409
0.131195
0.584018
0.289233
0.549159
0.103707
0.888464
0.031197
0.801724
0.967771
0.604352
0.944877
0.672544
0.114801
0.383394
0.278463
0.905623
0.740701
0.511999
0.414660
0.668885
0.423586
0.051059
0.398007
0.572540
0.288731
0.025060
0.495598
0.815032
0.682745
0.010310
0.464441
0.813940
0.594327
0.753674
0.363098
0.698035
0.642139
0.394295
0.499759
0.609909
0.998647
0.444635
0.282454
0.113448
0.828029
0.560917
0.019071
0.568730
0.072916
0.433731
0.237614
0.496502
0.484790
0.635621
0.069042
0.773521
0.660681
0.564640
0.588554
0.343426
0.574950
0.052995
0.157365
0.169277
0.806669
0.520464
0.867312
0.448808
0.914759
0.367070
0.058717
0.913406
0.811705
0.341171
0.026854
0.639734
0.902088
0.045925
0.208464
0.975004
0.479657
0.446078
0.471506
0.964446
0.081699
0.540547
0.737968
0.742380
0.105187
0.326521
0.085806
0.680137
0.379516
0.243171
0.849414
0.186185
0.763635
0.716726
0.634993
0.678393
0.083796
0.693711
0.591799
0.895501
0.034882
0.618653
0.535235
0.936970
0.664578
0.743699
0.911974
0.144235
0.189777
0.383480
0.108681
0.271476
0.924027
0.846649
0.013856
0.029214
0.173170
0.099662
0.709351
0.552686
0.342833
0.558765
0.738872
0.106467
0.275490
0.373865
0.784861
0.359286
0.067575
0.376660
0.254787
0.102457
0.995313
0.790022
0.039427
0.659891
0.533721
0.951401
0.804126
0.723498
0.334881
0.912807
0.994974
0.258908
0.759456
0.008830
0.288122
0.932626
0.108491
0.997473
0.485312
0.451324
0.556239
0.224184
0.557792
0.831729
0.598048
0.342652
0.191015
0.665624
0.719313
0.445802
0.768081
0.714626
0.235824
0.807507
0.374517
0.769546
0.758909
0.178643
0.493043
0.093789
0.091450
0.488018
0.352697
0.850907
0.496847
0.640820
0.783532
0.605339
0.638294
0.268844
0.056663
0.194532
0.493028
0.614454
0.026260
0.091076
0.957106
0.217275
0.756700
0.676419
0.663077
0.524781
0.391045
0.898902
0.332288
0.765562
0.668447
0.091197
0.944206
0.161491
0.184986
0.035656
0.649508
0.537684
0.886562
0.146355
0.178504
0.670094
0.751694
0.816797
0.938938
0.808357
0.011328
0.431966
0.422811
0.037589
0.523042
0.379917
0.254864
0.279742
0.056336
0.917942
0.804523
0.447381
0.816843
0.136811
0.212943
0.485291
0.228007
0.157149
0.646781
0.412994
0.192805
0.296290
0.950678
0.079367
0.442645
0.129181
0.749461
0.194339
0.945978
0.688399
0.002695
0.957306
0.120365
0.425506
0.994895
0.643408
0.805423
0.249759
0.923150
0.861760
0.167701
0.727672
0.309140
0.984545
0.864482
0.522083
0.469835
0.092490
0.679232
0.116617
0.505484
0.872036
0.412907
0.456161
0.951404
0.855551
0.585343
0.700864
0.049890
0.531320
0.389263
0.052585
0.488627
0.509628
0.478091
0.483522
0.153035
0.283514
0.733281
0.076185
0.145273
0.900982
0.803856
0.454413
0.885527
0.668338
0.976497
0.355362
0.760828
0.655729
0.471979
0.266312
0.527766
0.884886
0.722473
0.479169
0.740438
0.307816
0.180033
0.790327
0.839136
0.569296
0.842913
0.327763
0.078925
0.321004
0.811285
0.231960
0.604517
0.544566
0.308145
0.749791
0.445549
0.112001
0.204204
0.331075
0.780340
0.180701
0.686438
0.541168
0.836430
0.158417
0.807480
0.364195
0.043303
0.529953
0.843365
0.783741
0.837769
0.023398
0.574068
0.676905
0.592695
0.416981
0.004668
0.671619
0.737985
0.815953
0.903580
0.342502
0.360519
0.211724
0.092293
0.806067
0.323726
0.296497
0.137142
0.104065
0.477197
0.823580
0.645233
0.313627
0.981997
0.452713
0.677822
0.025300
0.982665
0.521186
0.809041
0.820434
0.544585
0.383109
0.497339
0.137279
0.800090
0.502007
0.808898
0.538075
0.317959
0.712477
0.880577
0.678477
0.924203
0.972870
0.484545
0.247928
0.269367
0.621687
0.351993
0.746564
0.445267
0.997226
0.060191
0.427264
0.449938
0.738012
0.452564
0.432604
0.259199
0.261604
0.253038
0.803783
0.644713
0.750377
0.941062
0.444803
0.252383
0.749960
0.982878
0.570342
0.462438
0.863455
0.248820
0.386640
0.836326
0.733364
0.634568
0.105693
0.355051
0.986561
0.852256
0.800318
0.983787
0.912447
0.227582
0.433725
0.650460
0.680146
0.866329
0.909659
0.941750
0.119367
0.713441
0.586463
0.869743
0.654504
0.031267
0.122126
0.404464
0.014145
0.692468
0.866901
0.877600
0.941288
0.253542
0.713926
0.674653
0.888110
0.819619
0.029704
0.874671
0.671875
0.830022
0.858458
0.584322
0.057604
0.292183
0.234781
0.737750
0.158512
0.144440
0.679500
0.277878
0.857881
0.265964
0.147622
0.512384
0.297230
0.269748
0.916848
0.311375
0.962216
0.783749
0.188975
0.903505
0.037291
0.902901
0.578157
0.925401
0.722519
0.607861
0.800072
0.394394
0.437883
0.658529
0.978717
0.495488
0.950712
0.213498
0.233238
0.109224
0.357937
0.912737
0.387102
0.215819
0.178701
0.534724
0.728203
0.475931
0.804472
0.645051
0.787306
0.766688
0.428801
0.976281
0.670193
0.466092
0.879182
0.248350
0.391493
0.601702
0.856211
0.191565
0.996097
0.294095
0.850094
0.974813
0.789582
0.800807
0.188311
0.022820
0.910032
0.546248
0.935557
0.297134
0.762067
0.114258
0.831858
0.490270
0.590189
0.636329
0.135321
0.377495
0.403018
0.564121
0.353776
0.073210
0.030213
0.232959
0.321560
0.421706
0.834661
0.177772
0.613272
0.830757
0.471866
0.463366
0.805569
0.261448
0.264173
0.993880
0.284268
0.174204
0.540129
0.219825
0.471338
0.302196
0.334083
0.303196
0.792465
0.924273
0.939526
0.927786
0.301768
0.342543
0.491908
0.655544
0.415753
0.522121
0.888502
0.737314
0.943827
0.723163
0.915085
0.557099
0.553920
0.386952
0.020465
0.359490
0.648400
0.284639
0.353370
0.932669
0.458843
0.893498
0.152494
0.930181
0.195694
0.486577
0.233377
0.988159
0.410850
0.172902
0.915945
0.712618
0.515445
0.407853
0.368162
0.931198
0.929974
0.256665
0.668513
0.873802
0.979827
0.583598
0.430901
0.533748
0.970550
0.451366
0.893237
0.618950
0.736005
0.246607
0.551619
0.194848
0.140105
0.704113
0.125029
0.335799
0.190690
0.358406
0.323958
0.601540
0.531308
0.239903
0.314158
0.046753
0.647756
0.682320
0.977952
0.577730
0.938984
0.646464
0.451532
0.918812
0.230062
0.882432
0.452559
0.200612
0.333798
0.345796
0.819562
0.069803
0.592403
0.371182
0.264650
0.732509
0.075294
0.389679
0.068307
0.265984
0.748085
0.392266
0.867524
0.279392
0.632169
0.181682
0.326145
0.279925
0.864001
0.304096
0.857655
0.802985
0.950560
0.309187
0.721797
0.180623
0.191619
0.174356
0.381235
0.525417
0.520153
0.200797
0.595220
0.112556
0.571979
0.859870
0.845064
0.647273
0.249549
0.913372
0.913258
0.997634
0.305637
0.780782
0.277026
0.937806
0.962464
0.603171
0.217732
0.826466
0.907267
0.075387
0.629451
0.857828
0.384574
0.351248
0.038450
0.576193
0.525604
0.419685
0.101610
0.045757
0.620482
0.696829
0.158313
0.192461
0.556699
0.003377
0.839734
0.806249
0.916749
0.752992
0.803882
0.222386
0.533774
0.080908
0.160192
0.496238
0.684079
0.377924
0.322703
0.591346
0.453311
0.952154
0.449173
0.837885
0.303402
0.487623
0.414079
0.829006
0.907308
0.515689
0.874762
0.527791
0.212518
0.033075
0.720252
0.769217
0.036452
0.559987
0.575466
0.953201
0.312979
0.379348
0.175587
0.846753
0.460256
0.335779
0.342991
0.144334
0.713703
0.665693
0.735680
0.167015
0.617848
0.184853
0.004900
0.921249
0.672477
0.418979
0.750255
0.579786
0.934667
0.625017
0.107577
0.147185
0.658092
0.827829
0.916403
0.694544
0.387816
0.491868
0.647744
0.700795
0.871216
0.823331
0.547548
0.331472
0.159110
0.890538
0.475807
0.872813
0.556232
0.211487
0.039828
0.174080
0.396340
0.044728
0.095329
0.068817
0.463707
0.845584
0.648602
0.398374
0.470600
0.756178
0.545560
0.128693
0.584008
0.461962
0.823236
0.971824
0.953831
0.470981
0.672618
0.825048
0.294312
0.220166
0.156520
0.453422
0.110704
0.632326
0.326235
0.666936
0.843812
0.366063
0.841016
0.240153
0.410791
0.936344
0.308969
0.874497
0.781928
0.957571
0.272872
0.252528
0.713750
0.818431
0.381221
0.297758
0.280394
0.204458
0.269581
0.234225
0.675439
0.942199
0.059272
0.969751
0.162365
0.215792
0.423173
0.273069
0.848118
0.749409
0.940005
0.691931
0.115472
0.781020
0.932083
0.526263
0.717364
0.241053
0.400760
0.499292
0.198624
0.673632
0.751820
0.912374
0.492063
0.133041
0.210132
0.772456
0.337498
0.479713
0.006681
0.012937
0.421912
0.065953
0.982689
0.584277
0.281745
0.405861
0.857346
0.129863
0.155270
0.797350
0.821794
0.270742
0.578371
0.753877
0.797004
0.295735
0.994930
0.197764
0.795027
0.193554
0.871396
0.546847
0.105929
0.363459
0.679887
0.316060
0.135915
0.017386
0.795773
0.142596
0.030323
0.217686
0.208549
0.013011
0.801963
0.490293
0.418873
0.659309
0.620156
0.574143
0.456660
0.441949
0.844885
0.035031
0.195827
0.641888
0.330766
0.190757
0.839653
0.125793
0.384311
0.711049
0.672639
0.490240
0.074507
0.352527
0.806300
0.210422
0.369913
0.602073
0.353018
0.400236
0.819759
0.561567
0.413248
0.621722
0.051860
0.832121
0.281031
0.672015
0.406263
0.737691
0.113965
0.251147
0.772722
0.309792
0.893036
0.103487
0.500548
0.732689
0.229280
0.884859
0.443738
0.901920
0.375099
0.518245
0.254447
0.181399
0.728667
0.624360
0.783473
0.081685
0.024597
0.603232
0.643251
0.437844
0.224954
0.695110
0.269964
0.505985
0.367126
0.676227
0.243676
0.481091
0.927374
0.016397
0.790882
0.820411
0.119885
0.291431
0.553099
0.349165
0.176290
0.996837
0.251085
0.551389
0.515082
0.505532
0.732788
0.243748
0.129893
0.516260
0.325433
0.154489
0.119492
0.968684
0.592334
0.344446
0.663794
0.862298
0.850430
0.030920
0.538526
0.094106
0.512011
0.465900
0.110504
0.302893
0.286311
0.230389
0.594324
0.839410
0.579554
0.770614
0.836247
0.830639
0.322003
0.351328
0.336171
0.054791
0.595076
0.466064
0.571051
0.920509
0.620553
0.690543
0.889192
0.212887
0.034988
0.552986
0.075185
0.885419
0.583906
0.613710
0.979526
0.095916
0.079611
0.090029
0.398809
0.365921
0.320418
0.993133
0.205332
0.899972
0.763747
0.041579
0.730611
0.085750
0.392907
0.066783
0.140540
0.987983
0.532846
0.711592
0.908492
0.153400
0.402134
0.797685
0.366287
0.437122
0.350670
0.441472
0.322542
0.934575
0.055182
0.302067
0.030492
0.134793
0.392096
0.429301
0.500714
0.712515
0.422433
0.706046
0.612486
0.186180
0.747624
0.343098
0.271929
0.140531
0.409880
0.412470
0.128515
0.942727
0.124061
0.037007
0.096127
0.526195
0.834692
0.462413
0.963318
0.185362
0.903885
0.285859
0.119937
0.959067
0.587927
0.150429
0.093860
0.980022
0.579729
0.594574
0.692537
0.002163
0.300620
0.305023
0.188342
0.048244
0.648121
0.460272
0.188775
0.058001
0.872741
0.317290
0.000728
0.996802
0.354297
0.096855
0.522997
0.188988
0.559268
0.486315
0.374350
0.463153
0.772175
0.494287
0.422220
0.360101
0.644716
0.516080
0.340124
0.224445
0.110654
0.032661
0.226608
0.411274
0.337684
0.414951
0.459518
0.985805
0.875222
0.648294
0.043806
0.747964
0.965584
0.044534
0.744766
0.319881
0.141389
0.267764
0.508869
0.700657
0.754079
0.883218
0.163810
0.526254
0.377505
0.586031
0.886355
0.022221
0.102111
0.226479
0.246667
0.212765
0.259139
0.473275
0.624039
0.596823
0.888225
0.083558
0.582628
0.763447
0.731851
0.626434
0.511411
0.697436
0.670968
0.256177
0.017316
0.812357
0.523940
0.526185
0.513014
0.278019
0.409404
0.676824
0.804273
0.786909
0.262855
0.690627
0.809131
0.364966
0.917105
0.055797
0.577732
0.176245
0.529071
0.201771
0.773068
0.417297
0.285329
0.355696
0.180744
0.017180
0.982131
0.692155
0.714615
0.653099
0.948332
0.731932
0.465455
0.472272
0.258117
0.978469
0.750290
0.667521
0.655294
0.554563
0.454429
0.918149
0.245190
0.263560
0.283115
0.162296
0.319356
0.860847
0.338541
0.848428
0.062617
0.111609
0.265724
0.347946
0.467305
0.446468
0.365126
0.449435
0.138623
0.079742
0.102534
0.086954
0.811674
0.567990
0.559226
0.069790
0.546459
0.309516
0.737311
0.201753
0.864079
0.191740
0.119901
0.109269
0.455299
0.403016
0.271565
0.774656
0.263862
0.610106
0.623084
0.326480
0.721715
0.888808
0.674426
0.189020
0.335276
0.039552
0.638455
0.473900
0.119293
0.740989
0.560854
0.930966
0.308978
0.120080
0.000757
0.855438
0.429596
0.738067
0.057190
0.293675
0.929807
0.177091
0.402945
0.385107
0.580107
0.674511
0.159762
0.843969
0.284616
0.782846
0.170449
0.006331
0.671655
0.844875
0.195351
0.006931
0.884426
0.833806
0.480830
0.003719
0.574795
0.041684
0.934686
0.883774
0.161764
0.935442
0.739211
0.591360
0.673510
0.796401
0.885035
0.603317
0.973493
0.287980
0.988424
0.553599
0.962490
0.148186
0.397569
0.247106
0.931032
0.568019
0.253438
0.602687
0.412893
0.448788
0.609617
0.297319
0.282595
0.090448
0.301039
0.857389
0.132132
0.235725
0.741164
0.293895
0.171167
0.480374
0.885255
0.844677
0.276775
0.770289
0.447994
0.250268
0.058270
0.436417
0.803867
0.020760
0.584603
0.201437
0.267866
0.515635
0.769455
0.521303
0.118321
0.182348
0.970092
0.727939
0.479668
0.252686
0.818386
0.780707
0.110076
0.950518
0.016432
0.851239
0.244413
0.187599
0.331614
0.129668
0.032276
0.608389
0.899957
0.480269
0.858657
0.958228
0.916686
0.662524
0.978987
0.501289
0.863961
0.246853
0.016924
0.633416
0.768156
0.135245
0.815764
0.738248
0.863183
0.295432
0.990935
0.681570
0.076139
0.101011
0.632088
0.092570
0.952251
0.876501
0.280169
0.283864
0.006168
0.312445
0.892253
0.906126
0.792715
0.750910
0.864353
0.709401
0.413434
0.843340
0.210690
0.277394
0.090193
0.227613
0.910810
0.858349
0.362859
0.726574
0.596598
0.226042
0.022006
0.587533
0.907612
0.098145
0.688543
0.539700
0.190715
0.640794
0.416201
0.470885
0.924657
0.422370
0.783329
0.816910
0.328496
0.576044
0.567820
0.192849
0.285445
0.981254
0.036189
0.496135
0.258648
0.126382
0.723748
0.169458
0.984731
0.086606
0.896032
0.581329
0.312649
0.918038
0.168862
0.220261
0.016183
0.857405
0.759962
0.206898
0.498199
0.176163
0.677782
0.422857
0.598533
0.461112
0.239767
0.927028
0.037156
0.807587
0.119877
0.322601
0.788841
0.156066
0.818736
0.047489
0.282448
0.542483
0.216947
0.267179
0.629090
0.112979
0.848508
0.941738
0.031017
0.017369
0.162000
0.047200
0.874775
0.921961
0.254098
0.372973
0.098125
0.931880
0.795831
0.696658
0.392992
0.035598
0.623686
0.430148
0.843186
0.743564
0.752749
0.632027
0.899629
0.571485
0.679516
0.182077
0.113968
0.896463
0.449255
0.743058
0.009443
0.297763
0.684796
0.040460
0.315132
0.846796
0.087660
0.189907
0.768758
0.341758
0.562880
0.866883
0.273638
0.358711
0.563541
0.666631
0.394309
0.187226
0.096779
0.237494
0.930790
0.849528
0.869521
0.830419
0.421013
0.549037
0.012496
0.534982
0.445501
0.461751
0.278039
0.454944
0.759514
0.962835
0.495404
0.074646
0.809632
0.583064
0.264553
0.578390
0.924823
0.827434
0.445273
0.198461
0.186145
0.008813
0.865091
0.580453
0.196040
0.961871
0.817948
0.126829
0.811399
0.687469
0.957248
0.232413
0.236506
0.969744
0.767395
0.682007
0.431495
0.045434
0.136951
0.191009
0.008269
0.632355
0.265655
0.817901
0.215419
0.530208
0.396291
0.140242
0.357642
0.841564
0.338703
0.543786
0.850377
0.203795
0.124240
0.046417
0.165666
0.942187
0.173246
0.977065
0.629656
0.130494
0.209478
0.866161
0.100238
0.976873
0.548169
0.531733
0.022306
0.685120
0.722741
0.030576
0.317474
0.988397
0.848476
0.532894
0.518605
0.244768
0.673136
0.876247
0.086332
0.011839
0.420034
0.936710
0.215634
0.544273
0.983126
0.381299
0.486461
0.156372
0.358364
0.116116
0.286867
0.567843
0.982278
0.387105
0.544715
0.530447
0.918837
0.567022
0.215566
0.641579
0.597597
0.533040
0.629976
0.446074
0.065934
0.148581
0.690842
0.739070
0.024828
0.777174
0.750909
0.444862
0.713884
0.966543
0.989134
0.697010
0.347842
0.475595
0.853382
0.706206
0.591712
0.140249
0.274049
0.573990
0.527354
0.818764
0.104436
0.446191
0.385786
0.320002
0.087770
0.983384
0.853042
0.717745
0.429457
0.918976
0.866326
0.120299
0.658046
0.891154
0.897474
0.408955
0.336015
0.611357
0.375497
0.325150
0.308367
0.723339
0.800746
0.161750
0.429545
0.392457
0.301999
0.703594
0.966446
0.829353
0.522358
0.070882
0.275543
0.908143
0.390884
0.363313
0.891527
0.243926
0.081058
0.320984
0.162902
0.947384
0.441283
0.820948
0.838537
0.338757
0.229903
0.174553
0.950114
0.605401
0.499703
0.258482
0.328740
0.300448
0.420231
0.758285
0.692905
0.722230
0.461878
0.659351
0.551582
0.984237
0.730233
0.827125
0.892379
0.121117
0.190438
0.783906
0.365043
0.271496
0.104890
0.527945
0.218879
0.546173
0.348893
0.057417
0.884931
0.578797
0.231970
0.835045
0.184198
0.731672
0.093527
0.512938
0.032120
0.513758
0.271222
0.725024
0.235988
0.733101
0.384376
0.787570
0.717337
0.114609
0.614694
0.609717
0.235726
0.805132
0.393623
0.600768
0.076628
0.498513
0.128713
0.295508
0.044686
0.477607
0.352925
0.929617
0.056404
0.584894
0.764662
0.240601
0.316567
0.858188
0.753539
0.348687
0.371946
0.024762
0.073711
0.607933
0.757863
0.458087
0.395503
0.475199
0.572696
0.010198
0.084916
0.808421
0.815330
0.478538
0.409190
0.891958
0.977051
0.537903
0.187466
0.021737
0.015510
0.540391
0.951354
0.071913
0.125285
0.716015
0.312515
0.441852
0.574203
0.066054
0.790538
0.946149
0.090815
0.864250
0.554082
0.848678
0.322337
0.949585
0.323877
0.895033
0.959783
0.408793
0.703455
0.775113
0.887331
0.112644
0.667072
0.864382
0.650547
0.854537
0.886120
0.666057
0.394928
0.837474
0.737970
0.520213
0.553489
0.050485
0.962065
0.127693
0.116538
0.752603
0.073842
0.207353
0.616854
0.627924
0.056031
0.939191
0.577510
0.379908
0.834224
0.537293
0.788700
0.537679
0.312406
0.676032
0.650322
0.979478
0.540414
0.300870
0.834014
0.426534
0.966926
0.228942
0.264008
0.704897
0.749155
0.817498
0.755382
0.711220
0.945190
0.871920
0.463824
0.019033
0.079273
0.080677
0.646957
0.135304
0.019868
0.224467
0.515211
0.854092
0.761760
0.303912
0.391771
0.074166
0.979944
0.042094
0.053643
0.520358
0.342964
0.887658
0.946892
0.309890
0.116599
0.210900
0.014787
0.865754
0.028398
0.770168
0.576974
0.973589
0.642088
0.040797
0.992621
0.721361
0.121475
0.639578
0.856665
0.141343
0.864045
0.371877
0.995435
0.625805
0.675789
0.387207
0.699971
0.655733
0.429301
0.753613
0.176090
0.772265
0.641270
0.122982
0.082155
0.757870
0.333883
0.096942
0.623624
0.362281
0.867110
0.200598
0.335870
0.509199
0.241396
0.328491
0.230560
0.362871
0.968069
0.087225
0.504214
0.832114
0.459102
0.499649
0.457919
0.134891
0.886857
0.157889
0.790623
0.316157
0.911502
0.966714
0.088421
0.552772
0.089696
0.170576
0.310643
0.423579
0.267518
0.934267
0.785860
0.134628
0.134866
0.121729
0.643827
0.376261
0.450220
0.874387
0.739132
0.418289
0.961612
0.243346
0.250403
0.420714
0.742995
0.708322
0.555605
0.629852
0.866210
0.346228
0.946008
0.777712
0.312941
0.034429
0.330484
0.402637
0.205005
0.641127
0.826215
0.472523
0.575394
0.612075
0.607151
0.710259
0.733804
0.250978
0.086521
0.184025
0.125365
0.825653
0.602314
0.086977
0.068999
0.852717
0.507691
0.811994
0.561038
0.063295
0.441846
0.427248
0.409523
0.387854
0.204960
0.722464
0.422283
0.535444
0.125101
0.627288
0.176571
0.951317
0.099811
0.751965
0.563392
0.706962
0.462224
0.297196
0.957940
0.548745
0.481221
0.083305
0.374398
0.083534
0.170282
0.443397
0.936251
0.677972
0.255392
0.497289
0.741268
0.697237
0.924537
0.150791
0.085091
0.129496
0.873256
0.507374
0.664940
0.998356
0.134662
0.841511
0.949673
0.234473
0.593476
0.513065
0.941435
0.055701
0.810261
0.899375
0.604446
0.291482
0.982681
0.978845
0.375016
0.152962
0.422242
0.311267
0.830935
0.677633
0.808556
0.572203
0.374871
0.733093
0.722994
0.459962
0.862589
0.596249
0.967335
0.527530
0.594605
0.101998
0.369041
0.544278
0.336471
0.962518
0.057343
0.277907
0.018218
0.867604
0.177282
0.622664
0.159086
0.159962
0.601509
0.534102
0.312925
0.023751
0.845369
0.143859
0.701385
0.653925
0.716062
0.076255
0.387018
0.439056
0.536217
0.249607
0.035304
0.503553
0.777137
0.629909
0.605551
0.146177
0.174187
0.942022
0.108695
0.231530
0.219928
0.126913
0.099134
0.397210
0.749578
0.258220
0.557173
0.351086
0.792322
0.870098
0.374837
0.637690
0.013957
0.076222
0.291615
0.730020
0.152477
0.678633
0.169075
0.688694
0.928239
0.204379
0.192247
0.705375
0.834289
0.797797
0.851553
0.008475
0.739820
0.960249
0.240005
0.959748
0.087162
0.339139
0.356958
0.836739
0.597358
0.914131
0.187825
0.389680
0.784229
0.562663
0.027370
0.798186
0.638884
0.318985
0.528206
0.791361
0.997618
0.697281
0.480055
0.925857
0.901660
0.672302
0.631233
0.735948
0.470099
0.482786
0.744424
0.209918
0.443034
0.984429
0.169666
0.530196
0.323568
0.526625
0.366935
0.920927
0.440756
0.554760
0.310606
0.224986
0.117423
0.337976
0.023173
0.756308
0.656961
0.551379
0.547669
0.654579
0.248660
0.027724
0.580436
0.150320
0.700026
0.211668
0.886268
0.170125
0.694454
0.630691
0.380044
0.137489
0.615120
0.549710
0.667684
0.938688
0.076335
0.034619
0.859615
0.517091
0.589380
0.170221
0.742077
0.706803
0.508197
0.765250
0.463111
0.165158
0.316629
0.010780
0.819737
0.565288
0.038504
0.400173
0.715608
0.738530
0.611842
0.601875
0.908656
0.306296
0.232566
0.288699
0.443784
0.847686
0.838409
0.111469
0.786374
0.914744
0.146088
0.645988
0.431836
0.735467
0.816209
0.173913
0.442271
0.324406
0.939162
0.905381
0.489564
0.255791
0.916162
0.309301
0.821079
0.954666
0.709474
0.536686
0.693196
0.321315
0.138561
0.601851
0.627611
0.371127
0.890550
0.071395
0.218813
0.728960
0.182864
0.005187
0.643704
0.328951
0.651175
0.075540
0.064419
0.467384
0.249452
0.506690
0.791789
0.188615
0.412072
0.281354
0.444405
0.328234
0.590655
0.265484
0.282899
0.300128
0.802171
0.976095
0.621444
0.940732
0.577946
0.249054
0.311859
0.468496
0.320450
0.530673
0.197456
0.503313
0.535860
0.841160
0.832264
0.187035
0.916700
0.896684
0.654419
0.166152
0.403374
0.446208
0.354767
0.815446
0.727562
0.799172
0.143680
0.318217
0.064656
0.426579
0.618345
0.866827
0.402674
0.239788
0.807559
0.980620
0.488843
0.119418
0.449117
0.809292
0.650091
0.646573
0.312606
0.185951
0.487733
0.144871
0.372986
0.404433
0.041555
0.027405
0.570585
0.444929
0.473613
0.925351
0.260376
0.201175
0.724524
0.404056
0.519392
0.789180
0.830635
0.137737
0.656007
0.233310
0.377525
0.463566
0.213930
0.866368
0.582984
0.663047
0.675661
0.233075
0.309620
0.988266
0.419026
0.797354
0.133137
0.792012
0.201787
0.174692
0.819417
0.772371
0.619621
0.293030
0.697723
0.879997
0.494205
0.422247
0.284053
0.013597
0.211426
0.114687
0.151334
0.867433
0.347997
0.528859
0.330999
0.561927
0.395227
0.913983
0.224974
0.070888
0.147058
0.534595
0.059154
0.566084
0.331949
0.192291
0.358096
0.533735
0.366983
0.177513
