0.468516
1.256008
1.607853
2.254543
1.429382
0.376448
0.255926
0.296446
5.231595
0.261185
0.043721
0.400352
2.117596
0.166483
2.182195
0.139611
1.804646
0.230536
1.282044
0.472285
1.222927
6.032713
0.883626
0.772152
3.944129
0.443581
0.483742
1.281513
0.129762
1.056989
0.374556
0.550959
1.924117
0.461722
0.666314
1.859183
2.377487
0.552813
1.121951
0.073784
0.977147
0.754409
0.804630
0.162152
0.713770
0.760936
0.076097
0.013578
3.731089
0.180606
2.299394
0.400789
0.445579
1.738501
0.005308
1.125577
1.126990
0.099656
0.902600
0.081827
0.025170
0.943932
0.629442
0.321186
0.128836
0.272821
2.135168
0.254784
1.588106
0.068165
0.128003
0.323967
1.087062
4.355264
2.064866
0.523156
0.562956
0.757805
1.457394
3.570071
1.593904
0.832232
0.924480
2.692926
0.875065
0.320401
0.389982
1.415847
3.753399
0.163398
2.038162
0.533194
0.641587
0.607596
1.649304
1.958976
0.433352
1.314164
2.618687
0.313450
0.068344
1.167211
0.125276
1.318262
0.824975
0.184951
0.516904
0.963719
1.129747
0.120846
1.194436
0.350445
1.894696
0.600610
0.212410
0.083776
0.927669
2.222015
0.576727
0.736845
0.778262
0.618351
0.640717
0.078203
1.193776
0.885758
0.030883
0.161497
0.610564
0.083855
1.772377
6.584869
0.081365
0.283254
0.983084
0.826702
0.500753
0.317052
1.623085
2.439470
0.579922
0.364909
0.239595
0.862062
0.559815
4.700863
0.552942
3.620783
0.711086
0.338521
0.973201
0.582700
0.190967
0.766630
0.882168
2.432899
1.232924
1.975017
0.561059
0.047644
0.841635
2.036381
0.253165
1.397839
0.293796
0.215700
1.443126
1.018184
0.017965
1.942956
1.002483
1.422291
1.098692
1.804888
0.781509
2.387996
1.834533
0.233871
2.949073
0.668932
0.286462
0.161733
0.320770
0.119900
0.244186
1.184363
0.546549
0.676838
0.147759
0.756921
0.811877
0.657286
0.239088
0.459501
0.115795
2.677971
2.259884
2.687519
3.910752
0.996411
1.846513
0.343646
1.209577
2.598229
0.211208
0.526399
0.111758
0.963245
2.760257
1.015236
0.507455
0.362462
0.100100
1.011928
0.163586
1.400224
0.564048
0.024723
1.845308
1.280673
0.492065
1.044088
3.460312
0.422382
0.470947
2.360648
0.003357
3.413502
1.561323
1.080927
1.648883
0.858304
0.238705
0.204947
0.743578
5.051430
0.533137
4.312181
0.376165
1.387127
0.215667
0.287035
0.244778
0.072535
1.538609
0.053062
0.275252
0.609442
1.190387
1.223875
0.941789
0.403120
3.157640
0.348937
0.116735
0.032148
0.064778
1.559811
0.035201
0.531751
1.054750
0.347095
0.259044
0.120438
1.981325
0.751209
0.321255
0.330894
0.025961
0.424964
0.141077
1.844437
0.117160
0.425590
1.186186
0.514286
1.871729
1.070533
0.143656
0.229775
0.606899
0.580097
1.858321
0.982800
0.008802
0.986621
0.226071
0.700482
0.517542
0.307105
0.100872
0.569039
1.287972
0.151282
0.027244
1.306417
0.268076
3.624748
3.596709
2.187050
0.009190
2.802767
0.764264
1.270579
2.449238
0.359600
0.769433
0.996401
0.094766
0.203068
0.956408
0.858806
0.194714
0.093911
0.035995
1.106537
0.099831
0.281779
0.003148
2.217569
2.959731
1.740654
0.373655
1.593331
0.492967
1.431178
1.083713
0.396853
0.643690
1.314154
0.548286
2.372029
0.933593
0.049110
1.347127
1.116009
0.151718
0.943892
0.283804
0.123962
0.526764
0.227018
0.044915
0.061681
0.086135
0.067896
0.625563
0.888014
0.144055
0.251673
0.414923
1.901974
1.540491
1.340148
0.820693
2.456287
0.861549
1.354323
0.426368
1.267406
1.402670
0.515110
0.685176
0.012901
0.703447
0.364224
0.102855
1.142221
0.590426
0.270657
0.059828
2.272672
0.322357
1.522372
0.056710
0.796136
1.348098
0.031864
3.035878
0.360867
0.129434
0.144823
2.763187
0.709334
1.650999
0.945050
4.937617
0.112238
1.104439
1.739269
0.622445
2.115492
2.926041
2.857053
0.041405
2.113308
0.124888
1.853348
2.931057
0.956202
0.112436
0.683404
0.219494
0.144897
0.459627
2.618709
0.047029
0.324662
0.764215
0.226658
1.922347
0.099908
2.078619
1.276331
0.658795
0.186064
0.267414
0.259470
1.663839
0.368759
0.949669
1.064757
0.162316
0.253814
1.059593
0.887708
0.200222
1.113466
0.816835
1.356927
0.084342
0.735571
0.113061
0.436955
0.035113
0.243145
1.311732
0.154845
0.055562
0.614593
4.096599
0.295691
0.717174
1.694263
0.254815
1.262368
0.779778
0.559625
0.037846
0.247335
2.093255
1.854591
6.991291
3.675578
0.337050
0.019282
1.145736
0.228022
1.405381
1.732042
1.309815
1.275862
0.038914
0.726955
0.516715
0.539500
0.392755
1.485781
0.229496
0.990388
0.225169
1.495631
0.272412
0.185193
2.266501
0.077484
0.296491
1.575279
0.403795
2.358145
3.220439
0.119259
0.742858
0.587918
1.725689
0.217222
0.349838
2.499650
1.922763
1.603864
0.437422
3.845474
0.362611
1.774895
1.585169
0.966762
0.090140
0.343724
0.541724
0.066506
0.115468
0.563551
0.104927
1.235409
1.044486
0.017467
0.331020
0.177792
0.266179
1.474750
0.049697
0.193011
0.339437
0.715802
1.952991
0.515122
0.040458
0.653885
0.141356
5.513182
1.115740
1.053368
0.196422
1.619167
0.325644
0.455645
2.031323
0.264595
3.383334
1.481730
0.895728
2.473068
1.418139
0.411366
1.390858
0.882082
1.586744
0.382371
0.799788
1.652761
0.935430
0.983810
0.389302
1.183738
1.886673
0.374230
0.892793
0.097365
0.921465
1.193482
0.152983
0.287191
0.013185
3.096412
0.135056
0.857176
2.056712
0.271692
0.169873
0.788172
0.870956
0.139548
1.313860
0.025092
5.889796
0.966638
1.867192
0.633950
0.101459
1.647181
1.073408
1.117476
1.459585
0.312582
0.115329
0.612234
4.306223
0.732278
1.014108
0.056028
2.464924
0.044645
2.725635
2.328517
0.848397
1.556484
0.152218
1.556511
0.025029
0.908585
0.311316
0.181841
1.028844
0.650513
0.345984
0.762131
1.634188
0.441912
2.387696
0.310441
1.029875
0.891478
0.473715
0.668790
2.292444
2.214154
0.092463
0.223789
0.049032
0.117640
1.086975
1.237750
0.820056
3.089178
1.888368
0.111612
0.859566
1.156391
1.086781
0.456416
0.803755
0.000819
1.060700
0.806228
0.027580
0.442295
0.252602
0.427947
1.518953
2.035879
1.209648
0.033843
0.188715
0.112921
0.193839
3.170233
0.918242
0.467236
2.474511
0.014505
0.509494
0.446521
2.597397
1.257610
0.107808
1.786823
1.007127
0.080588
0.354426
1.121425
0.050737
0.021638
1.370266
0.855780
0.147260
1.750127
1.518729
1.149181
5.632202
1.959901
1.047978
2.557649
0.099776
1.277513
0.981200
0.864192
0.285165
0.184042
0.255230
0.116177
0.931638
0.436410
0.927933
2.096315
1.339907
0.485888
1.414211
0.376097
0.662300
1.297379
1.088708
1.382296
0.607757
0.690759
0.994200
1.194309
0.372101
0.796758
0.326696
0.453547
0.501510
1.046955
0.503671
4.688086
0.100091
0.413812
2.699729
0.397952
2.881198
1.017955
0.719785
1.635956
2.278963
0.216055
0.755572
0.600207
0.881754
0.492626
0.319948
0.647778
1.080614
0.338001
0.685666
1.134005
1.005931
0.749900
1.216378
1.400247
0.157562
4.989407
0.468475
1.183283
0.458811
0.549775
0.804304
0.557881
1.877348
0.606256
0.168906
0.549501
3.373348
0.410295
1.583161
2.147132
0.407383
0.940773
1.606653
0.379797
1.878391
1.385034
0.753026
0.378482
0.643520
0.984647
2.138490
0.122441
0.135700
0.144315
0.062348
1.678303
1.496598
0.275631
1.556936
0.419697
0.990942
0.216705
0.681676
0.483995
0.105882
3.129622
0.369264
0.240207
0.876611
1.309880
2.022985
0.027303
2.961574
0.744971
0.977831
0.511315
0.093528
2.372131
0.954825
0.079573
0.552386
1.368070
0.013760
2.972229
0.767016
0.808525
0.554512
0.729179
0.345071
0.277213
1.210656
0.577133
1.102286
1.243804
2.572133
0.650076
0.828659
0.683947
1.083565
0.795529
1.591024
0.322861
1.382310
3.293188
0.098321
0.169900
0.999939
0.241847
1.220567
0.097267
0.180265
1.441666
3.529636
0.432058
0.277448
0.515437
0.631852
2.166575
0.107941
0.658165
2.113213
1.339656
1.172199
0.743424
1.358310
2.065386
0.797260
5.239594
0.876374
1.480930
0.925398
0.273417
1.354927
1.655599
0.195765
2.399164
0.611697
0.703917
0.728522
2.429782
0.202208
0.026304
0.614632
1.305597
0.132996
0.339354
0.050230
0.334047
0.644677
0.054485
0.191686
0.748068
0.381662
1.117638
1.686562
1.303006
0.155670
1.428014
0.606444
6.223693
1.213247
0.305431
0.519981
0.208884
1.107029
0.042646
0.360398
0.984855
0.434821
0.280451
0.975052
0.854521
0.615750
0.780628
0.255636
3.712239
2.387655
1.830119
0.430434
0.174444
0.301285
1.799705
2.318012
0.072237
0.396151
1.398695
1.750891
2.034440
0.389284
1.906800
0.977736
0.073416
0.108830
1.569101
0.300439
1.678230
0.908078
0.413473
4.248607
1.081978
2.896445
1.435598
1.914876
2.177797
1.912408
0.283976
0.145125
1.409271
0.101525
1.238581
0.132156
3.420858
0.080689
0.391672
2.304578
0.197244
0.220428
0.080534
0.100239
0.115277
0.929552
0.727333
2.441528
1.231425
0.064599
0.047802
0.129484
0.725870
1.669540
0.812622
0.156817
0.597761
4.704551
0.609050
3.511116
0.484936
1.829767
0.932784
0.770653
0.585940
3.136823
0.030398
1.289962
0.916778
0.795677
0.143845
0.309652
1.874392
0.890698
1.291543
1.505724
1.135491
2.650992
0.379927
0.397400
0.543873
0.913918
0.086533
0.835414
0.601267
2.577213
2.585077
1.900547
0.879067
1.522937
0.578051
0.215267
0.024623
0.801127
0.132253
0.301491
0.119473
0.905633
2.013688
0.320450
1.144954
0.332251
1.996037
1.878565
0.522335
1.214858
2.048057
0.326216
0.476553
0.253786
1.534847
0.421484
0.093251
3.925371
1.162967
0.228304
0.163951
0.099482
2.254059
3.009874
3.607967
1.984145
0.022894
0.412262
0.074670
1.366511
0.000156
0.185462
0.387387
0.208139
1.646650
0.390854
0.089810
0.542162
1.035403
1.361514
3.312679
0.587829
0.104019
0.144305
0.461861
0.219985
0.481906
0.640549
1.345398
0.549338
1.491737
1.618611
1.465096
0.062530
0.594447
1.742171
2.014157
0.175159
0.631762
3.437731
0.521923
0.833574
1.709303
1.099571
0.129596
0.357356
1.802888
0.034308
0.050464
2.056785
0.979195
0.139400
0.756491
0.266843
0.054877
2.265490
1.348516
0.510381
0.054713
0.889981
0.128326
0.202499
0.092942
0.043138
0.870323
2.653292
3.196182
0.391249
0.165664
0.154151
0.333136
0.632591
0.528232
1.309583
1.903550
1.756756
5.393668
0.342876
0.210294
2.974736
1.270476
0.152303
0.419537
0.638945
0.357804
1.557572
0.088523
2.368496
0.056424
0.234652
0.353331
0.090318
0.359254
3.834951
2.990816
1.892474
0.914743
1.903016
0.322541
0.558970
1.397150
0.534042
1.378652
0.537517
1.434791
5.091708
0.031015
0.676572
0.955260
0.441519
1.493235
0.390118
0.157730
0.966408
0.065285
0.849194
0.454782
0.899645
0.486232
0.015173
0.249001
3.063720
0.249987
0.275975
1.118527
0.348822
0.049189
0.848559
0.370357
0.891530
1.524224
5.452503
0.157794
1.871362
2.118109
1.197181
0.147912
0.226787
0.149515
1.617327
1.688468
1.207680
1.343415
1.920981
0.136866
0.096103
0.555355
0.264818
0.119539
1.387275
0.200237
1.176406
0.189610
0.410905
0.078108
0.528268
2.322178
0.689752
0.405370
0.617352
4.238133
1.452325
5.062063
0.373021
0.479645
2.361133
0.441596
3.214174
0.266278
0.751768
0.609725
2.179001
0.666136
0.043500
2.215373
0.216503
0.061124
0.125740
0.255487
0.109405
2.914215
0.847610
0.656178
0.069869
1.575535
0.748268
1.766010
0.975007
0.242166
0.222251
2.063307
0.655576
0.282241
0.895434
0.331531
0.068823
0.113452
1.077940
3.421854
1.012475
1.191544
0.349777
0.747604
0.397950
0.230383
0.258316
1.112295
1.599838
3.497813
0.066786
1.076762
3.147391
2.349386
0.150810
1.108112
2.312574
0.836744
3.554931
0.844895
0.332339
2.574484
0.001938
0.329051
0.062113
1.251007
0.546620
0.707098
0.388203
0.260220
0.349890
1.495413
0.554047
3.571188
0.173792
1.025348
0.494471
0.027889
0.900710
0.266360
0.258441
1.343908
0.536283
0.941161
0.825104
0.564080
0.799593
0.029374
0.027664
0.315495
0.621150
0.837067
0.533685
1.696071
2.921453
0.967817
0.119111
0.178041
0.808512
0.183019
1.559760
0.317899
0.655154
0.811033
2.083319
2.842520
0.155290
1.376318
0.113770
1.422777
0.169418
1.419794
0.193209
1.537195
2.199734
1.751644
0.431029
0.617854
1.562357
0.769339
1.872685
1.564011
1.470254
0.178779
0.490742
2.065038
0.911060
0.023943
0.285069
1.166038
0.878092
0.997559
1.392132
0.246010
0.167950
1.136692
0.382102
1.123059
1.395520
0.773259
0.790226
0.242873
2.254319
0.544904
0.163246
1.119435
0.292947
0.453093
0.603890
1.143351
1.790285
0.215404
2.733570
0.579128
0.857295
0.168607
0.195781
3.396324
0.620730
2.093978
0.299693
0.414196
0.268313
1.145348
0.295552
0.181476
0.034401
2.581803
0.383360
1.148771
0.360995
0.075415
0.186829
1.255564
0.013051
0.529910
2.662092
0.307380
1.230173
0.720906
2.029633
1.734817
3.912821
0.422997
1.180547
0.280491
0.048810
1.120791
0.157715
0.547921
0.605147
0.575577
0.738241
0.681296
0.423077
0.997572
1.593225
1.071365
0.960026
2.596131
0.516898
0.468383
0.606142
0.299264
2.741494
2.545588
0.251154
1.054417
0.177010
2.991979
0.303182
0.858460
0.322193
0.496287
0.884228
0.696995
0.824898
0.415466
0.904443
0.361020
0.012529
0.217586
0.069700
0.107725
2.359435
0.297982
0.350634
1.075714
0.633047
0.264426
0.962680
2.368729
1.239271
0.132979
0.241531
0.271090
1.064581
0.584643
2.808761
0.517149
2.814582
3.297787
1.010029
0.874720
0.194099
0.453867
0.617442
0.324928
0.908215
2.270340
1.626190
0.308483
0.757342
0.074108
0.069872
1.832769
3.162745
0.891413
0.117750
1.413127
2.852672
1.115598
1.717526
0.348137
0.264185
0.007661
0.286925
0.968136
2.053151
0.030220
1.925542
0.149173
2.657451
1.959963
0.619404
1.553721
3.358479
0.003622
0.885419
0.235733
0.741394
2.494833
1.150290
0.333835
0.150136
1.959517
0.037686
0.651899
0.426447
0.166566
5.881109
1.730742
0.971193
0.037975
1.066239
1.199361
0.289098
1.010122
0.658824
0.229114
0.548802
0.664879
0.081061
0.255119
0.435006
0.602033
2.726671
2.521377
0.744502
0.099916
0.043135
0.598407
3.130881
0.469846
0.870747
0.580193
0.151016
0.109376
0.056168
1.999223
0.296158
0.079004
1.087367
0.769018
0.317230
0.078038
0.917110
1.786670
2.049509
0.927760
1.091901
0.095861
1.178390
1.907886
0.645858
0.497272
2.635479
0.279407
0.364577
0.570111
0.719596
0.394855
0.991195
0.617493
1.663310
0.579892
0.217498
0.879387
0.621001
0.267914
4.870208
2.077909
0.473110
1.308191
0.253680
0.231837
0.118305
2.120602
1.845270
3.148881
0.322824
0.179721
0.303750
0.280477
0.237918
1.566714
1.047731
2.725478
0.295956
2.314872
0.136732
1.001446
3.806068
1.010805
0.098984
0.962067
0.808010
0.459065
0.386148
2.233752
0.786322
2.727978
1.192049
2.539037
2.888824
2.054906
1.750267
0.074656
0.485081
0.415160
1.682939
0.905174
1.257856
0.087810
0.115148
0.993825
1.766824
2.337607
0.713503
0.532832
0.117901
0.328972
0.022458
5.050703
0.325462
0.261737
0.142649
0.498814
2.238183
0.946122
1.955858
0.940059
0.855397
0.262854
0.850362
0.425730
0.090294
1.059567
0.837767
0.003273
1.456919
0.998657
0.602329
0.048440
0.384605
0.140353
0.282696
0.576921
1.321990
0.343873
3.106431
0.348223
0.133295
0.057300
0.201303
0.460148
0.038096
0.345142
1.083126
1.224371
0.417024
0.364135
0.788405
0.156649
1.218780
0.373821
1.402878
2.957595
1.268110
0.921359
0.224141
0.656699
0.026633
0.053138
0.010123
0.567118
0.085647
0.226784
0.142498
2.418529
0.125091
0.497540
1.089972
0.576285
0.067919
0.368476
0.427747
1.363860
0.501767
0.261863
1.247376
1.542844
1.961580
1.016490
0.720351
0.056576
1.465441
0.249970
0.715179
0.027836
1.305952
0.761337
0.599983
0.018793
0.251795
1.395365
0.054273
0.219136
0.259152
0.080581
0.721217
0.777357
1.182695
0.746597
0.317890
0.748270
0.133222
0.620904
0.241282
1.933040
0.216533
2.166455
1.170398
0.054236
2.049815
1.056034
1.664456
0.418786
1.288922
0.209379
2.684021
0.279433
0.276512
0.591007
0.262475
1.589606
1.087893
0.684919
0.729536
1.790044
0.698614
1.613532
0.865058
1.029379
1.163947
1.217537
3.860377
0.035826
0.182858
0.283855
1.145631
0.260665
1.378004
3.001032
1.367820
0.494727
1.571065
2.597521
0.149347
0.647470
0.810097
0.458720
0.386540
0.473064
0.656014
0.293201
0.964683
1.311522
0.402239
1.107721
1.687297
1.202976
0.443211
0.841373
0.247237
0.085074
1.040862
2.111125
0.832906
1.144821
2.623071
0.389853
0.032874
1.002688
0.384945
0.519530
2.106735
0.163128
1.723800
1.128131
0.736417
0.637179
1.355768
0.910044
0.387207
0.908420
0.314519
0.050486
0.527768
1.075915
1.431071
1.620971
2.029039
3.681350
0.103233
0.427125
4.228704
1.376816
3.487646
0.010408
0.438167
0.527020
2.841494
2.295553
2.174963
0.384173
0.366713
0.478328
2.152503
0.113054
1.091989
0.084095
0.532379
0.951712
0.156226
1.835569
3.444141
0.018608
0.254333
0.827613
1.708155
0.827662
0.030917
2.180790
0.892564
0.255604
0.270177
0.742168
2.231641
0.203884
0.420084
0.766482
1.136568
1.053171
1.929889
2.441543
0.175440
0.794088
0.449187
0.267555
1.863748
3.643681
0.771199
1.252474
0.119975
0.055312
1.171255
0.944586
0.296911
0.838904
0.933800
0.023295
0.028554
1.916695
0.296038
0.439550
0.001039
0.685387
0.807838
0.386080
3.138118
1.027558
1.484521
1.268225
0.426940
0.892004
0.148477
0.277125
1.884183
0.277793
0.153779
1.159102
0.586739
1.067336
0.147847
0.965419
0.032188
1.238731
0.249990
2.720297
0.264951
0.226974
1.412679
2.274323
0.338487
2.274592
0.872772
0.173017
0.813682
0.071428
1.786214
0.713205
0.624117
0.746225
3.855575
0.412061
0.999046
0.148654
1.252457
1.132518
1.418505
0.475445
2.647353
0.401668
0.332006
0.144733
1.102810
2.817966
0.058192
0.133740
0.975682
0.496426
1.393984
1.813976
0.764699
0.336902
0.253171
0.085703
0.825858
0.487562
0.026249
0.241397
0.318513
2.246669
0.294663
0.095633
0.556862
0.215936
0.073977
0.500017
1.147256
0.884055
1.081547
0.176261
0.137326
0.352089
0.709801
3.089941
1.217824
0.757221
1.381088
1.821411
1.089543
0.039006
0.246372
4.491533
1.454850
0.419392
1.509171
0.400219
2.444966
0.537050
1.204928
1.769466
0.067709
1.007081
1.575209
0.119248
0.654486
0.597685
0.425415
0.186297
1.124040
3.606532
0.562563
0.881850
2.579489
0.617024
1.225694
0.161301
1.267093
0.313632
0.153546
1.164708
0.523643
0.921435
0.664956
0.630278
0.046663
0.179166
0.570291
1.034931
1.980200
4.013604
1.544565
0.333562
0.273949
1.277599
0.083068
0.897303
1.215351
0.659071
0.582605
0.408146
0.338795
2.688504
0.003539
1.163272
0.257277
2.217638
0.766770
1.024156
0.741282
0.026449
1.440358
0.586585
0.192147
1.012482
3.310489
0.038143
1.305556
1.461371
0.094776
0.096865
0.024624
0.159097
1.277168
0.447802
0.900300
0.832825
0.890213
1.588448
1.347724
0.121938
0.524295
0.044461
0.785097
1.059372
0.534372
0.171652
0.054635
0.960272
1.404953
0.311939
0.054682
0.678507
0.063236
0.655402
0.087942
0.459686
1.082356
0.293443
1.508541
3.689510
0.100171
1.398008
0.911721
1.748808
1.363591
0.370087
1.237699
0.883218
0.280960
5.518229
0.723715
0.277135
0.458812
0.625199
0.307413
0.627491
0.215138
0.079593
0.806313
0.799953
1.710873
0.284800
1.985547
0.043758
0.255598
0.495881
0.145201
0.126129
4.208607
1.785460
0.642117
2.321570
0.217110
1.235493
1.174660
0.446693
1.244405
0.318843
1.450901
1.200001
0.897066
1.435297
0.345478
1.457464
0.163960
3.144751
0.226174
0.986970
1.916567
0.741363
0.243930
1.184651
0.813344
0.020191
0.543423
0.248820
6.758309
0.905209
2.257466
0.306767
0.319326
0.557465
0.306716
0.210850
0.441510
2.160412
0.161552
0.076055
0.068201
1.181003
0.220677
0.443313
0.929930
0.423195
2.339399
0.436040
0.003571
1.349732
0.868375
2.111604
0.047145
0.382340
0.928036
0.159784
2.037730
0.522737
1.907694
0.409332
0.064223
1.529186
1.118292
0.197155
0.384742
0.343314
0.468359
0.382361
0.210086
0.168005
1.314747
2.273266
0.379670
0.063742
0.218296
2.199254
0.144059
2.976950
1.122541
1.690051
1.265488
3.127505
0.270091
0.659524
0.076880
1.474204
0.546405
2.280910
6.487292
0.998147
0.849823
0.520030
0.434343
0.317796
0.289829
0.212257
0.150576
1.236647
0.291926
0.290118
0.365853
0.513323
0.396275
0.570909
1.544878
2.603085
1.484198
1.786105
0.110456
0.489071
0.964202
0.116324
0.522506
0.070035
0.086405
0.035265
0.767400
3.218783
0.560597
0.407702
1.771054
1.229485
1.746258
0.839042
2.289201
0.333621
0.757512
0.449131
0.319364
0.214786
0.063162
0.380234
1.071482
0.279438
0.261828
0.209261
0.885042
1.701165
0.301490
0.813244
3.914762
0.419779
3.827090
0.088515
0.765429
2.509144
0.053609
0.109537
0.346951
3.488972
1.575616
1.233267
0.217099
1.057032
0.884327
0.173539
0.455776
0.109568
4.088704
1.306454
1.011747
2.607692
2.631533
0.503440
1.729309
0.079251
1.418536
3.220953
1.132313
1.118600
0.610540
1.676940
1.718486
0.739960
2.080455
2.405370
0.609068
0.825099
4.186240
0.426726
1.021205
0.996735
0.409953
0.114374
0.642044
0.180636
0.204706
0.281009
2.798478
0.285405
1.086541
3.139079
0.577531
1.537520
0.559090
0.111946
1.774715
1.067866
0.053116
0.124095
0.116875
0.289237
0.850968
0.783853
0.012212
0.602326
1.286992
0.394698
1.137730
0.999032
0.005529
1.115336
1.986254
0.208155
1.691883
0.440308
0.386056
2.089421
1.071588
0.157184
0.227873
0.643418
1.951939
1.185811
0.614371
1.601881
1.523897
0.816094
0.105181
0.014122
0.264500
1.282969
0.181849
0.480330
0.722585
1.546166
0.240468
0.881255
1.370625
0.945962
1.094688
0.412322
0.254705
0.546223
0.799495
2.692072
1.018596
1.330270
0.329941
0.851401
1.311906
5.124740
1.232750
0.923661
0.676933
3.168726
0.161568
1.323885
1.535650
5.044771
0.704145
2.405923
0.345371
0.877000
6.389610
1.115794
0.620501
0.361170
0.290582
3.027610
0.232858
2.118049
1.038352
1.562639
0.259570
0.017443
0.681644
0.597703
0.156010
0.068461
0.720335
1.570327
0.807937
0.266742
0.497702
0.039223
1.053227
0.147405
0.830862
0.059767
1.921889
1.078100
1.722669
0.794533
0.207122
3.070453
0.885722
0.486349
1.678157
1.007571
0.054443
0.023922
0.141245
1.200412
1.242663
0.449655
0.492020
0.667528
0.289484
0.583316
0.312077
0.469256
0.833402
0.519738
0.006357
0.598656
0.361172
0.196688
0.458952
2.705931
0.389343
1.683205
0.265244
0.181310
0.181887
2.242042
0.204963
0.028045
0.181611
1.050305
0.587975
0.534166
0.199837
0.996735
1.387302
4.175589
0.221987
0.000029
0.676602
0.319583
0.859946
0.747662
1.464873
0.779305
1.967122
0.638277
1.516704
0.582277
2.100583
0.993221
2.801464
0.280742
0.872629
0.121575
0.480504
0.285461
0.943325
1.429816
0.824919
0.650961
0.479041
1.921733
0.047096
0.570927
0.047819
0.132504
2.655604
0.982919
2.564977
1.805287
0.559867
0.485785
0.550798
0.862555
0.791512
0.676544
1.570845
3.657317
1.652640
2.537061
0.207271
0.378301
1.570895
1.429762
0.832780
2.966285
0.553580
0.110844
0.103273
0.575970
0.194589
0.933812
0.443278
1.456783
0.802636
0.070504
0.836928
0.674934
1.521775
0.182840
0.318431
0.146762
0.366431
1.129871
0.872801
0.326587
1.142637
0.678066
0.197395
0.461370
2.481519
0.116723
1.796692
0.041386
1.061426
0.342322
0.605317
0.644241
2.638119
0.341978
0.042847
2.365341
0.132341
0.430250
0.135165
0.038647
0.036231
1.210179
1.258125
1.105541
0.223224
1.482603
0.673895
0.479477
0.667238
0.255460
0.309981
2.760767
0.481398
0.895713
0.201063
0.254051
1.146978
1.398368
0.047394
0.066269
0.638969
1.165473
1.456242
0.060244
0.068580
3.709063
0.806394
0.291627
0.193891
1.516936
0.004934
2.079945
0.280464
1.000012
0.003370
0.092041
0.620634
1.058221
1.232571
0.599098
0.502095
1.064575
0.028341
1.024387
0.885885
1.560600
0.277621
0.868161
0.135403
1.181097
1.984121
1.148732
0.081430
0.316732
0.293854
1.218706
0.046107
0.111850
0.808806
1.109164
3.205834
1.850069
0.489101
1.088120
0.298395
0.358305
0.380640
1.263518
1.519276
0.687889
0.175603
0.567781
1.253660
1.690962
1.133992
0.885283
3.613280
0.270465
2.294239
0.230002
1.799058
0.944687
0.581784
0.180833
0.036481
1.552160
0.964060
0.047152
1.756275
0.355676
1.038224
0.157615
0.323544
0.009980
0.980541
1.473458
0.834780
0.645515
0.889431
0.145217
0.331938
0.660522
0.747966
0.944295
1.746800
2.328676
1.148104
0.600362
1.267043
2.196534
0.324004
0.409554
0.460484
0.197719
0.050099
0.288472
2.323785
0.879021
2.023965
0.643195
0.410075
2.327728
1.000242
1.507567
1.303706
1.908705
0.389141
0.763790
1.222106
0.730202
0.003782
0.316792
1.779339
0.862586
2.288260
0.765761
0.086218
0.035244
4.092163
1.210880
1.178099
0.362034
0.393963
2.464454
0.385207
2.149324
1.089833
0.038246
1.234101
1.010816
2.938364
0.789209
0.322130
0.722971
0.718446
0.314782
0.906669
0.759105
2.025078
4.311399
0.540070
0.068458
2.270331
3.607966
0.680104
0.131285
0.134064
1.150216
0.111068
0.071356
2.033807
0.333298
0.297951
0.666428
0.563554
0.285322
0.705046
1.346174
1.796922
1.032716
2.172852
1.746911
1.402078
1.502310
0.079244
1.255483
0.248418
0.203863
0.854930
0.013422
0.122845
0.196461
0.008606
0.062704
4.523458
1.037503
0.054373
1.593825
1.212310
1.944201
1.230181
0.472235
2.883443
0.267203
3.090099
0.072952
0.893695
3.078832
0.087882
1.161383
0.778668
0.564591
0.127148
1.027698
0.194073
0.408852
1.204584
0.828398
1.181617
0.107249
0.365492
2.101388
4.829818
0.171100
0.411842
2.134114
0.413704
3.497522
1.771221
0.035523
0.882177
0.206905
3.127202
2.502994
0.758351
5.244441
0.528474
2.496750
0.564395
1.178667
0.479068
0.208793
1.820832
0.950608
1.862967
0.031595
0.510365
0.143163
1.641492
1.566682
0.708370
0.804983
3.254838
1.453011
0.106364
0.959318
0.566537
2.117121
1.283146
0.412082
0.090065
0.150826
1.118099
0.847915
0.557726
0.750683
1.753947
1.475999
0.029317
0.209126
0.257341
0.610182
2.916879
3.370194
0.112101
1.366140
2.018328
1.291695
0.753999
3.548583
0.813649
0.731492
0.469601
0.002844
1.379371
0.139081
2.351289
0.456191
0.318832
0.091260
0.431672
0.982963
0.105360
1.768653
0.975258
1.582957
1.528027
1.610715
0.633615
1.267276
0.211853
2.292850
0.312439
0.903498
0.092115
0.313654
0.290117
1.994993
0.573035
0.598213
0.135148
0.840992
0.762190
0.462583
0.039194
0.520947
0.128319
0.013724
1.103961
0.409673
1.851769
1.563228
0.472462
1.959405
0.098969
1.492353
1.881910
0.464089
1.266809
1.640939
0.098935
0.729914
0.990502
0.417900
1.387205
0.489938
0.258938
0.798643
0.865292
0.778351
0.353285
0.865578
0.161155
1.349435
3.235451
1.919715
0.124442
0.101965
0.847815
0.048203
0.050834
1.606905
3.820823
1.577027
0.302625
0.328508
0.424834
0.022733
1.715167
0.683756
1.830263
0.972468
0.625420
1.895783
0.442329
0.434566
0.133377
1.803414
1.053092
0.620548
0.295596
0.645174
1.581201
0.149978
0.255928
0.110312
1.127126
0.270701
3.307631
0.229272
0.527288
0.205079
2.336947
0.118934
4.372524
2.038743
2.572701
0.276853
0.998736
0.293369
3.081790
1.331700
0.641693
0.032534
1.135920
0.289547
0.310575
0.606488
0.853392
1.988949
0.135620
0.293233
0.348739
0.173801
0.341196
1.638589
1.533800
0.145293
0.306224
1.234064
2.147421
0.224277
0.138382
1.132543
2.476455
0.138138
0.049315
0.591271
0.706792
0.959338
0.733780
0.477452
0.355614
0.021997
0.770269
3.184127
0.940774
0.681134
0.334119
0.259885
0.370769
0.946382
1.081634
0.717625
0.123499
2.201787
0.784121
0.675055
0.247396
2.716522
1.635372
2.751901
0.643340
0.754643
0.839561
1.284366
0.356507
1.233629
0.293992
1.191705
3.121687
0.247019
1.836979
0.205773
0.428298
0.045754
0.043537
0.313563
0.750976
1.153116
0.508647
0.285973
0.006077
0.963961
0.049033
0.652068
0.037387
0.228133
0.021729
3.297467
0.313273
0.118620
2.930610
0.322597
1.638288
0.602656
0.039945
1.613804
0.418560
0.075636
2.040758
0.079681
0.528439
0.308625
1.379614
0.929000
0.231544
2.262694
0.660430
1.319908
0.638175
5.208416
0.167452
0.408897
1.511842
0.475525
0.203638
0.895132
0.196135
1.645606
0.274764
1.583920
0.252053
0.341045
3.663885
0.373725
6.495297
1.204350
0.413936
1.685289
0.559399
0.241016
0.489763
1.074491
1.599275
0.453783
0.312507
0.022009
5.383567
1.264567
0.442929
0.333279
0.306701
0.959838
3.415728
0.330919
2.191989
1.671620
0.898668
0.012804
0.535223
1.172386
0.395132
0.624792
0.153522
0.815518
1.030482
1.311612
0.347854
0.339185
0.100671
3.549414
1.398418
0.636818
0.861424
1.400617
2.719036
1.198478
1.025593
0.589225
0.030969
2.678476
1.478072
0.321455
0.136872
0.402753
0.315685
0.746590
0.938281
0.109049
1.430028
3.416036
0.870970
1.673562
0.041625
0.642257
0.403911
0.210516
0.387951
0.004133
0.067766
1.107796
1.287185
0.031811
2.369244
0.225069
1.021654
0.394192
0.103545
1.050458
0.157341
0.106849
0.111937
1.053419
0.012202
1.782997
0.873724
0.016017
4.058240
0.605403
0.428037
0.927398
1.281143
0.093851
1.188426
0.808431
1.860413
0.004196
0.503385
0.442994
1.592153
1.077428
0.161533
0.805627
2.497940
0.733674
0.058933
1.239807
0.343139
6.906370
1.961371
1.709105
0.208246
0.598614
1.842016
0.927663
0.889215
0.292800
0.879368
0.642381
1.432145
0.401655
1.630223
0.116245
0.158781
0.608508
1.391520
0.410005
1.936523
1.414633
1.390689
0.079297
0.591521
0.441934
2.402632
1.840188
0.189753
0.894328
0.009315
1.863871
0.013518
1.149464
0.318906
0.350616
0.506720
0.590309
0.047239
4.084845
1.523020
1.149651
2.074667
0.169489
0.252714
1.510768
0.118171
1.404030
0.617135
0.940830
1.072284
0.907679
0.525994
2.495286
0.789743
0.268076
3.436086
1.898144
0.155607
1.957755
0.767545
0.666222
0.278883
0.639833
0.218069
0.229374
2.103550
0.140552
1.118006
2.042318
0.381180
1.402781
1.740650
0.353882
1.867447
0.214756
0.408842
0.769581
0.035754
0.534958
1.735417
0.384654
2.639057
0.521440
2.767232
0.426368
0.813695
1.158813
1.899032
0.722321
3.614478
0.388353
0.182026
1.059822
3.624557
0.984253
0.836875
0.055277
0.044421
0.731175
0.094224
0.914153
1.092545
0.129261
0.863545
0.086439
0.577843
0.175427
0.697466
1.052042
1.788833
3.148702
1.568381
0.313557
0.120895
0.344835
0.308529
1.257563
2.187977
0.747877
0.375879
1.022842
3.256724
0.065073
1.653701
1.956976
1.084446
0.301913
0.774437
0.201735
0.351229
1.495827
0.067126
0.660038
5.013851
1.168784
0.287095
0.591168
0.320339
2.681020
3.761942
0.212696
1.037509
2.456927
0.275669
0.764219
0.432791
1.939989
1.166204
0.113930
2.025568
1.430756
1.599062
0.868480
0.163541
0.677384
0.731182
0.276398
1.941935
2.391069
0.687937
0.346687
1.104775
0.181360
0.690939
0.662764
1.200729
0.019633
0.427921
5.470931
0.000048
1.255703
1.511715
0.709263
1.370440
0.337344
0.317956
0.273282
1.960090
0.727898
1.755085
2.506940
0.033811
0.161660
2.104469
1.095822
0.101634
1.531758
2.410424
3.318645
0.171517
1.531173
0.746610
1.087412
0.182684
0.678837
0.361085
1.666459
1.655860
2.244678
0.900170
0.070869
1.331830
2.968867
1.043482
1.593353
1.371647
1.708053
0.042720
0.920447
2.439428
0.187843
0.094021
0.574565
0.009001
0.233012
0.244198
0.342235
0.097785
0.477171
4.705480
1.064768
2.878088
0.596344
3.337967
1.162781
0.818327
1.149777
3.351946
1.602238
2.787957
0.167898
5.733289
5.037438
0.129804
0.603205
0.651656
0.496661
1.930795
0.324020
2.707787
1.672884
1.130396
1.973427
2.731169
3.592794
1.148741
0.326090
0.010159
0.018657
0.062546
0.414458
0.051624
0.416328
0.856331
1.057292
0.606225
2.215880
0.273306
0.429389
0.507893
1.421266
0.732297
0.538073
1.051161
0.512005
0.373677
0.400997
0.656089
0.951074
0.531259
2.152335
0.482323
1.092907
0.985117
0.205278
4.979619
0.550451
0.295156
0.035314
3.180784
0.624619
0.708049
1.653500
0.639993
0.286617
1.469847
1.950831
0.495058
0.675576
0.401352
0.048205
4.750670
3.077472
2.574404
0.054161
0.021039
0.973628
0.027791
1.394158
0.079217
1.729451
0.266726
0.647909
0.229504
0.596926
0.084708
0.942931
0.422183
0.831174
3.199043
0.206922
0.054166
1.817085
0.954669
3.854272
0.382323
0.649979
0.964276
0.101806
0.649015
1.077396
1.114121
0.399979
0.268601
1.287573
0.423140
1.395706
0.468197
2.329708
1.314411
0.678945
0.415015
0.136821
2.886747
0.492823
0.459345
0.926003
0.801947
1.241708
0.190264
0.065891
0.403046
0.267793
0.767589
1.655464
0.465361
0.083946
0.740409
1.413409
0.465210
1.462456
1.010052
2.069079
0.927470
0.343342
0.927900
0.881886
1.294557
1.462263
3.297036
0.396859
0.185358
0.231628
0.848143
0.456048
0.782693
0.218175
1.588299
0.879094
0.305970
0.142405
1.233514
1.242567
0.508876
2.498180
0.387293
0.503808
3.753530
0.086292
0.053272
0.825113
0.005788
0.346453
0.338328
1.719440
1.797927
0.157073
2.430266
2.544980
0.334116
1.006630
1.225404
1.466587
0.749069
0.554288
0.038884
0.298837
0.233395
2.029443
0.224396
0.752246
1.689677
1.178824
2.829431
1.134693
0.791175
0.382817
0.271841
1.363032
0.206720
0.022014
1.597091
2.511818
0.088516
0.191353
1.729396
0.047452
0.662519
3.260318
0.836987
1.271548
1.345395
1.808490
0.523794
0.047274
1.185057
0.183430
0.203999
1.012541
0.004211
1.098815
0.530187
0.029473
2.143430
3.101872
0.041600
0.746543
0.951251
1.536296
1.049207
0.013808
0.027361
0.728963
0.276615
1.408293
1.463363
0.174141
0.496810
0.318608
0.018851
1.213080
0.347201
1.331338
0.113039
0.597206
1.090349
2.880761
0.235116
1.165782
1.319252
0.043474
0.773612
0.019095
1.474341
1.586240
1.088751
0.325368
1.958093
0.996991
1.485968
0.033265
0.692850
0.102910
0.756322
0.562674
1.472940
0.125929
0.026873
0.096250
0.295152
0.038469
0.247960
1.077914
1.689107
0.331083
0.901358
0.745881
0.389242
0.571919
0.758013
1.040262
0.565630
0.834846
0.027882
0.783961
0.511369
0.781207
0.595384
0.374439
1.129878
1.576858
0.313227
2.676522
0.452825
1.458748
0.077043
0.322096
0.064102
0.468970
0.487978
1.858496
0.109504
0.117451
0.297427
0.339058
0.405971
0.787923
0.225968
0.256317
3.079437
0.312948
0.192540
0.030859
0.712036
0.261891
0.020357
0.165302
0.757300
0.772371
0.106979
0.570437
1.573926
0.104399
2.626845
0.040743
1.193819
0.012757
0.386274
0.449009
0.779776
1.663948
0.201594
1.525974
0.835684
0.694091
0.212656
2.450868
0.707431
0.110913
0.771885
0.572683
0.096255
0.300448
0.284716
1.547065
0.755979
1.860383
0.171862
1.024060
0.461300
0.755749
2.373813
0.078203
1.314583
0.149188
3.755679
0.050936
0.710783
1.009393
1.120099
0.121957
0.360339
0.870742
0.243662
0.832994
1.699145
1.464878
0.712292
0.843637
0.357758
3.354808
0.421128
0.487285
0.792206
1.241937
0.565709
2.928429
0.944390
0.859028
1.199117
0.866311
0.464759
1.045152
3.210465
1.115469
0.113894
0.047834
0.780970
1.373118
2.500990
2.258096
2.581768
0.869725
0.393498
0.085084
0.266522
0.895194
1.214399
0.349439
0.277062
1.487312
0.591191
3.394018
2.756092
1.453534
0.166569
0.239964
0.217444
2.690223
0.025123
1.062544
0.597506
1.536950
1.121475
0.188012
2.724740
0.901586
2.841531
1.774350
2.688530
0.472912
2.099570
1.760348
0.553859
0.382317
2.066208
0.795614
0.385079
0.446723
0.107105
1.478016
1.673780
1.143276
0.067774
0.450262
0.716108
1.633086
0.120484
0.253555
4.407446
0.665015
0.035139
0.179122
0.578011
1.043069
0.240890
0.912909
1.021119
0.628585
1.330453
1.920644
1.099412
1.971366
0.063043
1.331765
1.095014
0.798488
0.840281
3.054164
0.071923
0.891123
0.898251
0.532203
0.420514
0.509696
1.266632
1.999218
0.444381
0.165218
0.288126
0.600007
3.201521
1.339197
0.149257
0.098593
0.351860
0.824809
0.138176
0.707846
2.838116
0.930902
0.835850
0.290643
0.361691
0.272632
0.401538
0.056330
0.438635
0.363020
0.149503
2.458226
0.035351
0.410910
0.972859
0.836583
1.067053
1.284156
0.365683
0.637002
0.012090
0.251947
0.340139
0.980876
0.542528
0.583298
1.138014
1.635110
0.869722
2.033825
0.182272
1.182721
1.994234
0.387860
0.073875
0.318748
0.708361
0.305805
0.061884
1.215833
0.784973
0.535411
0.536361
0.864721
1.628612
4.428404
2.025688
3.965467
1.064420
0.370302
0.564849
3.754898
0.851247
0.065683
0.936369
0.665779
0.403743
0.061180
0.480663
0.355794
0.323333
1.249044
0.409770
1.788688
0.763103
0.877103
1.008284
1.848640
1.594665
0.283333
0.705373
0.956934
2.103788
0.023626
0.125342
0.155309
2.134778
0.980184
0.513136
0.301384
0.603520
0.021908
0.581255
4.429684
0.148467
0.265696
0.342540
1.286618
0.102901
0.358595
0.306614
3.514351
1.393129
1.398989
1.259203
1.118431
0.083225
0.102850
0.946837
1.143913
0.918186
0.181636
0.245157
1.255051
1.118030
2.224704
0.173007
2.042535
0.301857
0.938649
0.745840
0.122574
0.281252
2.127412
1.938210
0.056626
0.503356
0.502811
0.282096
1.141713
0.353701
0.355992
0.028076
1.498351
0.228596
1.339684
0.639763
0.170717
0.218358
0.679601
3.722220
0.422293
0.831121
0.312772
0.407734
0.303040
0.242442
1.268876
2.400284
1.072416
0.152753
0.910994
0.282874
0.376460
0.588316
2.920028
0.500766
1.180721
1.222613
3.779924
1.951546
1.463002
0.108715
0.090111
0.599608
0.019756
0.652150
0.039323
0.231288
0.401549
0.346538
0.598447
1.766592
0.125728
0.301942
0.436858
1.181629
0.651046
1.753241
0.402711
0.271839
1.335490
0.985750
0.245706
2.283432
0.484143
0.195997
0.596022
0.200354
0.791057
0.029957
0.474055
0.756293
0.428316
1.986331
0.115430
0.251340
2.341314
3.732301
0.822703
1.211761
4.376080
0.028282
0.131190
0.352205
1.568693
0.345266
1.057621
0.763021
2.881491
1.098597
0.429250
2.141463
0.961085
0.808932
2.207021
0.095362
1.002894
0.846377
0.873607
0.372719
0.012809
0.082828
1.059171
0.504855
2.000898
0.666816
0.838382
1.243112
0.789820
2.913338
2.032583
1.806075
0.083576
1.669825
0.075987
0.101756
0.825978
1.818615
1.587016
0.113017
2.397441
2.789527
1.625653
1.038255
0.270455
0.039201
0.099229
3.210730
0.038379
0.290098
0.059021
1.356916
0.129241
0.491495
0.540284
0.249761
0.452357
2.207826
0.398466
0.388352
0.243561
0.054884
1.872713
0.988514
0.855892
0.576380
1.028978
1.160106
2.861662
0.703851
0.548606
0.226102
0.694571
1.090956
0.297391
0.288839
1.101087
0.000424
0.888303
0.177027
0.225339
0.425051
0.543891
3.263116
1.682142
1.240818
0.013447
1.065162
3.830771
1.088102
0.355062
0.982370
0.004990
1.213970
0.296004
4.618943
0.177257
0.218185
3.107371
0.279956
1.286474
3.359513
0.586185
0.656686
0.641030
0.483344
2.320043
4.137472
2.782618
0.538325
0.487316
1.705706
0.048686
0.860182
1.156568
1.992469
0.199500
2.541600
0.489992
0.612850
1.232980
1.052814
0.478028
0.857224
0.352731
2.021365
1.659755
0.636448
0.955015
0.069747
4.903920
0.499520
1.401337
3.072057
2.334690
2.782993
0.779452
0.136683
0.737304
0.382394
0.053504
1.081891
2.185488
4.598965
0.066749
0.103618
0.755420
0.747931
1.413478
2.312742
0.347542
3.504254
1.126145
1.316189
0.511219
1.823177
1.278762
1.501412
0.536562
0.196008
0.521041
0.255976
0.633692
0.352164
0.515806
0.163298
0.558406
1.510864
1.687290
0.289950
0.317339
1.527343
3.756541
0.743387
0.012601
0.746338
0.023792
0.642744
0.209033
2.410804
0.461594
0.471159
1.853380
0.101381
1.204760
2.100192
0.157580
1.097927
0.519705
0.378975
1.292766
0.459127
1.537237
2.423430
1.964793
0.111441
0.177446
0.188453
2.461282
0.583374
2.913964
3.493712
1.521793
1.170512
0.390878
0.298347
2.816129
0.755684
0.173227
0.430532
2.164238
0.207866
0.256053
0.973671
0.138909
0.469921
0.313961
1.060051
0.844512
1.466434
0.681316
0.145306
1.320761
0.256860
1.559079
5.347695
1.358774
4.757323
0.341256
0.149432
1.624721
1.811317
0.824268
0.017176
0.760902
3.006206
0.001039
0.095003
0.986962
1.492577
0.500630
0.121311
0.525619
0.548043
0.580042
0.905491
0.761387
0.253003
0.694531
0.019602
1.707348
1.172012
2.313618
1.717280
1.763161
0.095756
0.183015
0.229310
0.763063
0.478797
3.973929
0.499994
1.475518
1.283664
5.415796
0.973449
0.111572
1.377892
3.946158
2.328825
0.272393
0.461562
1.291956
0.817974
0.366032
1.023675
1.120172
1.705724
2.398781
0.631678
1.151913
1.643436
3.011452
4.249946
1.735692
1.539234
0.438795
0.056054
0.857979
1.766218
0.298514
0.087718
1.679913
1.636054
2.145482
0.219892
0.050888
0.552378
0.632422
1.153152
0.899366
0.913839
0.105029
0.706392
0.926729
2.692573
0.761589
0.632026
1.421595
0.381187
0.193855
0.693682
2.491523
0.266954
0.676574
1.285109
1.484570
0.217723
1.538641
0.619622
1.731696
1.476764
0.875584
1.820857
0.526979
0.287522
3.273041
0.255998
0.007857
1.625597
2.994757
0.016499
0.001992
1.855492
0.656781
0.092196
4.286225
0.277270
0.331477
1.805159
0.314253
0.617628
2.020796
2.815699
0.202728
1.418180
0.239839
2.423566
2.054024
2.919413
0.159756
0.589908
1.637523
0.401515
0.401793
0.815055
0.027417
0.063758
0.128541
0.588698
3.066219
1.540990
1.472278
1.150778
0.129956
0.033783
0.374466
0.386597
1.006131
3.205838
1.782387
0.250011
0.024875
1.759074
1.056167
0.146964
0.108076
0.333720
0.352079
0.458943
2.352155
0.826561
1.151279
1.900428
2.062878
0.249689
3.131902
0.801682
0.559763
0.590279
0.255064
0.234801
1.497099
0.264854
1.679038
0.288414
0.894255
0.862290
3.661204
1.672187
1.005048
3.107933
0.075776
1.041708
0.037632
1.009234
1.346625
1.701283
0.034444
0.000539
1.798987
1.532693
0.433227
2.341572
0.934332
0.518593
1.986720
1.015645
2.686422
0.717768
0.705972
0.008181
0.054056
0.103652
0.951043
1.064700
0.873394
1.420542
2.119170
2.178277
1.722745
1.603454
0.502407
1.112029
0.381067
1.004364
0.049370
3.189951
0.992653
2.154409
0.978409
1.495795
2.488934
0.740393
2.262796
4.471268
0.489005
0.651201
0.129927
0.731126
0.587707
4.966830
2.024425
1.331248
0.846812
0.857206
0.479054
1.430850
0.625430
0.303796
0.190594
3.202340
1.093368
0.127982
0.397820
1.850975
0.010291
2.501621
0.088874
1.790573
0.506743
0.319408
1.486446
1.750267
0.170470
1.951974
0.751892
0.208589
1.049428
1.891947
4.771174
0.384817
1.489245
0.230093
1.208912
0.194121
0.886789
0.931987
0.132112
0.261377
2.582857
0.815085
1.042220
0.757993
0.518471
0.955926
3.566913
0.249462
1.371847
0.284848
0.483614
0.193731
0.965429
0.731640
0.534023
0.127186
0.804040
0.219696
1.021512
0.608787
0.254339
0.431936
0.113302
0.292115
0.374329
0.362635
0.014462
1.766433
1.288557
0.099792
0.828399
0.434756
0.481478
1.332158
1.111031
2.147969
1.790271
0.138208
4.149374
0.615696
0.682993
0.780765
0.857868
1.192990
1.892422
0.212116
1.122300
1.034175
0.797085
4.233397
2.716293
0.529769
0.174958
2.358448
4.541473
1.703798
0.842670
1.321057
0.132854
0.093796
1.922140
0.354164
0.248327
0.806204
0.891140
0.643528
0.834235
0.430058
4.200735
1.371562
1.289291
1.122921
0.674597
2.725427
0.751142
0.269388
0.267755
0.166934
0.057049
0.632130
0.039504
1.405377
0.271960
1.563881
0.008380
0.897896
1.021740
0.506947
1.458950
0.312064
1.323339
0.902451
2.050970
2.087235
0.052971
0.188177
0.441078
0.072376
1.276900
0.340800
0.442945
0.478509
1.036720
3.279880
1.052169
0.654999
1.347295
0.300264
0.155401
0.353903
0.091586
0.449511
0.840362
0.558529
0.609727
1.277178
1.039856
0.215625
0.143862
2.006194
0.198665
1.558555
0.216588
0.197727
0.579151
1.297080
1.322662
1.114308
1.445524
1.190458
0.933456
0.751696
1.920211
0.070747
0.312232
0.260909
2.704059
0.797334
0.375052
1.232339
3.268911
1.874379
1.139708
0.378120
2.245630
0.116849
0.945165
1.025439
1.160102
3.065273
4.050004
0.108198
1.019573
0.546893
0.547222
0.060081
1.806583
0.480492
1.364613
0.493082
2.174268
0.135851
0.491839
0.191199
2.057416
1.412513
1.154914
0.097090
0.730061
1.355810
0.594255
0.351341
0.849718
1.985816
0.442948
0.001397
0.424250
2.715529
1.007956
0.464949
0.166750
0.210814
0.821105
0.803998
0.370670
1.184141
1.996401
0.012884
1.088700
1.202596
0.462654
1.150557
0.057027
0.779773
0.523576
0.501657
1.098415
0.382809
1.045090
0.559286
1.051653
0.152231
0.284379
0.985406
0.603006
0.077838
1.390476
0.050905
0.209041
1.168902
0.458711
0.146912
0.489536
2.062187
0.056757
0.276526
1.120310
0.586943
1.294990
1.276325
0.183072
1.088500
0.061737
0.079922
0.940277
1.513699
0.820299
0.650380
0.907623
0.151445
0.634077
0.460766
0.019505
0.742143
0.059153
0.912017
2.819165
1.109318
4.514160
0.916698
1.124212
0.213238
0.943099
0.216896
1.598981
0.872313
1.213215
0.656708
1.375858
0.168519
0.186214
0.158606
1.030963
0.277837
0.885056
1.794957
0.630824
1.408456
1.015330
1.118556
0.313610
0.604814
0.282360
0.417872
0.637198
3.219966
0.499120
0.370189
1.032987
1.234111
0.417220
1.919515
0.079622
0.305969
1.571030
0.744941
0.223438
0.313077
0.202378
0.590424
0.405711
0.727980
2.166159
0.009781
0.222901
0.422156
0.620526
0.471370
0.666852
4.933550
1.850502
0.167860
0.409009
2.692977
0.181488
0.212034
1.627890
0.230770
0.150712
0.977215
1.319675
1.684081
0.789212
0.554011
1.226343
0.125745
0.706076
0.062260
0.276627
0.246235
1.008364
1.747055
0.867274
1.267067
1.284712
5.666580
2.689614
0.233927
0.235267
0.254692
0.521348
0.152776
1.217311
2.875499
1.428245
2.573809
0.672161
1.694572
2.646378
1.261950
1.753110
1.043891
0.681859
1.065641
1.675539
0.700112
1.726039
0.966697
1.003911
2.620504
0.376192
1.016356
1.238593
0.894182
0.586803
0.133497
0.777830
2.743969
0.704173
0.413958
1.268994
2.078687
0.310179
0.697893
0.769365
4.104033
0.691113
0.917915
0.083618
0.558719
1.588237
1.689763
0.769376
0.041398
0.469088
1.444366
2.096704
0.648808
0.559859
0.897682
1.782620
2.198026
2.013533
0.016328
1.192474
0.077012
0.210399
0.087254
1.291981
0.485902
0.000685
0.743141
1.651274
0.792530
0.333916
0.991259
2.346104
0.803998
2.155335
0.286119
0.384367
0.054394
0.085921
0.398148
0.831728
1.447307
3.552444
3.558740
1.333782
0.894004
0.394462
0.652173
2.526483
1.524997
1.010667
1.113984
3.635990
0.919171
1.424041
1.237324
0.626949
0.766363
0.404539
0.382292
0.273423
0.490272
1.695640
0.118196
0.034453
0.498353
0.132286
1.083687
0.899021
0.017376
1.579101
0.151247
1.255959
0.777227
0.662362
0.607940
0.218542
2.041414
0.436963
1.508828
1.232335
0.014825
0.790804
1.479603
0.171150
1.737924
1.333662
1.571193
0.042602
0.008295
3.464149
1.004792
0.300317
0.559067
0.523449
2.470142
0.404893
1.525469
0.261743
0.077054
0.334193
1.735219
2.752521
0.593133
1.320852
0.329804
0.460198
1.926916
0.175163
1.787137
2.212841
0.863656
1.090303
0.452707
0.978265
0.019842
0.018709
0.577790
2.993772
0.441806
0.754777
2.418514
1.298382
0.272729
0.906686
1.624220
0.019200
4.421003
2.355140
1.077271
0.376523
0.714110
6.205876
0.792460
0.174838
1.073744
0.223913
0.853969
1.140069
0.370789
0.570884
1.160280
0.833672
0.772197
1.029945
0.951455
1.363620
0.649429
0.027545
2.504953
0.416863
1.606280
1.940366
0.104761
2.068222
2.298343
1.553580
1.418735
0.002770
1.827035
1.343293
1.563413
0.557273
1.240244
0.430084
2.901674
0.033349
0.265353
1.213552
0.733738
0.704607
1.134552
1.573522
0.291279
0.760843
0.408310
2.661350
2.467264
1.163227
0.389740
0.368388
0.490842
0.922533
0.484400
0.548057
2.929845
2.004030
0.217999
0.875119
0.236890
1.595640
0.610622
0.383745
0.181062
0.529352
0.495129
0.801018
0.364418
1.035204
0.642960
1.664254
0.058172
0.543657
0.015764
2.370650
0.762391
0.635690
0.213092
0.557831
1.345724
4.807919
1.594540
0.015061
0.027363
0.596005
0.192937
2.175283
0.408609
0.624694
3.164975
0.180767
0.986985
0.376126
0.556572
1.006951
0.123297
0.637535
2.690623
0.735169
0.162921
1.719529
0.280653
1.477640
3.063317
0.473416
0.407694
1.139226
1.060626
1.063712
0.922482
0.574484
0.099910
0.559234
0.543306
0.167930
1.332651
1.127102
0.043385
2.147760
1.549688
1.462898
1.060144
0.598372
1.235802
0.206659
0.834270
0.204064
1.372457
0.282983
0.032656
0.665879
0.028872
1.830334
0.084108
0.080300
0.556654
0.378415
1.422697
0.333109
0.978654
1.664072
0.407612
3.238130
0.075664
0.002514
2.264722
0.747035
0.191062
0.725781
0.525256
4.009406
0.294579
0.039466
0.860080
0.102314
2.800646
0.773181
1.735155
0.680385
0.178160
1.008869
0.202327
0.434776
0.671556
0.725879
0.644185
0.247922
2.060572
0.703722
0.808089
0.118648
0.504881
1.893560
0.152643
2.462538
0.080437
0.024968
1.397696
1.367273
0.712323
1.977835
1.409786
0.233356
0.984487
0.400847
1.006878
0.091207
2.266463
2.763231
1.266601
0.452630
1.780593
0.515318
0.001527
0.814323
2.326959
0.552596
0.226971
0.480914
1.710781
0.717902
3.650291
0.841897
0.740091
1.094074
1.172045
0.099214
0.503174
1.435101
0.396468
3.137601
0.902371
0.004861
1.499617
0.150311
1.214071
0.767147
0.481122
2.298753
0.011807
0.645952
0.308408
0.166483
0.026516
3.126741
3.305843
0.097442
0.177192
1.874211
1.391649
2.111893
0.436420
2.465121
0.248866
1.871117
0.919492
0.347566
0.219232
1.097571
0.316542
2.919490
0.154656
0.068972
2.148371
2.077151
0.867446
0.472993
0.044867
0.492291
0.251466
1.233472
0.064460
0.329699
1.283973
0.719488
0.442558
0.046260
1.331397
0.294412
0.600142
0.048805
0.751038
1.727910
3.451947
0.396128
0.301506
0.537003
0.459343
0.073766
1.525613
0.852864
0.191791
1.805897
1.911561
1.504091
0.942265
1.759852
0.642994
0.652753
2.195404
0.525951
0.231142
0.131579
0.269424
0.506315
0.574408
3.472975
3.132787
1.014063
1.475125
2.143472
1.302536
0.274775
0.333385
0.107267
1.665800
0.635838
0.422919
0.567733
1.526566
0.791613
0.175673
2.079508
0.975663
0.978978
0.059419
0.323798
1.317144
0.879420
2.076940
0.729249
0.581413
1.998883
0.087205
1.570086
2.898419
0.023462
0.287672
0.930887
0.163812
2.323116
0.284320
2.565192
0.639570
0.833254
0.351348
1.302427
4.329296
0.453485
0.551569
0.301494
0.981519
0.697289
1.215145
1.879264
0.340975
0.220899
2.799331
1.361639
0.033336
1.198304
3.183823
5.180224
1.642300
0.996235
1.221380
0.341064
0.945918
0.619892
0.117097
0.020837
0.081898
0.252791
0.443923
0.354525
1.627279
3.451594
4.678175
2.214621
0.489956
0.605595
0.156833
1.381752
1.245079
0.058310
0.712956
0.116328
0.567994
1.586414
0.174157
1.041979
0.655165
0.653870
1.331301
0.937783
2.321409
1.956655
0.289574
0.293222
0.368352
0.304360
2.154761
0.067331
1.783683
0.120632
2.314228
2.081503
0.151654
0.088336
0.462071
2.825705
0.731585
0.134798
2.621232
0.845198
0.369787
1.790769
1.577812
0.316037
1.063968
1.052500
0.958051
0.151323
0.364806
1.199193
0.905955
0.315045
0.168470
0.045266
2.995277
2.071352
2.303066
0.299246
1.297281
0.783326
0.366400
0.594556
3.095297
0.879478
5.865964
0.447998
0.970143
0.164086
0.128833
1.340128
0.198590
0.620618
0.170368
2.353090
0.925109
0.605369
0.524282
0.379307
0.161601
0.108018
0.478150
0.790128
3.559189
0.866401
0.525867
0.489686
3.677969
1.131691
0.293173
1.868302
0.143528
3.881483
1.304943
0.933736
1.982098
1.622763
1.387351
0.546920
1.191414
0.156011
0.003602
0.618740
0.260570
0.000350
1.144534
0.470697
0.116612
0.740601
0.551009
1.756857
0.996460
2.289857
0.043977
0.374925
0.527559
0.161101
0.486641
0.327350
0.206441
0.264835
0.987880
0.925840
2.970449
0.930002
0.490474
0.136169
2.499488
0.042943
0.931194
2.187232
0.379906
0.457605
1.372591
0.462513
1.301709
0.688295
0.775387
0.766713
2.500720
0.033747
0.653494
0.140757
0.589770
1.022489
0.759284
0.655164
1.142851
0.862008
0.503402
0.271618
0.061333
0.194804
2.320971
0.623075
0.054686
0.145395
0.518755
0.951981
1.324580
0.038442
0.055098
0.486169
0.742973
0.126062
0.587072
1.025961
0.022710
1.473577
1.791990
2.437433
0.581929
0.116583
1.258098
0.376947
0.652515
5.995098
0.600571
0.149308
1.029317
0.759409
0.194290
2.933775
0.505193
0.305891
0.930257
0.212831
0.149448
1.057618
0.005609
0.154069
1.705707
2.215930
0.163207
0.997870
0.126678
1.534504
1.548877
1.298285
2.288765
0.074875
2.421363
0.875377
0.082875
0.829392
6.032906
1.248048
0.312486
0.525630
1.422119
0.605714
0.059712
0.810890
0.093854
0.237634
1.457411
0.442764
0.888978
3.212534
0.314896
0.561299
0.116020
1.862029
0.226090
0.136240
1.965102
0.177768
0.618986
0.063464
0.255048
0.945225
0.087851
1.518823
1.530070
0.670996
1.631032
0.684274
0.581167
1.021900
0.181228
2.196770
1.935455
0.545181
0.500193
0.407360
0.913197
0.691503
0.569869
0.011739
0.815312
1.124467
0.504802
0.073903
0.649372
0.577543
1.912644
1.734283
0.335307
0.510023
0.162852
1.226314
0.099518
0.743896
0.056557
0.214601
0.149689
0.565258
0.291730
0.155205
1.696656
0.730040
0.524714
2.590632
2.282128
0.354672
0.625905
0.069451
0.486357
0.100218
0.144117
3.309986
1.291357
2.542194
4.705047
0.237382
0.985699
0.201590
0.559144
1.227157
0.407311
0.216340
0.234569
0.472407
0.306805
1.316889
2.852035
1.242012
0.196937
0.273516
2.738559
0.671004
0.151184
1.036372
0.661307
0.736754
0.020973
1.203475
0.611061
0.112486
0.467812
0.795303
1.199372
0.775490
0.041464
0.312786
0.394197
3.082646
1.250963
0.930188
2.707879
0.133280
2.238540
0.537741
1.943977
0.271563
1.296578
2.939405
2.454247
0.453075
0.300753
0.190310
0.696382
1.460343
0.744688
0.681677
2.149525
0.307375
1.594359
0.429292
0.769362
0.970755
0.339327
0.663382
0.109432
2.405055
0.516246
1.018965
0.325401
1.051147
0.350791
0.013009
1.827333
1.162738
0.149020
0.498163
0.380181
1.452643
0.092231
0.519706
1.122303
0.847175
1.424762
0.252064
0.555024
0.472986
0.992229
0.402124
0.578992
4.873995
0.572154
1.097182
0.117295
0.734068
0.169230
0.361397
1.473008
0.673899
0.595209
0.164662
0.238885
0.599516
0.413850
0.065659
0.842312
1.276867
4.598295
1.017108
0.418390
1.684320
0.025815
0.495891
0.904756
1.893974
0.049571
0.061760
0.675905
0.538054
0.169508
0.807364
0.733473
1.112834
1.509160
1.389613
0.500948
0.123950
1.525731
0.775522
0.872022
0.416464
1.244448
0.056938
1.958470
2.286814
0.474005
1.522218
0.557184
1.422494
0.498383
0.226954
1.201032
1.122512
0.882822
0.409748
0.189832
0.224941
1.867458
0.851352
1.377891
2.251347
2.518179
0.986966
0.888620
3.120570
0.906309
0.490489
1.264498
0.765661
1.681725
2.088168
0.075960
2.932136
2.141225
2.050415
0.947469
1.420137
0.849512
0.151095
1.529100
0.546100
0.137683
0.246418
0.535388
2.300844
0.142912
0.324756
1.130975
1.122108
0.073642
0.013013
0.413493
0.375770
0.146375
1.284227
2.233358
0.126241
1.113197
0.168579
1.131506
0.487742
0.282888
0.069671
0.373039
1.374444
0.324934
0.352353
1.315592
0.274212
1.165356
1.497872
0.166192
1.066106
0.699420
1.892703
0.282042
0.064085
0.650434
0.450673
1.943461
0.350824
0.271265
0.072964
0.854393
0.527588
0.064205
1.400817
2.235815
0.000964
0.832227
2.590585
0.547179
0.115368
1.872234
3.472658
0.685473
0.961120
0.232896
0.582220
2.381544
0.051714
0.027156
0.344512
0.145078
0.719550
0.262247
2.928512
0.024666
1.058049
0.097233
0.024985
4.085326
0.114329
0.484404
1.651825
0.742482
1.554757
1.889056
0.640241
1.349211
0.691747
0.786284
2.526648
2.271827
0.445627
2.158145
1.058352
0.501170
1.926051
0.858109
0.024276
0.460468
0.570726
1.694635
0.259256
1.606278
1.901151
1.191004
1.240029
3.352855
4.232891
1.133500
1.723474
0.480967
2.893999
0.336949
2.312146
0.174139
2.427728
0.378927
0.635695
0.655977
0.255780
2.772622
0.140574
2.044471
2.163765
0.650913
0.210290
1.006594
0.568439
0.664442
0.147047
0.852093
0.108817
2.598346
0.264563
0.148423
0.804687
0.308340
0.884947
2.823462
0.288293
1.131880
0.196089
0.604511
0.247781
0.542645
0.387297
0.702314
0.170288
0.532561
0.011148
1.694241
2.146048
0.219158
2.138094
0.890827
0.315152
0.486077
1.642424
0.581090
3.306962
0.574553
0.258574
0.780854
0.758890
0.979395
0.363425
3.595886
1.286668
0.296812
1.764484
0.126970
0.531543
0.749328
4.160031
2.476049
0.817404
0.006260
1.207717
1.953744
1.968627
1.935591
8.321533
0.371244
0.703460
1.694536
1.360126
0.186868
0.398314
1.046220
0.084376
0.532819
1.107906
0.277229
2.999290
0.351583
1.536554
0.015816
3.048870
0.781787
1.004010
1.351482
1.503775
2.084222
0.247800
1.166750
0.324509
1.647617
0.081973
1.523819
0.790452
0.494754
0.352165
0.778779
0.172560
0.414955
0.839983
0.629380
0.006131
1.952560
2.822650
0.289046
1.036640
0.632771
1.539440
1.126682
0.178643
0.555877
0.229942
1.194368
0.577248
0.020726
0.442650
0.576140
1.548887
0.668928
1.390674
0.081939
2.169096
0.775365
0.070655
0.183887
0.951519
0.299758
0.055720
0.453104
0.085380
0.318590
0.805575
0.109565
0.642219
2.420583
3.120041
0.329571
1.421683
0.128224
0.570467
0.213095
1.174057
2.167078
0.906282
0.650122
0.444312
0.341108
2.643720
0.012180
0.056000
1.351316
1.175675
0.287238
0.654638
0.456360
0.321913
4.694295
0.293715
1.596961
0.289043
0.985613
0.580615
0.259987
0.405752
0.549991
0.595684
1.165912
2.137555
0.204975
0.513878
1.618756
0.381311
0.639480
1.442193
0.790152
1.484099
0.507148
3.306948
0.157314
0.314031
1.305591
1.523262
0.904949
1.266992
1.424109
0.335167
0.603206
3.315394
0.795526
0.419038
1.511474
1.040778
1.017356
0.462810
0.536646
0.002597
0.651366
1.120288
0.587992
0.720358
2.137012
1.551941
1.477163
0.320498
1.313186
0.916751
2.502584
1.115779
0.091155
0.801450
1.590471
0.672823
0.941469
0.011082
0.390989
1.374841
0.781317
0.251507
0.236145
2.924830
0.053054
0.703531
0.765300
0.948357
4.075116
0.312843
0.270519
0.652896
2.303274
2.398518
2.939761
3.756198
2.048906
0.021279
2.071693
1.978386
1.915443
2.669205
0.088706
3.579238
0.158675
0.046542
1.064737
0.018651
0.761438
1.269282
0.992152
1.353081
0.585071
0.124110
0.099775
2.161241
0.541542
0.352634
1.960942
0.472331
0.093657
1.360914
0.467317
2.376714
0.228772
0.571945
0.493877
2.173176
1.255296
5.107375
0.746091
1.546913
0.804068
0.569516
0.088508
0.079950
1.207924
0.090133
0.027207
1.939334
0.199163
1.076136
0.665027
0.178522
0.418599
0.251134
0.133544
0.408835
1.029483
1.240577
2.431201
0.925840
0.396800
0.330311
1.181608
0.310389
1.159878
0.053956
0.324704
0.617306
0.014617
0.910834
0.316145
2.375496
0.685625
1.803232
1.201241
0.137464
0.676088
0.537582
0.106147
0.159491
1.353306
0.222495
0.778883
1.096745
1.176413
0.020396
0.693318
3.289951
0.045185
1.390001
0.959585
0.865515
1.211205
0.283096
0.552812
0.895854
0.719742
2.029808
1.376271
1.290029
0.342104
1.198503
0.225006
1.537670
0.848174
1.247669
1.095742
1.541096
0.085656
0.207110
1.812127
0.500255
0.829096
0.386769
0.046815
0.623538
0.317602
0.437744
0.020114
0.269581
0.066104
0.198601
0.721215
1.729747
0.505122
0.645473
0.614713
0.795046
0.768134
0.010642
0.008528
0.612970
1.078757
3.359721
0.078702
3.016097
0.261492
0.627266
0.931593
0.821191
0.858881
2.539596
2.008602
1.188207
0.690471
2.065826
0.050537
2.665660
0.163016
0.174967
1.126167
1.157087
0.208479
0.367117
0.210496
0.394632
1.211627
2.213495
3.484084
0.577401
0.422855
0.424770
0.355851
0.642717
0.307077
0.582613
0.857064
0.474118
1.447672
0.352382
0.348677
0.323007
0.815100
0.207696
0.762799
0.136446
0.319683
0.400917
0.128703
0.088146
0.225382
1.367587
0.154711
2.131655
0.060062
0.416165
0.310815
1.207518
0.002753
1.834422
1.488480
0.893899
2.371561
0.021199
0.225509
0.320529
1.109902
0.490294
0.221286
0.548569
0.834921
0.310442
0.579345
0.414413
2.238902
1.014103
1.454610
1.657874
0.227298
0.320410
0.364181
3.064734
2.080645
0.073165
0.125382
5.361310
0.515316
0.532024
0.373340
0.007876
0.781202
0.059004
2.025587
0.650655
0.665174
0.866293
0.131836
1.009210
1.143789
0.563855
1.842039
0.356307
0.057448
0.771059
1.582470
0.846077
0.801440
1.023486
0.264462
1.926067
0.978832
1.271777
2.282848
0.948824
0.744470
0.797142
1.108507
0.312594
0.068826
1.144043
2.713809
0.279509
1.205071
0.216857
0.652022
1.013786
2.374713
1.595652
0.439733
0.093205
0.576742
0.891496
2.096446
0.198290
0.734688
0.310932
0.169205
0.175290
0.528089
0.447107
0.188004
0.455072
0.089220
0.595871
0.153295
2.297338
0.990821
1.022479
0.543646
2.091770
1.499547
0.143562
3.183822
1.383568
0.904184
0.753106
0.004033
1.803359
1.005459
0.318454
2.567310
1.208242
1.128833
0.195737
3.807857
0.947196
0.050619
0.261401
0.268527
0.434855
0.328043
0.189410
0.451956
0.620017
1.839328
0.000647
0.762398
0.202452
0.115637
0.475653
0.136663
0.341285
1.822559
0.105125
2.461560
1.202073
2.070579
0.887223
0.658134
1.911510
0.546906
1.034240
0.525055
1.742148
0.398213
0.012327
0.089659
0.339022
0.096216
0.585463
1.742696
0.710300
0.746491
0.523452
0.903284
2.248955
1.937948
0.465831
0.195110
1.751938
0.581538
2.197283
1.827484
0.975507
0.820660
2.851331
0.085808
0.453468
0.390261
1.219217
0.271990
0.057377
0.101545
0.767903
1.959866
0.124315
1.163641
1.706330
0.210963
2.691082
0.366225
0.239760
0.787330
0.836518
1.006377
1.786688
0.718148
0.320995
1.054546
0.441350
0.907490
0.411278
1.076028
1.518013
0.275173
2.052541
0.628925
1.463705
1.257098
0.523277
1.016658
1.245121
0.376117
0.278623
0.321614
0.320171
2.233665
0.002810
0.586012
1.142260
0.627396
1.627000
1.288234
1.747576
1.356224
2.772772
1.949309
0.208448
0.514137
0.119846
0.665138
1.034677
0.625128
0.560479
1.918157
1.678021
2.102735
0.122699
0.024960
0.965329
1.097866
0.562057
0.206425
0.327917
0.559286
2.611443
1.037758
0.432023
2.568323
1.828359
0.530315
1.335034
4.085453
1.042673
0.180285
0.087591
0.057554
0.475102
1.261385
0.306095
0.707233
0.139663
0.469418
0.157793
0.313855
2.689176
0.701786
0.026163
0.164647
0.290847
0.071164
2.786297
1.057607
0.283138
0.284863
1.670153
0.176494
0.214555
0.455470
1.887774
0.523923
0.065921
1.487768
0.201799
0.287096
0.633716
0.012066
1.086155
0.285257
1.059562
1.518877
3.675366
2.845893
2.125073
0.740318
1.231592
2.984736
0.923336
0.260863
1.701628
0.546215
0.634870
0.196013
3.263377
0.420763
0.544449
1.854195
0.118620
1.327312
0.671893
0.502163
3.601282
0.854568
1.729206
1.788989
0.067261
0.036676
0.384077
0.072921
1.006579
1.010881
0.170616
0.640646
0.142550
0.333889
1.388265
0.662700
0.654724
1.322312
0.568836
0.341308
2.387556
1.627959
1.070692
0.691329
0.474642
0.487853
0.645280
0.736793
0.597689
1.287683
0.331078
1.666118
0.138399
0.782786
1.967278
0.040829
1.950561
0.322770
2.232022
0.083900
1.094942
0.112541
1.179220
1.128297
0.087086
0.320515
0.268342
0.545562
1.437335
0.248315
0.511287
0.405335
4.305362
0.231492
0.440860
2.888300
0.338461
0.031718
0.487269
0.838959
3.081268
2.179603
0.419159
0.886572
0.585247
2.064552
0.490741
1.040597
0.155895
0.705394
0.716754
0.598909
0.156009
1.212637
2.757453
1.205594
0.360883
0.504933
0.397507
0.044817
0.391806
1.907219
0.675561
0.702091
0.308075
0.236683
0.953734
1.888516
2.336320
1.152791
0.099269
0.549376
0.018618
0.256467
0.470165
2.641742
0.192377
1.353242
1.372376
0.647890
0.897504
0.519169
0.308214
0.326780
0.623002
0.081880
2.265501
1.093590
1.492517
1.652556
1.332257
0.192620
1.736836
0.147695
2.505874
2.529638
0.072473
0.730433
1.213800
1.037228
0.211844
0.009484
3.528154
0.839834
2.121030
1.075543
0.095541
2.174712
3.899544
0.040914
0.358531
1.405917
2.241026
0.155127
0.791576
0.566467
1.949912
0.073934
0.213575
1.308189
1.395827
1.561607
0.170964
0.103963
0.842333
0.042397
3.636176
0.719760
2.860680
0.039408
0.008153
0.014742
0.563998
0.789022
1.721440
0.778721
0.507600
0.159080
1.871078
1.611804
0.132867
0.274130
0.214596
1.231447
0.397573
4.117080
1.370622
0.392583
0.912731
0.594079
0.508232
0.459164
1.033565
0.980875
3.714332
1.322448
0.735651
1.325025
2.131884
2.022292
0.602026
0.208956
0.422685
0.833250
1.768043
0.231939
0.126038
0.554270
1.254962
1.188316
0.937157
0.651406
2.227585
0.196802
0.120537
0.758084
0.681156
0.155789
0.449896
0.224155
1.456259
0.620282
0.503374
0.303981
0.415056
3.734357
2.940928
0.730338
0.886535
3.334472
0.444807
1.657294
0.205611
0.513957
0.234692
2.902463
0.466284
1.423904
0.258002
0.084318
0.765135
1.556110
0.609015
0.339080
0.986831
0.768509
0.098915
0.564476
0.972420
3.435499
2.120124
0.291542
4.034257
3.026998
0.994281
0.016192
3.051382
0.574128
1.599828
1.618920
0.248462
0.439992
0.195874
1.665742
2.423670
0.737903
0.039587
0.221179
0.925997
2.914213
1.430251
0.323625
0.586740
1.948919
0.168040
0.245071
1.310740
0.955848
2.039295
1.558175
1.461970
0.491235
0.090043
0.864745
0.968277
0.235800
1.924606
2.000271
0.412319
0.723398
0.317501
0.634341
0.733674
3.708609
0.191744
0.304273
3.097345
1.345176
0.385580
2.160144
0.403587
0.135003
0.260289
0.375565
2.079586
1.364036
0.819382
1.202129
0.968169
0.281834
1.637019
0.515222
0.105451
0.239775
0.274276
0.159249
0.679963
1.512484
0.226271
0.985489
0.098253
0.805685
0.025430
0.587665
0.105974
0.544719
0.445725
0.155598
0.259037
3.457312
0.045188
1.055352
1.061964
1.402999
0.894500
0.465903
0.471981
0.886291
1.208865
0.315770
1.728095
0.078539
1.890317
0.021780
0.693347
0.881174
0.755007
1.273385
3.398958
0.694965
2.585881
0.438313
0.790760
0.149495
0.206737
0.803018
1.238632
2.140912
0.131764
1.913535
0.198993
2.691935
0.128805
0.682556
1.335575
3.035256
3.387168
1.555046
0.527299
0.254479
0.128999
1.483582
2.733359
1.014905
0.388620
1.601106
3.450560
0.720130
1.273150
0.138821
1.719472
0.036458
1.620236
1.563047
1.587003
0.215405
1.033050
0.374916
0.850695
2.119194
0.817940
0.119540
0.562385
1.162524
2.991801
0.114270
0.588326
1.188102
0.041257
0.241624
0.552441
0.231207
1.630881
0.408490
0.466091
1.476393
0.722293
2.138174
0.364751
1.681593
0.952630
0.107663
0.042295
0.439963
0.300316
2.747731
0.389518
1.519897
0.245743
0.326837
0.409515
0.385353
1.873231
0.178310
4.921142
0.345652
1.241600
0.880689
1.162883
1.106194
0.365478
3.943358
0.259287
1.985447
0.560773
0.114556
0.436692
0.023419
3.031731
0.643755
0.667395
0.053913
1.529077
2.725921
0.061540
0.523130
0.301826
0.761229
0.270503
2.348333
0.267900
1.157863
2.270445
0.811676
1.212747
0.460169
0.434024
0.368273
0.516753
1.608042
1.185965
0.193683
0.233086
0.101838
0.560728
0.201268
1.192560
1.914603
1.640411
1.588977
0.745388
1.585096
0.127134
0.962163
0.731058
4.924521
0.131597
0.540693
0.159289
0.075907
0.898445
0.167505
2.332602
0.586958
0.201549
1.083507
1.561418
0.476996
0.011835
0.310345
0.693652
0.008869
0.337405
0.042828
1.688593
0.981757
0.341178
0.304760
2.793602
0.316930
0.012307
0.312227
1.938515
0.772649
2.035718
0.588698
1.703139
0.692781
0.159871
0.184020
1.483826
0.220320
2.033618
0.393454
1.123677
0.429291
0.147902
2.621616
2.066622
1.242079
0.109687
2.046282
1.775634
0.167926
0.971122
0.148154
1.919227
1.394485
0.232935
1.893961
0.137589
4.699170
1.140142
0.455973
0.110507
0.333772
0.119691
0.662608
1.656752
2.537862
1.820316
0.767273
0.067419
0.155620
0.362904
0.349203
2.220060
0.226112
2.262316
1.736110
0.505197
0.032017
1.257316
0.171603
0.230764
0.869622
1.085928
1.093893
0.027401
1.681986
0.723103
0.132791
0.111920
0.321831
0.384320
0.066004
0.090528
0.071816
2.414972
1.189837
0.590466
1.503337
0.044703
3.352906
1.048273
0.361460
1.434278
1.568185
1.103949
0.604888
0.287339
0.825780
1.061514
1.095021
0.033847
0.879898
0.101819
0.043335
0.150722
1.601078
0.146898
2.101898
0.046912
0.983757
0.830316
1.193206
0.743516
1.033937
0.125306
0.464281
0.258695
0.619274
0.701370
0.290251
0.091084
0.586535
0.670633
0.576885
1.084299
0.379275
0.254081
1.505591
1.716956
4.117162
0.184316
0.025756
0.949430
0.813454
0.712627
1.369082
0.161820
0.782579
1.338307
0.613001
1.786584
0.503897
0.726845
1.086429
2.512876
2.272786
2.316609
3.178010
1.106852
4.367283
0.862767
0.431782
0.141868
1.701185
1.981915
1.757901
3.233760
0.348144
1.531491
0.050764
0.459708
0.795218
0.213634
2.266502
0.250932
2.144793
0.383666
0.837729
0.205258
2.075965
0.657732
0.819725
4.359563
0.522336
0.386023
0.521076
0.729397
0.718603
0.277855
0.983659
4.167092
0.085897
0.025576
0.970873
0.072865
0.406025
2.201340
0.070495
1.851685
0.251669
1.980009
0.798079
0.120413
0.463546
0.354064
0.011529
0.102090
1.001529
1.281470
0.385948
0.463194
0.498897
0.598464
1.575836
2.281315
0.953512
1.112834
2.788074
3.759817
1.548321
2.118354
0.091508
0.292556
0.608879
1.609545
0.105177
0.345398
0.224144
0.876036
0.358100
0.054602
0.723533
1.189737
0.476454
1.010715
1.415664
0.808488
0.343395
0.185447
2.685058
3.860343
0.194707
1.105159
0.722361
0.702726
0.921320
0.826268
0.406913
0.781225
0.967858
0.085877
0.096062
0.247703
0.706749
0.664456
0.468164
1.095413
2.309835
1.513133
0.564540
1.859878
0.420470
0.674378
1.430437
0.648699
0.684715
0.251451
1.536104
0.610382
0.368132
0.216395
4.301379
0.366917
0.245354
0.193696
0.248841
1.637076
1.559662
1.957995
1.239423
2.727048
1.793772
0.334898
1.377856
2.109292
0.315111
0.440247
1.267235
0.012189
1.681483
1.944304
1.265666
5.525814
0.740675
0.654559
1.892360
0.208522
0.079511
3.287346
3.025416
0.530435
1.640601
2.609508
0.283218
0.152014
0.303871
0.704334
1.621704
0.818618
1.116573
0.156527
0.525650
2.435592
0.283478
0.246261
0.104569
0.631994
0.351306
0.822474
0.466266
0.321896
0.455639
2.790584
0.426164
0.213091
0.099670
0.486335
0.100999
1.035308
0.052000
0.352678
0.172480
0.745486
2.893392
0.887348
3.265372
1.032754
0.070278
1.372375
1.677314
1.622980
1.427662
0.300928
1.886686
1.262490
0.985987
2.262945
4.228373
0.315336
0.549523
2.175454
0.717305
0.238231
0.773611
0.529015
0.830252
0.023989
0.284101
0.093937
2.309964
3.534769
1.399364
0.151789
0.525820
2.345507
0.674216
0.505249
1.754858
0.742732
0.294702
1.020344
0.212494
0.292458
1.355237
0.612341
0.012283
0.504472
1.893241
0.009134
0.383839
0.103517
0.945321
0.096493
2.590022
0.221156
1.824563
0.486787
1.163283
0.065628
0.075921
0.532081
1.189445
0.183991
0.461381
0.054604
0.244990
0.416296
1.301355
0.164820
0.207011
0.677728
1.988452
1.604825
0.715514
0.086891
0.589989
0.442388
0.984843
1.838210
1.353372
0.186101
0.614391
0.860125
0.146789
1.736215
0.707740
0.587576
0.226835
1.474478
1.270807
0.765232
0.449999
0.615439
0.008605
0.159413
0.708841
0.464243
0.198451
0.333153
1.194831
3.077946
0.265634
2.209332
0.039050
0.694966
0.116989
0.061921
1.803844
1.460421
1.084438
0.377761
0.116541
0.016286
0.141169
0.057819
1.026202
1.013040
0.248490
0.374720
1.179703
0.947657
0.448207
0.261769
1.747592
0.639186
1.890612
0.279044
0.511145
1.278022
0.200303
0.147215
0.730558
4.391082
0.683283
2.086403
1.564004
1.425304
0.614317
1.008060
2.263767
0.732494
1.424297
0.600485
0.230586
0.262526
0.182296
0.906501
0.661404
0.955440
0.756842
0.020301
0.179025
3.239789
0.187386
0.224990
0.464213
2.951459
0.502980
0.416831
0.496590
0.148040
1.140810
0.255192
0.781693
0.631590
0.822896
1.376911
2.360607
1.150645
1.748928
0.260087
0.556480
0.264500
2.165442
2.008175
0.930504
0.746799
0.120726
2.120556
0.032338
0.828665
0.452458
0.474365
0.098905
1.374147
1.379911
0.417147
0.083856
0.474434
1.402315
1.282770
0.526162
0.087756
0.010072
1.925581
0.023921
1.375454
2.454670
1.889224
0.986116
0.136880
2.022319
1.107847
0.492838
3.553031
0.955218
0.177570
0.245365
0.672388
0.795012
0.673992
0.423895
0.818693
0.074936
0.190420
0.417362
1.350978
0.945376
0.568094
0.122455
1.853746
0.499428
1.291757
0.171242
0.375441
0.511153
1.053147
1.500630
0.717506
0.152992
1.192160
0.904712
2.031709
1.528644
0.291391
0.114393
1.563921
1.473621
0.397846
0.028803
0.288704
0.736747
4.796210
2.542959
0.229793
0.640332
0.599732
0.259217
0.256135
0.206601
4.237661
1.927281
2.920313
1.760253
0.032185
0.787216
0.315221
3.277051
0.033478
0.655314
0.395302
0.676853
0.580971
0.697270
1.077753
1.018640
1.102373
0.259066
0.150361
0.354145
1.851092
0.209529
0.280994
1.166082
1.092312
0.305771
0.224632
0.476506
0.776468
0.731093
0.516629
0.060993
0.213787
0.896615
0.633497
0.405394
2.232674
0.309063
2.495741
0.404447
0.825259
0.328685
2.375634
1.153980
0.034515
0.026437
1.922484
0.912038
0.816002
1.371960
1.966820
1.079183
0.591209
2.709774
2.524338
1.440249
0.276019
1.139795
0.060349
0.331093
0.152673
4.168160
0.387592
1.873386
0.051074
1.808442
0.771570
0.032572
2.145681
0.514639
0.049008
1.362561
0.406683
0.335302
1.002062
0.122147
0.059627
0.123653
0.126231
0.539300
0.129719
0.047171
0.403108
1.722502
1.070519
1.112374
0.873883
0.485568
1.321164
1.346520
2.848586
0.946904
0.115300
0.486734
2.119136
0.127419
1.058619
1.067546
0.468140
1.672094
0.437608
0.935346
0.322526
1.144349
0.377333
1.790752
0.195980
1.086725
0.037235
0.024203
0.813121
0.838726
1.543679
0.256357
0.129249
1.768170
0.012933
0.671763
0.365720
0.388925
0.319092
0.950462
0.107991
0.173612
1.382391
0.165716
0.971149
0.263307
0.706796
0.252909
0.404647
1.043262
0.084783
1.900676
0.359435
0.026522
2.720154
1.276167
0.191903
1.984884
0.444096
1.822500
0.012517
1.171043
0.330167
1.122389
0.812154
0.641891
0.549333
0.281416
0.873714
0.003642
1.215404
0.061999
0.829982
2.477837
0.419385
0.941710
0.405203
3.227600
0.097426
1.129685
0.671179
2.000421
0.284727
0.344248
0.081131
0.169718
0.506681
2.738753
3.703347
4.607573
2.709183
0.692743
0.698707
0.583789
6.520367
0.043573
0.161612
1.422074
0.208076
0.223800
0.672937
1.010862
2.792053
0.003863
2.170940
0.365126
0.093956
0.462855
4.740110
0.462715
0.371555
2.408539
1.013207
0.430656
0.276796
0.016195
1.891751
0.037968
0.431114
0.302013
0.704026
0.791114
0.234373
0.798019
2.588049
0.950310
2.837783
0.074745
0.138480
0.306199
0.162274
0.001822
2.945061
1.547528
0.893183
0.626849
2.226744
0.144218
1.336096
0.097026
0.688721
0.090792
0.462747
0.111697
0.296181
0.551840
1.519526
0.167235
0.214145
0.667606
0.172547
0.276506
0.166495
1.516484
2.147082
0.454006
0.963519
0.204956
1.194477
0.715542
0.649357
0.707804
1.453098
0.470134
0.889746
0.411034
2.598061
0.251508
0.116708
3.009189
0.318294
0.190088
0.374017
0.278086
0.789380
0.568818
1.747361
1.816868
1.438121
0.174162
0.287595
1.405025
0.024439
0.753455
0.012891
0.171515
1.048206
1.119801
0.711904
2.678085
1.422973
1.157637
0.886476
1.369293
1.844104
1.239816
1.861772
1.797888
0.496339
1.101285
0.684278
0.447028
2.298717
2.282637
2.192287
0.103210
0.132739
0.584238
1.448577
1.077022
1.307275
0.781984
1.288766
0.073613
1.149384
0.238341
0.441623
1.456982
0.344817
1.296779
1.762112
0.092492
0.620007
0.998155
0.637368
0.100110
0.441238
0.045881
0.011469
1.231369
0.342622
1.155251
2.689165
0.908685
1.013989
2.109126
1.132224
0.296139
1.174990
2.667722
0.847671
1.704256
0.092996
0.373015
0.106703
5.657535
0.374763
1.379179
1.041013
0.871290
0.017602
0.744107
1.807812
0.399971
0.804218
0.030313
1.005333
0.177589
0.776267
0.401719
0.831247
0.039893
0.546105
0.827095
0.998136
0.362159
0.351233
0.037992
1.437350
0.460929
0.673613
0.149919
0.032613
0.524604
1.849894
1.200490
1.820968
0.677646
0.929755
1.741231
1.075826
0.339278
2.946268
0.631546
1.001842
0.002353
1.314310
3.050154
0.233163
3.724381
0.628044
0.063676
0.202183
0.273028
0.257633
0.816485
0.283801
0.302838
0.830316
0.352571
2.594696
3.318396
0.204382
0.223872
0.728927
1.003086
0.029110
0.285145
1.091611
5.998736
0.797459
0.466656
0.387282
0.265595
0.974344
0.599146
0.192559
0.340770
0.513154
0.042547
0.648698
0.470159
0.278029
1.562065
2.786339
1.245360
0.695434
1.355212
0.493673
0.001746
0.381186
1.410132
2.007051
0.302492
1.895173
0.997700
4.267658
0.233182
0.073212
1.347836
0.385554
0.778120
0.832778
0.325609
1.753904
1.435618
0.860087
0.731970
0.003462
0.407473
0.339008
0.991433
0.186052
2.380920
1.122084
0.903864
1.307100
0.222236
2.159194
1.111801
0.385925
1.159312
0.660602
2.410450
0.968149
2.009553
0.837755
2.349129
0.286649
0.528714
0.728179
0.086939
0.600480
0.426555
0.334111
0.943736
0.385591
1.598261
2.773028
1.763533
1.344434
1.680557
1.846415
1.193885
0.659904
1.719663
1.053338
0.025342
0.567010
3.076532
0.109892
0.084638
0.162083
0.461279
1.563997
0.769527
1.782105
0.005127
1.174761
0.349012
0.176808
0.037653
1.938322
0.824155
0.065820
0.394240
2.196399
1.857204
1.016016
0.505049
0.697779
0.348641
1.571019
0.618043
1.085978
0.775755
0.392735
0.076054
1.332742
2.543462
0.605020
0.408291
0.451298
0.071530
1.477984
1.801090
0.521964
0.650853
2.251958
0.084905
1.729498
1.041721
0.005335
2.375547
0.799196
0.118456
1.313809
2.323067
0.465654
0.531883
0.733301
1.231559
1.498530
0.555815
0.588659
0.330008
0.576415
0.682191
0.765950
0.524297
0.265007
0.778682
0.209934
0.059666
0.440279
0.233543
1.341297
5.387558
1.706046
0.055076
1.906187
0.172052
0.267373
0.504400
0.450271
0.860991
0.613077
0.088582
0.289602
0.487871
0.346356
1.006054
1.026740
0.446215
0.670088
0.841707
1.739323
1.884329
1.008841
0.323862
3.761055
0.022106
0.165409
0.638749
0.811224
0.447976
1.359390
1.305133
0.442116
0.387105
0.304398
1.299773
2.091671
0.211760
0.781598
1.861511
0.495659
0.492242
0.588338
0.626051
4.932273
0.119983
1.134190
1.396331
2.130002
0.675023
1.568929
1.792166
0.202900
0.794299
0.064109
0.699639
1.882975
0.307578
0.728971
1.152020
0.204080
0.917528
0.073552
0.083295
0.437380
1.723368
0.605936
2.414029
2.633433
0.062971
0.346247
0.240269
0.126479
0.324348
0.787035
1.178307
0.318558
0.621778
1.646028
0.973795
0.484479
1.567056
0.221276
0.110327
1.843183
0.468569
0.122539
0.498635
0.783822
0.181696
2.385493
0.593107
0.008179
3.730967
0.184623
0.447084
0.529359
0.071824
1.148856
0.468935
0.114234
0.802449
1.019910
0.364881
1.792596
0.094718
2.896986
0.755513
0.273326
0.488890
0.617882
0.204837
0.510513
0.176152
0.151523
1.519163
0.459965
4.861520
0.462353
0.120828
0.560673
0.278888
1.299363
0.048306
1.828799
1.572724
0.667380
0.106661
0.314601
0.323187
1.412251
0.672468
5.826502
0.781742
0.057265
0.653954
1.550903
1.445534
0.268934
1.111177
0.087617
0.343182
1.330696
0.188207
0.354520
1.105839
0.560012
0.591945
1.075667
0.452349
1.202162
0.909272
2.080983
0.467876
0.207135
1.880508
0.700882
0.904752
0.659966
0.951560
0.688748
1.324151
0.424378
1.566255
0.660778
0.177283
0.758596
1.833418
1.313089
3.236587
1.010729
0.968912
2.117876
0.602675
0.397520
3.688063
1.191082
0.827851
1.110546
0.628743
0.631787
1.966023
2.169562
1.158385
1.041111
1.598024
0.308956
1.717868
0.603221
0.713236
0.339055
0.189799
0.197095
1.692362
1.199539
0.851393
0.413185
0.301070
2.127924
0.295039
0.707059
0.036515
1.507406
0.253791
0.864807
0.221007
0.377832
2.960126
0.286497
0.398092
3.007522
0.423646
0.925291
0.057728
0.044362
3.244943
0.240796
0.303614
0.176191
0.074805
0.164372
2.186554
2.268819
2.609259
1.165647
0.503887
1.500029
5.510189
0.240469
1.791865
2.023721
2.454402
2.333921
1.246829
2.752954
0.632785
0.058673
2.240466
0.569664
0.458952
0.505224
0.037676
1.000732
0.338669
0.405252
2.844933
0.300789
1.780111
0.947644
0.857098
0.759994
0.123273
2.774362
0.983640
1.060301
1.480932
0.604723
1.462699
0.087410
1.657265
0.233045
0.475008
2.229558
1.230040
0.182906
0.993082
0.826044
2.075827
1.220965
1.122564
0.807482
1.880357
0.228238
1.059733
4.331171
1.470164
1.692505
2.448095
0.595004
1.901943
0.356323
0.038433
2.518666
2.288218
4.391597
0.177883
2.909216
0.651051
0.505798
0.425133
1.516159
0.287070
1.273152
0.880126
0.506680
0.492236
0.487559
0.397200
2.058883
0.114017
0.067816
0.291539
1.467558
1.221059
1.704316
0.609432
0.123036
0.385063
0.598729
0.393914
0.377829
0.770100
0.568712
0.086727
0.107892
0.880379
0.622615
0.642754
0.064895
2.923214
0.380172
0.265040
2.712939
0.810613
0.368668
0.036842
0.201533
0.561693
0.438341
0.121698
0.380340
0.350286
2.817176
3.475445
0.085708
0.033329
1.331866
0.498378
0.215013
0.731033
1.153045
0.955897
1.026540
0.012541
1.032372
1.411752
0.766139
0.079571
0.934542
0.323124
0.489478
0.084906
2.326990
1.150978
0.642479
1.482914
1.434536
0.345800
0.159655
1.770799
2.594753
1.369879
0.154485
0.050685
0.008788
2.733585
1.728341
0.186812
1.079201
0.032518
0.329252
2.341246
0.872529
0.696322
0.701963
0.653448
1.032133
1.644690
0.113149
1.850284
0.157297
0.393461
0.524284
1.075019
1.709763
1.614167
0.004749
1.406164
1.018278
2.858659
0.560366
1.882664
0.980318
0.307486
3.147412
1.228787
0.256018
2.258219
0.247896
0.450333
4.110486
1.120083
0.569521
0.327526
0.288602
0.411524
0.095072
0.504401
0.446258
0.007980
0.018678
0.103765
1.517023
2.439976
0.166647
0.056427
1.694161
0.003285
0.088500
0.834712
0.747830
0.219069
2.605798
0.568634
1.398720
0.194998
0.876307
1.148808
0.882377
0.712731
0.875519
0.021983
0.790561
0.426177
0.003387
2.268050
0.723589
0.061715
1.028784
1.985417
0.104296
0.103608
1.519762
0.227885
0.932352
0.071581
0.540923
4.290742
1.647603
0.259498
0.193455
0.289244
0.683381
2.143403
1.135490
0.914493
0.148435
1.017227
0.865830
0.064784
0.986966
0.667535
0.164454
0.002086
1.420718
0.912210
7.551778
0.563601
0.740303
0.378735
0.192626
0.859612
0.221130
0.804136
1.184384
2.395225
1.471857
0.021526
0.026827
1.684638
0.017466
1.496897
0.847255
2.335323
0.705868
0.016200
0.264181
0.253004
0.774304
0.573703
0.511226
2.458782
0.625441
0.893458
1.027598
0.232511
0.789769
0.205712
1.939566
0.237064
0.597261
1.130831
1.855044
0.535067
1.046578
0.776761
1.019794
0.723254
0.606114
0.443899
1.758060
2.998710
0.587310
1.352275
2.574997
0.081593
0.226985
1.915470
1.265234
2.824767
1.188520
0.032636
1.693823
2.273057
0.911217
0.096477
1.269241
0.025661
0.078394
0.188601
0.506115
0.207304
0.553303
0.428091
0.135957
0.495517
0.427852
0.024458
0.086422
1.546968
1.105730
1.893250
0.383253
1.451198
2.981867
0.375620
0.416120
0.464149
1.132217
3.388765
0.211561
1.837617
0.244774
0.114029
1.636095
1.938818
2.855408
2.424473
0.040547
0.944183
0.178544
0.956742
2.053690
2.067698
0.005416
0.593720
0.408002
0.299674
3.018231
0.122642
1.129085
1.013613
1.735277
0.360645
2.774542
0.999720
0.317940
3.222635
0.001876
0.871137
1.612859
2.928575
0.664666
1.247076
1.585210
1.206393
1.018630
0.286636
2.133216
0.224792
0.913687
0.528867
0.359427
0.498512
1.023365
0.317912
0.036532
0.803494
1.333104
0.399700
1.020426
0.714216
1.158595
0.163857
0.517286
0.300052
1.720889
3.778217
0.717462
0.186329
1.055768
0.289578
1.163828
0.330431
0.762034
2.015092
0.817443
0.438332
2.103230
0.830351
1.378998
1.056233
0.725011
1.355500
0.557713
0.790748
0.397935
1.479557
1.493706
2.227165
0.057349
2.266510
0.517006
1.274196
1.404651
0.335251
0.297266
0.388849
0.460388
1.753389
0.738817
1.768507
0.622842
1.805658
0.818519
0.045183
0.267788
0.576011
0.051624
4.558542
0.146703
1.431426
0.163183
0.406574
0.269283
0.768626
1.293566
1.542920
0.217564
3.731439
0.948379
2.366221
0.370918
0.620385
1.097566
2.542795
2.306740
0.065813
0.659127
0.580648
1.530849
0.084115
1.908465
0.065504
0.555589
0.381933
0.229729
0.065267
2.591059
1.374174
0.014837
0.529461
1.581202
0.066168
0.039339
0.641668
1.178571
1.373747
2.104612
1.236521
1.480709
1.954570
0.295849
0.017984
2.154469
0.351473
0.807862
1.070312
0.054171
0.468928
1.781398
0.079140
0.459645
0.402082
3.489295
0.152844
1.080834
0.370369
1.458089
2.706710
0.050228
4.254168
0.690447
1.427559
0.220063
2.825607
0.132969
0.293145
0.074316
2.082755
1.519188
0.128648
0.881235
1.014973
2.074340
0.724782
1.301744
1.993353
0.042520
0.074731
0.059598
0.146813
1.232941
0.684363
1.409456
0.243587
0.094379
0.194077
0.748847
1.887881
0.186790
0.494472
1.246907
0.801660
0.040783
2.087185
3.180590
1.582546
0.424028
1.110739
1.251887
1.989760
0.134679
0.333344
0.057748
1.303776
0.583939
1.136765
0.290193
0.465811
3.426522
1.005753
1.660766
4.011622
1.723736
0.415778
1.165848
2.329740
0.639885
0.579576
0.476542
0.789930
0.914039
0.884645
0.160646
1.543512
2.785081
1.392163
0.692331
0.020399
2.002818
0.932554
2.769242
0.436984
0.043235
0.404585
2.756545
0.067778
0.451152
0.118825
1.905291
1.251943
0.444736
0.158327
0.173265
0.390081
0.522879
0.019643
0.582035
0.260506
0.068782
0.691559
2.163091
2.115239
0.199267
0.612453
0.452584
1.026802
0.823932
0.281755
3.456192
0.533331
0.519884
0.917483
0.704566
0.796500
0.271714
0.280061
0.245191
0.291650
0.233887
0.585520
2.068105
1.886558
0.631450
1.202764
0.468419
1.282008
3.899768
0.014188
0.982239
0.986516
0.558788
0.517958
0.805771
0.022256
0.801513
3.333418
0.451203
0.309167
1.171191
0.489392
0.276749
0.363526
0.464961
0.539503
0.714099
0.997837
0.666595
1.602749
0.262753
1.297795
1.175321
1.247413
4.651773
4.071803
0.508770
3.918421
0.262486
0.281363
0.054898
0.123666
0.154084
0.301025
0.358388
0.449157
1.412847
0.579009
3.469091
0.104857
0.645032
0.445357
2.432212
0.204931
1.304390
0.352996
0.259000
1.741587
1.418936
0.368550
0.676236
1.847289
0.388981
1.338061
2.074531
0.087112
0.244835
0.614001
1.174485
2.004519
1.971611
0.364952
1.785200
1.210307
2.477551
0.428358
1.117537
0.242757
0.081820
0.382644
1.231428
0.586910
0.315188
3.222711
1.203425
1.147179
0.827305
1.034677
0.736176
0.737218
0.582990
0.083392
3.331804
0.493640
0.688744
0.724950
0.841293
1.178697
0.789022
1.623040
0.371460
1.365776
1.330192
1.979895
1.239591
0.154437
2.015171
0.526303
0.362415
2.109782
0.375450
1.029121
0.160493
1.913417
0.400601
0.051960
3.963472
1.883350
1.650292
0.479592
1.991500
0.459617
3.089358
0.224437
0.262642
0.511555
0.380318
1.937479
0.908895
0.751690
0.329330
0.121425
0.421389
1.031096
0.536698
0.555868
0.149492
0.400157
0.432738
2.125272
2.159231
0.138606
2.703270
0.152612
0.036129
1.399224
3.089299
0.227107
0.159901
0.613952
0.158939
1.441578
0.033236
0.324368
0.463402
1.316044
0.427743
0.357673
0.221524
0.144117
0.732524
1.793170
1.141010
0.365614
0.537591
1.482909
0.849000
0.316513
1.020096
0.994482
0.738865
0.029888
0.733152
1.198845
0.277432
0.268501
0.526874
0.465194
1.231558
0.283080
0.461058
1.319294
0.520075
1.616682
0.519629
0.135615
0.049168
0.396359
0.983983
0.585231
0.391839
3.510520
0.588374
0.064987
0.610328
0.586714
0.384031
0.077269
0.739335
1.046862
1.004884
0.337585
0.919658
0.508039
0.544476
0.210452
0.022337
1.242249
0.354056
1.486982
0.310569
0.534577
0.301914
0.384344
0.468059
0.066486
0.757346
1.435038
3.551813
0.538083
2.176811
0.521987
0.433598
0.268733
1.757675
0.959571
0.468660
0.033542
0.281261
0.618490
0.085831
1.801245
0.036512
1.048623
1.760849
0.744245
1.288872
0.707278
0.873444
1.842616
1.334194
1.481090
0.574927
0.442387
0.049383
0.202090
0.965052
1.218491
1.140402
0.052036
3.643857
0.096881
1.281297
0.310867
1.513943
0.086984
0.324882
0.224860
2.152906
0.211367
0.283783
0.990592
4.006185
0.767035
1.873929
0.986125
2.081820
0.806523
1.042653
0.050183
0.598278
0.431199
0.365668
0.941653
0.546452
1.261300
1.647032
0.460169
0.688787
0.697040
0.895858
0.054727
0.879882
0.537964
2.780251
0.157747
1.067977
0.427862
0.090398
3.063699
1.846369
3.548911
1.714666
0.338505
4.893092
0.669004
1.522066
0.579989
2.513810
1.648652
0.409768
4.167796
0.599345
3.302851
1.140808
0.267901
0.672328
0.009807
3.786161
0.720934
0.190272
2.264984
0.506681
0.235476
1.091965
0.652250
0.610250
1.305661
0.151576
0.068283
0.266403
0.675032
3.613361
0.704684
0.287657
0.141334
0.747228
0.148851
0.365777
0.540416
0.455780
1.994206
0.584022
0.902696
0.689562
0.377108
0.349302
1.052620
0.322635
0.042280
2.372229
2.761366
0.701828
0.817324
3.618874
1.184377
1.812824
0.726448
4.769724
1.770442
0.544149
1.759600
0.164304
0.276461
0.507529
0.321718
1.393431
1.275672
3.693199
1.348911
0.155273
0.759609
2.368762
2.077283
1.437023
4.772492
0.671994
2.273385
2.389611
2.855014
0.815283
0.188252
3.412019
0.971821
1.235670
1.133636
1.577728
1.702332
0.222963
0.499770
2.727054
2.035295
1.401786
0.635450
0.411155
4.215963
1.227813
1.349349
0.357271
2.330683
1.232091
0.240113
0.211427
0.171876
0.080371
1.968310
2.731708
0.399322
0.078390
1.386559
2.765768
1.839230
0.129657
0.201789
0.850388
0.207348
0.693254
0.053699
1.680365
0.293355
0.051344
0.543638
0.163125
1.467055
0.851621
0.095399
4.746182
2.035780
3.390889
1.486097
0.044689
1.058211
0.255932
2.293198
1.262492
1.769892
0.168456
0.084320
0.543232
0.182179
0.954230
0.788924
1.107855
0.778648
4.462640
1.624865
1.143921
1.844383
0.513417
1.294130
0.348523
0.717783
0.599616
0.370253
0.968385
0.742686
0.003350
5.513565
1.279765
1.966543
1.731572
0.155670
0.923287
1.784017
0.185086
0.259397
2.698550
0.255682
1.913299
0.068157
0.029639
1.754365
0.877039
0.703059
0.068870
1.602451
0.032893
2.738085
1.814481
0.359509
0.743967
0.278682
0.461304
2.916916
2.209555
0.221230
0.142385
0.175890
0.401910
1.093034
0.253093
0.104674
1.779937
0.613734
2.789870
0.164043
0.188973
0.751880
0.443961
0.837248
0.168991
6.026667
0.120215
0.811086
0.705908
2.095186
0.081694
0.269586
0.259938
0.305659
0.001276
0.437162
1.742882
0.692481
4.078382
1.095405
0.541419
1.844045
0.098689
0.446328
0.490412
0.197421
0.280327
0.534912
0.673675
0.099948
0.513754
2.376616
1.525665
0.169888
2.581674
2.013092
0.541518
0.603283
0.502332
1.802434
0.965177
0.957749
1.173680
0.469049
0.087971
0.650762
1.594171
0.284654
0.470240
0.081897
1.231349
1.788841
0.251022
1.451076
0.051917
1.091703
0.341438
0.836668
0.496480
1.920450
0.343253
1.766731
0.658075
0.088770
0.068205
0.948680
0.604151
0.397146
0.351633
0.322439
3.502172
0.820586
2.292571
0.816691
1.901913
1.866940
0.221886
1.514201
0.247140
0.302358
0.810000
0.151030
0.552895
0.033321
1.691272
0.165668
0.191493
1.022329
1.116347
0.309403
0.292919
0.704164
0.189494
1.007675
0.076750
0.656171
0.772040
0.851611
1.610202
0.235096
1.048825
0.221119
0.433830
0.140525
0.431505
0.124876
0.682455
0.119082
0.260904
0.327454
1.281500
0.121879
1.277016
0.933782
1.717014
0.716365
0.332619
0.025048
2.063521
0.042062
0.300675
0.690411
0.072890
3.068987
0.741628
0.475741
0.329651
1.484329
1.250123
0.734224
0.096967
0.067581
1.087144
1.780991
0.284592
0.371545
0.529973
0.557578
2.496004
1.974575
0.007478
0.191057
0.006137
1.453047
1.373077
0.609540
1.479453
1.919283
1.699305
0.649023
1.139427
0.014456
0.899200
0.892010
2.167321
1.876229
0.111622
0.552027
0.097534
0.363963
0.075282
1.562904
0.056831
1.056745
0.652641
3.140857
0.109770
0.790324
3.367691
0.086478
2.069625
0.345808
0.928248
0.285707
1.156726
4.483674
0.291871
0.237716
2.285272
0.067842
0.686858
0.923107
0.306914
1.158016
0.705157
1.833475
1.537039
0.110514
2.546820
1.084455
0.124615
0.151866
3.087887
0.113757
0.304882
0.770144
1.140149
1.598062
0.375208
0.662181
1.142345
2.392918
0.389008
0.503425
0.131456
0.462767
0.065052
0.209380
0.941279
0.794686
1.118735
0.216532
0.206145
4.624818
2.628741
2.069541
1.406263
2.004893
0.236729
0.291169
0.978815
0.508504
0.548623
0.361043
0.280911
1.734751
0.742546
2.186754
0.258037
0.943411
0.472658
1.407946
1.082647
1.633340
1.764596
2.131285
3.203365
0.250670
1.423829
0.442787
0.815841
0.485119
2.355627
0.141897
0.814718
0.297522
0.213125
2.827856
0.091768
0.358472
1.644969
0.410092
0.254981
0.900909
0.179720
0.405906
0.667558
3.182999
0.100905
0.896538
0.652251
1.479882
1.510795
1.020149
0.496727
2.342119
1.498576
0.534568
1.288517
0.027495
0.611710
0.737002
0.299752
0.335709
0.141413
0.520080
1.564475
4.444416
1.529051
1.067359
0.172342
0.601428
0.052713
0.340567
0.178388
1.377204
0.620059
0.850137
0.665563
0.207558
0.998267
0.804535
1.869320
1.514844
1.438817
0.841845
1.739156
1.374873
3.094190
1.447302
0.635728
1.217556
0.153910
0.383072
1.098579
0.425147
3.316078
0.006376
0.428806
0.437825
0.076397
0.023241
1.084608
0.136105
0.049375
1.442793
3.601169
1.555295
0.952107
0.626902
0.113095
0.600132
0.337408
0.026955
0.037310
2.120356
3.160223
5.195524
0.699342
0.801528
0.690403
0.438904
1.025830
0.033896
3.062764
1.392091
3.090034
0.138622
1.119848
0.424808
0.017314
0.454779
1.368000
0.579476
1.050780
0.157488
1.574657
0.274651
0.137411
1.036169
1.155465
1.497679
0.063274
1.523615
0.445950
1.403351
0.674957
0.545187
1.198201
1.135911
0.044495
3.194290
1.378190
0.526250
0.248153
0.064253
0.684060
3.173759
0.022349
1.777015
0.585513
1.034230
0.602644
1.675894
0.603399
0.297601
3.192710
0.550343
0.051844
0.319355
0.039401
0.525512
0.399926
3.505345
2.541458
0.839615
1.268719
0.478456
0.578234
1.349710
0.192961
0.732132
0.366513
0.593146
0.905838
2.972962
2.749586
0.167140
0.409821
0.821174
0.961889
0.871492
0.066785
1.668237
0.190689
0.313269
0.172951
1.407259
0.007524
2.453466
2.898444
2.005658
1.482749
0.007433
2.177848
0.994865
0.186321
1.352403
0.290258
1.684605
1.513773
0.219824
0.951385
0.454414
0.314113
2.627447
2.135248
2.574079
0.361580
1.693120
1.747473
0.194572
0.422525
0.517917
0.529184
1.790133
1.676504
0.113043
1.114547
1.015578
1.909997
2.153638
0.611604
1.024751
0.282643
1.720148
1.600958
0.815441
0.325622
1.577597
3.258510
0.022391
1.687851
0.231540
0.243542
0.194721
0.827130
2.395325
0.418521
1.607471
0.016205
0.660459
0.833247
0.626687
0.241195
0.201545
1.246892
1.289505
0.829001
0.429956
0.839131
0.644606
2.730271
0.259176
0.088916
0.728847
1.078010
1.219890
0.380785
0.636752
0.757451
0.288645
0.477459
0.009330
0.472181
0.354396
0.048932
1.185224
0.072444
0.388806
0.202917
0.771317
1.901314
0.147859
0.155694
3.614227
0.499600
0.217183
0.005067
0.345524
1.904475
0.214388
1.919848
0.033508
3.066017
1.097519
1.909599
1.591115
1.669590
0.154025
1.061846
0.000234
1.164929
0.082768
1.668823
1.501540
3.342168
3.249658
0.640771
2.300823
1.652122
1.699512
0.205186
0.409363
0.115608
0.465651
0.351795
0.216809
0.247630
0.083932
0.164199
1.095085
0.884433
0.147637
0.241825
0.213677
3.916284
0.294520
1.863635
1.254802
0.028231
0.134713
0.912417
0.281510
0.240486
0.585613
0.381421
0.831758
1.765217
1.065557
2.938926
0.366277
0.884109
1.261993
1.829753
0.293794
0.225950
0.947060
2.880954
1.858939
0.321344
0.529828
0.572641
1.767006
1.638048
1.560565
0.222755
1.747704
3.010319
0.830842
0.057316
1.286206
0.135006
0.106607
1.036875
0.518533
0.012693
0.517220
1.049342
1.015197
1.427434
1.667153
1.657805
0.438871
0.809604
0.387090
0.525648
1.425211
0.020430
1.964004
0.883758
0.558703
1.640868
0.275936
0.148841
1.116703
4.587779
1.218939
1.914677
1.828358
3.105391
1.750456
0.030660
0.763517
1.143773
0.936490
0.090758
