0.352286
0.490345
0.825964
0.771280
0.122725
0.166842
0.034231
0.744391
0.648328
0.145905
0.750160
0.018616
0.885876
0.780891
0.747218
0.700934
0.243733
0.140678
0.417784
0.592280
0.057076
0.874162
0.173752
0.895986
0.288691
0.839004
0.326420
0.742343
0.155793
0.545745
0.485857
0.508078
0.036091
0.311821
0.279358
0.158816
0.478663
0.313590
0.903208
0.126991
0.459495
0.653367
0.145606
0.345372
0.434258
0.892825
0.046306
0.677991
0.033503
0.464089
0.270272
0.090579
0.338252
0.444023
0.986565
0.626944
0.283026
0.312986
0.369287
0.438819
0.858730
0.855143
0.946897
0.894821
0.166964
0.226255
0.053637
0.645627
0.539845
0.956844
0.772617
0.999340
0.610212
0.918224
0.344712
0.044470
0.811048
0.391017
0.722461
0.844551
0.855107
0.992733
0.935130
0.193359
0.436756
0.921695
0.820302
0.719782
0.234681
0.189589
0.158601
0.093411
0.044733
0.105498
0.988231
0.211696
0.331753
0.041868
0.857323
0.871597
0.998712
0.629941
0.870937
0.608924
0.548164
0.215648
0.653394
0.359213
0.606665
0.375855
0.203764
0.461773
0.368588
0.138894
0.655131
0.805344
0.060589
0.475433
0.525127
0.295269
0.665023
0.683728
0.388680
0.709755
0.789225
0.376911
0.921451
0.120978
0.418779
0.778775
0.992575
0.417491
0.408716
0.863512
0.026415
0.956880
0.079159
0.679809
0.316093
0.685825
0.055665
0.519857
0.147597
0.424252
0.658751
0.802728
0.229597
0.719340
0.278162
0.754723
0.014609
0.943184
0.438451
0.403289
0.652939
0.227676
0.780200
0.574390
0.348654
0.198979
0.353166
0.341229
0.616470
0.761881
0.204741
0.642885
0.718761
0.283900
0.322694
0.034854
0.969725
0.378359
0.554711
0.117322
0.802611
0.213462
0.920050
0.032208
0.932802
0.198212
0.786931
0.947411
0.141396
0.225382
0.350699
0.794335
0.453058
0.130899
0.368726
0.801712
0.329878
0.721892
0.142941
0.946348
0.483772
0.347681
0.589233
0.202533
0.631581
0.911927
0.237387
0.601306
0.290286
0.792097
0.718628
0.092897
0.005558
0.638678
0.125105
0.938360
0.836890
0.912035
0.885771
0.978287
0.137416
0.236471
0.772622
0.590474
0.367370
0.141348
0.392186
0.697248
0.863240
0.535127
0.643596
0.347012
0.882808
0.232829
0.549545
0.514390
0.144756
0.786932
0.115696
0.435041
0.579029
0.834324
0.527938
0.584588
0.473002
0.653043
0.522949
0.309893
0.565078
0.408720
0.288179
0.702494
0.645190
0.060801
0.292968
0.012559
0.202149
0.685155
0.709808
0.065389
0.220282
0.353403
0.412401
0.103090
0.586231
0.961946
0.617480
0.730987
0.748878
0.733176
0.166028
0.327907
0.567500
0.693967
0.912496
0.040502
0.347009
0.435445
0.350394
0.912087
0.844164
0.638574
0.614581
0.489355
0.699375
0.907549
0.501914
0.901524
0.592704
0.211722
0.966913
0.812986
0.565125
0.379315
0.916076
0.151356
0.341261
0.533556
0.882343
0.090140
0.266732
0.048371
0.418047
0.834231
0.742338
0.330543
0.874734
0.089347
0.765987
0.225128
0.001434
0.610151
0.863702
0.616014
0.099506
0.563076
0.523564
0.601420
0.464600
0.116268
0.813142
0.431514
0.929253
0.378267
0.810829
0.845329
0.529623
0.152089
0.378886
0.411966
0.242229
0.645617
0.460337
0.660276
0.479848
0.202675
0.990819
0.354582
0.292023
0.756806
0.579710
0.293456
0.366957
0.443412
0.909471
0.466463
0.006489
0.433034
0.067884
0.471089
0.549302
0.881026
0.902603
0.478555
0.259293
0.713432
0.323885
0.788916
0.865521
0.702770
0.200882
0.107750
0.348387
0.661220
0.768026
0.828236
0.863896
0.758845
0.182818
0.155918
0.515650
0.762528
0.449374
0.882608
0.205940
0.358844
0.349071
0.212428
0.791879
0.416954
0.683517
0.341181
0.297980
0.586120
0.819736
0.557274
0.299553
0.143621
0.346190
0.165074
0.846391
0.547073
0.272824
0.194778
0.208293
0.040850
0.023014
0.072189
0.799695
0.205831
0.228107
0.315346
0.968359
0.677481
0.197953
0.174299
0.036326
0.547024
0.386726
0.828204
0.963979
0.070244
0.169385
0.261959
0.656364
0.989121
0.819233
0.955917
0.132742
0.165424
0.120990
0.979133
0.712497
0.393814
0.173911
0.920790
0.434665
0.196925
0.992979
0.234360
0.402756
0.221086
0.549705
0.371115
0.898567
0.747658
0.545413
0.934892
0.294682
0.932140
0.763096
0.258661
0.002384
0.932482
0.520621
0.658748
0.921603
0.339854
0.614665
0.054346
0.505278
0.735655
0.033479
0.217775
0.129470
0.207390
0.138565
0.564135
0.404314
0.131544
0.798494
0.807071
0.352629
0.348200
0.178186
0.251196
0.095858
0.723599
0.186088
0.390541
0.655739
0.949185
0.649201
0.658123
0.881666
0.169822
0.316871
0.803269
0.509676
0.931536
0.857614
0.014954
0.667191
0.891093
0.232728
0.796661
0.098483
0.371293
0.360796
0.502797
0.502837
0.159290
0.309868
0.855466
0.507490
0.488053
0.106663
0.603348
0.211652
0.292751
0.993889
0.867391
0.241935
0.643090
0.525514
0.123601
0.812912
0.842385
0.926870
0.322588
0.773921
0.784485
0.337541
0.441112
0.675577
0.570269
0.237774
0.774060
0.941563
0.598570
0.276856
0.444400
0.757860
0.586724
0.299866
0.265350
0.074777
0.406528
0.868698
0.286429
0.699279
0.862587
0.153820
0.941214
0.505676
0.679333
0.064816
0.318589
0.521719
0.991686
0.641176
0.295640
0.776171
0.978717
0.736752
0.451748
0.548987
0.974526
0.225808
0.490550
0.573096
0.502664
0.934949
0.330955
0.089388
0.234815
0.596305
0.164164
0.641344
0.465003
0.450593
0.340623
0.327590
0.604412
0.281837
0.833267
0.283746
0.346653
0.151855
0.805464
0.338339
0.793031
0.101103
0.114510
0.771749
0.837855
0.566257
0.320736
0.812381
0.792065
0.811286
0.385476
0.294729
0.746235
0.716432
0.384116
0.981051
0.312738
0.548280
0.622395
0.777741
0.998873
0.963018
0.105331
0.603285
0.244855
0.938597
0.887031
0.591508
0.090452
0.692495
0.929848
0.883484
0.793599
0.044357
0.655232
0.631454
0.610615
0.975968
0.443835
0.402680
0.787254
0.829312
0.697408
0.533489
0.545744
0.081524
0.514539
0.858481
0.629804
0.136934
0.636222
0.628678
0.099952
0.741552
0.231963
0.344807
0.680150
0.118994
0.936316
0.770602
0.811489
0.866163
0.654086
0.605088
0.910521
0.309318
0.236543
0.521136
0.285286
0.680378
0.923815
0.072540
0.509690
0.621223
0.606029
0.055433
0.702747
0.120567
0.913915
0.332551
0.257501
0.550136
0.961229
0.357453
0.291688
0.193192
0.702260
0.971838
0.312187
0.638575
0.742440
0.123676
0.504739
0.396526
0.728764
0.415259
0.705845
0.965306
0.936395
0.991131
0.645684
0.860210
0.063671
0.155374
0.481433
0.669699
0.210807
0.184180
0.790267
0.124722
0.516732
0.047767
0.674858
0.477962
0.405220
0.966547
0.671154
0.107481
0.938385
0.983340
0.746056
0.680825
0.107016
0.250795
0.077352
0.835780
0.666054
0.783196
0.801087
0.602450
0.774327
0.446771
0.462660
0.837998
0.602145
0.944093
0.507697
0.812952
0.128274
0.297964
0.937674
0.645006
0.345731
0.612532
0.122967
0.750952
0.579079
0.794121
0.858432
0.517464
0.777462
0.604488
0.198290
0.884478
0.855283
0.275642
0.720258
0.521337
0.058837
0.521345
0.123787
0.833164
0.968116
0.586446
0.671162
0.570260
0.530539
0.178859
0.383213
0.658813
0.476823
0.320887
0.303819
0.822554
0.933420
0.426786
0.573506
0.512499
0.220908
0.431938
0.029963
0.998370
0.036426
0.228253
0.882848
0.891709
0.503894
0.603106
0.413046
0.562732
0.124451
0.536833
0.395896
0.092567
0.123279
0.067058
0.662828
0.653818
0.245916
0.046040
0.312632
0.722739
0.366927
0.616451
0.545293
0.300347
0.043237
0.118799
0.812846
0.264145
0.550738
0.842809
0.262515
0.587164
0.071062
0.145363
0.478872
0.574957
0.748468
0.891918
0.137688
0.872919
0.428751
0.533584
0.965486
0.552030
0.600642
0.628314
0.205848
0.846558
0.674354
0.518480
0.569298
0.041282
0.134931
0.114591
0.341629
0.178168
0.233391
0.154475
0.442313
0.784128
0.997284
0.704828
0.371292
0.068346
0.850190
0.850164
0.643302
0.598658
0.742082
0.780990
0.471577
0.170833
0.314574
0.437063
0.722863
0.915216
0.065377
0.928711
0.761774
0.739731
0.447191
0.331071
0.781013
0.582122
0.445663
0.122642
0.760290
0.679053
0.277116
0.202603
0.463181
0.274400
0.907430
0.834474
0.342746
0.757620
0.684638
0.986048
0.356278
0.426721
0.767039
0.827855
0.597553
0.081613
0.264919
0.320416
0.996828
0.330296
0.249127
0.758602
0.070027
0.696318
0.089674
0.851040
0.278439
0.535337
0.973682
0.038729
0.214390
0.250798
0.241332
0.677571
0.525198
0.148762
0.512045
0.867944
0.906382
0.196682
0.853992
0.262660
0.623403
0.621031
0.090515
0.220956
0.702644
0.355434
0.541373
0.699472
0.685730
0.790500
0.458075
0.755757
0.486818
0.547748
0.606798
0.765258
0.083085
0.580480
0.803987
0.297475
0.831278
0.045319
0.975046
0.356475
0.194081
0.487091
0.224420
0.100463
0.683773
0.078412
0.363123
0.307176
0.699443
0.453638
0.528133
0.402087
0.809072
0.069505
0.101559
0.494803
0.860005
0.559633
0.250560
0.346823
0.107381
0.857357
0.112081
0.190466
0.437837
0.916068
0.487941
0.269114
0.961387
0.462986
0.625590
0.155468
0.950077
0.850010
0.255931
0.633851
0.928422
0.619055
0.941027
0.627865
0.072693
0.469160
0.029951
0.881765
0.538666
0.131511
0.376568
0.398670
0.691144
0.627128
0.745494
0.798525
0.484485
0.857574
0.988991
0.922322
0.773643
0.476932
0.191436
0.735030
0.939919
0.817026
0.890498
0.889996
0.667036
0.146429
0.523847
0.595458
0.765484
0.464874
0.223323
0.838177
0.934034
0.253275
0.719942
0.472699
0.384785
0.096510
0.871370
0.075930
0.723638
0.616863
0.874455
0.208123
0.474438
0.863446
0.130444
0.248080
0.340378
0.321881
0.983110
0.280297
0.138906
0.873608
0.170292
0.805943
0.020038
0.694139
0.401401
0.785521
0.159014
0.624724
0.623698
0.093047
0.877999
0.343639
0.565747
0.262784
0.440150
0.437116
0.338713
0.163787
0.053979
0.213168
0.371909
0.528417
0.076614
0.502354
0.776498
0.416992
0.824234
0.759607
0.697289
0.963141
0.633215
0.867582
0.769083
0.653252
0.561721
0.170484
0.438773
0.720734
0.795208
0.062470
0.813782
0.673207
0.406110
0.379528
0.935991
0.846260
0.816644
0.274704
0.010047
0.870624
0.487873
0.381957
0.399041
0.564487
0.884311
0.175539
0.981479
0.708545
0.935146
0.678768
0.671685
0.568362
0.546349
0.440769
0.221613
0.108070
0.611254
0.660387
0.828805
0.406462
0.722858
0.642587
0.079669
0.128968
0.022115
0.015660
0.975228
0.838759
0.290365
0.985275
0.709383
0.778237
0.367232
0.108423
0.342724
0.251543
0.283963
0.324203
0.960087
0.219108
0.002971
0.631773
0.787470
0.549320
0.072542
0.009083
0.657390
0.683795
0.669471
0.486195
0.090257
0.392329
0.128781
0.169926
0.521297
0.150895
0.185586
0.496525
0.989655
0.475951
0.481800
0.699038
0.254188
0.849032
0.807461
0.596912
0.100575
0.091423
0.921115
0.060662
0.310532
0.924086
0.692435
0.098002
0.473405
0.764977
0.107086
0.130796
0.448772
0.776556
0.616990
0.539029
0.168885
0.745772
0.708955
0.690181
0.896667
0.894541
0.186706
0.886322
0.370492
0.668506
0.585360
0.624680
0.517539
0.392821
0.221592
0.618114
0.484245
0.142707
0.678776
0.794777
0.066793
0.371211
0.892779
0.540198
0.136188
0.999865
0.670994
0.584960
0.776421
0.287984
0.123989
0.945306
0.033755
0.832945
0.635487
0.930423
0.727486
0.822193
0.816745
0.097979
0.490700
0.402104
0.722659
0.008239
0.794926
0.944251
0.626353
0.279170
0.086959
0.305129
0.073947
0.153751
0.676340
0.966726
0.693949
0.812528
0.966591
0.364943
0.397488
0.743012
0.652927
0.521478
0.688318
0.686682
0.354423
0.323805
0.617105
0.081909
0.145998
0.433850
0.179888
0.636698
0.835955
0.902547
0.644937
0.630881
0.846798
0.271290
0.910051
0.933756
0.576419
0.983998
0.087507
0.252759
0.950725
0.781457
0.065287
0.917316
0.146400
0.462775
0.660328
0.799327
0.984253
0.348645
0.486010
0.338676
0.672450
0.103115
0.420586
0.818449
0.536965
0.600474
0.455147
0.372920
0.503021
0.100085
0.003801
0.349819
0.371375
0.913852
0.283575
0.947794
0.897850
0.371082
0.200553
0.848574
0.152539
0.265840
0.765890
0.298939
0.728615
0.426218
0.098266
0.712868
0.774863
0.584276
0.051544
0.447313
0.687391
0.472130
0.265763
0.224356
0.072603
0.720910
0.597277
0.575624
0.820995
0.601077
0.925443
0.192370
0.514929
0.209018
0.140164
0.412778
0.580100
0.340717
0.261353
0.732639
0.606556
0.027243
0.031579
0.335171
0.453460
0.129845
0.048038
0.228324
0.714121
0.099582
0.675637
0.401512
0.571712
0.941399
0.625869
0.644315
0.662310
0.223145
0.219940
0.483305
0.824223
0.145382
0.675675
0.339152
0.354400
0.815839
0.751930
0.934500
0.156555
0.013283
0.667139
0.763112
0.040526
0.698718
0.098282
0.493986
0.828563
0.146320
0.722309
0.542683
0.245903
0.397946
0.944195
0.817614
0.339345
0.570064
0.461930
0.001655
0.793209
0.681869
0.484960
0.617432
0.827251
0.160634
0.956583
0.181652
0.976473
0.708513
0.116152
0.133028
0.721796
0.783291
0.896140
0.762322
0.482009
0.994422
0.256308
0.310571
0.140742
0.978617
0.853255
0.386645
0.376563
0.797450
0.204259
0.715909
0.367514
0.666189
0.717564
0.160723
0.348058
0.202523
0.778155
0.175309
0.363158
0.734738
0.356960
0.339631
0.443252
0.473112
0.472659
0.165048
0.256403
0.368799
0.927370
0.738412
0.363221
0.183678
0.048984
0.503963
0.162295
0.902238
0.890608
0.538858
0.699688
0.094867
0.254767
0.067202
0.761055
0.972330
0.227925
0.109112
0.174853
0.006080
0.284422
0.538011
0.740819
0.641382
0.877641
0.184070
0.114494
0.350300
0.349119
0.370897
0.719099
0.276489
0.109309
0.082320
0.460167
0.158292
0.586283
0.622462
0.060531
0.476891
0.161320
0.760218
0.571758
0.416086
0.827421
0.332813
0.388417
0.055346
0.441926
0.563270
0.061426
0.726347
0.101280
0.802245
0.367729
0.978922
0.986316
0.482223
0.329222
0.335434
0.853120
0.048321
0.611923
0.962429
0.130642
0.072090
0.120721
0.716925
0.694551
0.181250
0.193816
0.855870
0.941469
0.765573
0.271957
0.768890
0.098386
0.660373
0.824236
0.540312
0.223642
0.885662
0.266659
0.324923
0.687908
0.634388
0.303845
0.674223
0.116610
0.633067
0.009657
0.969730
0.681388
0.621580
0.932159
0.812030
0.693669
0.052880
0.528954
0.388220
0.234130
0.722770
0.244090
0.175600
0.488343
0.516047
0.944489
0.586729
0.176420
0.768725
0.127041
0.400063
0.654387
0.393700
0.724985
0.342294
0.028088
0.028830
0.016518
0.144698
0.661897
0.026175
0.114428
0.343286
0.647755
0.046587
0.155315
0.341424
0.099467
0.684270
0.729644
0.333597
0.407039
0.973734
0.509196
0.895383
0.489781
0.453685
0.482112
0.666201
0.222410
0.609153
0.066263
0.876797
0.002853
0.791249
0.219092
0.030940
0.820079
0.235610
0.175638
0.481976
0.261785
0.290067
0.825261
0.909539
0.336654
0.980577
0.250963
0.436121
0.664846
0.980607
0.769717
0.071885
0.954341
0.278913
0.967268
0.444122
0.732598
0.449380
0.110322
0.955008
0.058533
0.176586
0.831805
0.061386
0.967834
0.050897
0.092327
0.787913
0.286507
0.267965
0.269888
0.548291
0.558033
0.095150
0.457831
0.894687
0.075726
0.708794
0.330807
0.740573
0.689401
0.100524
0.812458
0.643742
0.379437
0.779727
0.087864
0.112035
0.229107
0.198186
0.067043
0.287640
0.374772
0.898847
0.349026
0.342606
0.949744
0.441352
0.130518
0.236251
0.709318
0.400407
0.784542
0.267350
0.495557
0.242373
0.162037
0.571284
0.951167
0.492844
0.311857
0.640568
0.593368
0.124315
0.284310
0.972805
0.904042
0.372173
0.084840
0.133149
0.570360
0.151882
0.420789
0.945132
0.050730
0.769814
0.287738
0.000474
0.211166
0.418256
0.236725
0.920484
0.818663
0.021267
0.187834
0.314220
0.263640
0.349871
0.885504
0.214806
0.842714
0.197360
0.855375
0.436082
0.321675
0.139684
0.408888
0.225717
0.511858
0.493727
0.358865
0.082218
0.645609
0.779654
0.027349
0.696339
0.549468
0.315087
0.696813
0.760635
0.733342
0.933537
0.681119
0.552006
0.954804
0.868953
0.866226
0.218444
0.218824
0.751730
0.433251
0.061538
0.949090
0.288625
0.497621
0.270766
0.428310
0.906508
0.496483
0.940168
0.400235
0.855349
0.022385
0.045844
0.635003
0.049734
0.742183
0.184471
0.364820
0.438996
0.945106
0.098163
0.372534
0.626225
0.650168
0.327338
0.495178
0.516395
0.545782
0.714002
0.268125
0.979033
0.775541
0.217215
0.267659
0.273161
0.487981
0.695969
0.179669
0.984463
0.636136
0.579904
0.839812
0.658521
0.625748
0.474815
0.708255
0.367932
0.659286
0.073075
0.806928
0.604392
0.171238
0.179461
0.230617
0.821406
0.506799
0.725796
0.337801
0.052582
0.439798
0.605925
0.031614
0.215339
0.823140
0.299274
0.488500
0.311121
0.995242
0.668169
0.295585
0.631379
0.248073
0.135396
0.289900
0.873821
0.610211
0.998155
0.241753
0.269497
0.071230
0.048681
0.873889
0.242468
0.228142
0.104506
0.063874
0.734942
0.830302
0.401675
0.787523
0.270099
0.007600
0.819138
0.485438
0.830740
0.118412
0.973938
0.141862
0.113654
0.642107
0.437446
0.745033
0.890180
0.572842
0.034932
0.764001
0.183053
0.033087
0.005754
0.452550
0.104317
0.054435
0.326439
0.346785
0.282577
0.430945
0.410659
0.017519
0.261247
0.812334
0.805042
0.531346
0.819934
0.624180
0.016785
0.650674
0.742593
0.990722
0.792536
0.856247
0.632829
0.229982
0.601280
0.523009
0.802824
0.636212
0.287009
0.985877
0.669299
0.292763
0.438427
0.773617
0.347198
0.764865
0.120401
0.629776
0.195810
0.531060
0.647295
0.457056
0.343394
0.452337
0.988403
0.163328
0.076517
0.005187
0.814002
0.819110
0.995909
0.606538
0.675357
0.628738
0.836520
0.276636
0.151747
0.639343
0.912849
0.438757
0.625220
0.582148
0.731520
0.063647
0.355765
0.078719
0.828512
0.476166
0.708494
0.024322
0.007226
0.355788
0.481379
0.350620
0.808125
0.469781
0.513948
0.884643
0.474968
0.327950
0.703752
0.470877
0.934488
0.379109
0.099616
0.771007
0.655745
0.251363
0.410351
0.568594
0.690120
0.035571
0.150743
0.421640
0.099217
0.506507
0.500358
0.927730
0.982673
0.208852
0.952052
0.989899
0.564641
0.433431
0.340519
0.372766
0.903212
0.854467
0.257408
0.378181
0.182416
0.961161
0.849058
0.116905
0.340270
0.948674
0.887911
0.996016
0.200037
0.298262
0.564610
0.890157
0.333832
0.715353
0.311796
0.433050
0.221860
0.812154
0.360780
0.204533
0.021006
0.312832
0.194432
0.585647
0.746262
0.534952
0.958413
0.649475
0.389418
0.215822
0.027655
0.571835
0.176983
0.876713
0.688739
0.517253
0.825387
0.576650
0.513268
0.025424
0.874912
0.077878
0.915581
0.208744
0.793231
0.227377
0.641794
0.015091
0.039531
0.002574
0.219624
0.060538
0.315405
0.414056
0.646185
0.061668
0.949007
0.604598
0.711142
0.338426
0.820420
0.738798
0.910260
0.997402
0.615511
0.598999
0.514655
0.440898
0.175650
0.027923
0.466323
0.050562
0.105801
0.381904
0.259307
0.899032
0.609281
0.901101
0.914123
0.648812
0.903675
0.133747
0.709350
0.219080
0.547802
0.355535
0.280748
0.496810
0.960133
0.991890
0.835236
0.780552
0.730688
0.745496
0.777954
0.346199
0.344495
0.292608
0.787097
0.520145
0.320532
0.253420
0.570708
0.426333
0.635324
0.830014
0.325365
0.244604
0.731115
0.239488
0.893416
0.634790
0.373235
0.602766
0.853870
0.921037
0.958301
0.134618
0.417847
0.918433
0.126508
0.253083
0.698986
0.857196
0.998579
0.476939
0.203395
0.343075
0.769549
0.990492
0.863220
0.090080
0.243912
0.433928
0.516413
0.879235
0.263942
0.841778
0.123840
0.995057
0.081266
0.017255
0.629847
0.454501
0.620022
0.483717
0.375538
0.578322
0.618336
0.793385
0.496756
0.744844
0.046469
0.195741
0.602040
0.045048
0.672681
0.805434
0.388122
0.442230
0.795926
0.251343
0.532310
0.039838
0.685271
0.048723
0.919073
0.949213
0.890501
0.042912
0.944270
0.971768
0.060168
0.574118
0.426269
0.680189
0.057835
0.801807
0.258512
0.676171
0.595193
0.755267
0.421015
0.641661
0.951009
0.023054
0.686708
0.623690
0.828488
0.074831
0.065919
0.624414
0.326173
0.598229
0.664252
0.011444
0.646952
0.583324
0.960657
0.537453
0.626236
0.904927
0.509221
0.686404
0.479045
0.935490
0.366593
0.536880
0.737297
0.625104
0.213050
0.332490
0.380371
0.634065
0.974151
0.331380
0.657119
0.660859
0.955070
0.485608
0.735690
0.020990
0.110022
0.061864
0.619218
0.774273
0.073307
0.266170
0.357598
0.033964
0.803624
0.983834
0.938891
0.312845
0.670238
0.417935
0.248335
0.036831
0.954815
0.985633
0.661934
0.167865
0.318122
0.042306
0.801930
0.292273
0.373686
0.459050
0.953132
0.328756
0.944657
0.688822
0.349745
0.054679
0.750686
0.968964
0.828953
0.823993
0.235134
0.186550
0.857957
0.038758
0.170385
0.796847
0.351603
0.840622
0.214782
0.599939
0.877453
0.169597
0.585571
0.539387
0.337462
0.903694
0.581693
0.139393
0.195967
0.955379
0.598443
0.149099
0.284135
0.543100
0.837922
0.633880
0.597780
0.588607
0.602844
0.426732
0.412600
0.837978
0.613283
0.270557
0.876736
0.783667
0.067404
0.228340
0.624289
0.282186
0.828278
0.501742
0.451784
0.413849
0.041129
0.789246
0.317542
0.622822
0.928639
0.513510
0.578201
0.527082
0.662609
0.862336
0.070183
0.500530
0.496217
0.667962
0.089137
0.099060
0.094694
0.501738
0.937039
0.707976
0.772294
0.813775
0.491643
0.839698
0.042114
0.115933
0.121884
0.870393
0.617675
0.573668
0.284242
0.658804
0.362914
0.601784
0.281626
0.291554
0.115293
0.859827
0.818635
0.777902
0.722163
0.888818
0.278432
0.218380
0.556779
0.367570
0.317441
0.651473
0.869308
0.254480
0.359449
0.641602
0.068255
0.851093
0.481301
0.110369
0.967025
0.603186
0.980762
0.584700
0.176854
0.265004
0.243505
0.539768
0.866788
0.525130
0.831322
0.982081
0.384958
0.649957
0.759984
0.107121
0.538775
0.038416
0.325501
0.095554
0.405986
0.642942
0.747027
0.275295
0.897421
0.106476
0.916897
0.965676
0.957569
0.398198
0.076045
0.924594
0.001383
0.056808
0.509295
0.178237
0.321811
0.752799
0.718005
0.188599
0.277930
0.549326
0.170680
0.662888
0.199284
0.930664
0.770009
0.738058
0.969080
0.095510
0.833612
0.375066
0.738451
0.580639
0.650360
0.635872
0.687115
0.567257
0.601548
0.644684
0.965454
0.677593
0.569279
0.966837
0.734401
0.078573
0.145074
0.056211
0.831372
0.863079
0.244810
0.109302
0.412406
0.415490
0.772190
0.611689
0.346154
0.542198
0.349748
0.315234
0.637708
0.183360
0.690300
0.376159
0.764000
0.340661
0.012031
0.451115
0.907918
0.613579
0.095799
0.873372
0.291172
0.665078
0.840209
0.025573
0.743652
0.985283
0.081784
0.575024
0.848362
0.326595
0.684327
0.260768
0.742085
0.456516
0.872458
0.088240
0.998715
0.222206
0.403474
0.636423
0.405566
0.093774
0.012582
0.169565
0.434435
0.024613
0.620680
0.342352
0.638193
0.716480
0.215725
0.929366
0.381558
0.055934
0.954939
0.125210
0.041217
0.036724
0.700234
0.889580
0.363319
0.384560
0.150348
0.105404
0.841076
0.022805
0.193644
0.839791
0.245011
0.597118
0.476213
0.650576
0.690892
0.488795
0.820141
0.125327
0.513408
0.440822
0.467680
0.151602
0.157301
0.683404
0.080967
0.538859
0.739338
0.035906
0.664069
0.780556
0.072628
0.364303
0.670135
0.435948
0.748863
0.820483
0.541351
0.589940
0.843288
0.734995
0.429730
0.088299
0.332113
0.905944
0.738875
0.023005
0.394739
0.559017
0.148332
0.908148
0.999838
0.616012
0.059749
0.157140
0.299417
0.140716
0.695999
0.038755
0.176621
0.360068
0.819311
0.249250
0.724371
0.489446
0.685198
0.473234
0.309929
0.226549
0.063174
0.153217
0.961544
0.492905
0.241516
0.293657
0.398848
0.980392
0.316662
0.793588
0.539408
0.464994
0.701736
0.539246
0.081007
0.761485
0.696386
0.380423
0.902200
0.392385
0.419179
0.078822
0.752453
0.238489
0.328072
0.476824
0.727935
0.013269
0.950058
0.037864
0.239818
0.013232
0.191081
0.201362
0.506136
0.432597
0.495020
0.904985
0.412989
0.811682
0.698573
0.952397
0.276677
0.400308
0.491643
0.357683
0.161793
0.188029
0.738107
0.063993
0.580414
0.157285
0.142815
0.332867
0.395775
0.470887
0.809691
0.123710
0.484156
0.759749
0.161573
0.723975
0.772980
0.352654
0.925337
0.279117
0.785252
0.420357
0.184101
0.198242
0.232039
0.882674
0.150639
0.508715
0.282982
0.642282
0.866399
0.444775
0.830312
0.604505
0.508768
0.410726
0.761791
0.651582
0.743592
0.157565
0.122469
0.553283
0.281275
0.606625
0.313032
0.442848
0.330600
0.086012
0.795503
0.255937
0.365128
0.580755
0.676294
0.549230
0.778996
0.908333
0.431904
0.929635
0.417048
0.714886
0.571917
0.283447
0.159660
0.402229
0.887952
0.668428
0.812955
0.649743
0.320011
0.556547
0.807308
0.442479
0.109830
0.088582
0.049104
0.422862
0.531430
0.379705
0.508874
0.326933
0.635642
0.874002
0.907688
0.311936
0.423232
0.686684
0.220270
0.855135
0.616319
0.637318
0.570021
0.188237
0.920765
0.729682
0.590466
0.808718
0.398110
0.403421
0.458460
0.718120
0.959968
0.265768
0.160599
0.069798
0.354350
0.209704
0.492661
0.885781
0.589409
0.001534
0.212713
0.225051
0.875536
0.120402
0.536988
0.298768
0.807085
0.757257
0.153903
0.423405
0.394576
0.723924
0.611642
0.315341
0.453606
0.202107
0.124059
0.851716
0.605528
0.582518
0.569836
0.565496
0.848287
0.730435
0.635295
0.202637
0.940140
0.127956
0.088417
0.529549
0.129490
0.301131
0.754600
0.005025
0.421533
0.291588
0.303794
0.228618
0.048846
0.457697
0.652023
0.443421
0.181621
0.263664
0.758762
0.635227
0.465772
0.882820
0.486943
0.071300
0.465339
0.056778
0.636796
0.313626
0.787214
0.272092
0.516263
0.727354
0.400047
0.604680
0.256903
0.529537
0.905811
0.011503
0.534562
0.327343
0.303091
0.838356
0.555961
0.351937
0.296052
0.207984
0.795358
0.477673
0.471648
0.554120
0.112900
0.937420
0.436940
0.599843
0.008720
0.902279
0.656622
0.645516
0.215904
0.443836
0.917607
0.732167
0.171190
0.317654
0.336847
0.428092
0.847190
0.242658
0.439596
0.381752
0.570002
0.742687
0.220108
0.125963
0.094624
0.516160
0.333947
0.889982
0.993833
0.805595
0.444101
0.106733
0.743015
0.881041
0.706577
0.751735
0.783320
0.363198
0.397251
0.999225
0.807034
0.314859
0.731392
0.978224
0.632513
0.068238
0.406316
0.479703
0.310897
0.845912
0.861455
0.880898
0.588599
0.081563
0.006861
0.683223
0.597723
0.340808
0.573204
0.591557
0.146404
0.017306
0.698290
0.889419
0.898347
0.404867
0.641154
0.681667
0.768065
0.038405
0.680892
0.575099
0.353263
0.412284
0.553323
0.985775
0.480522
0.959639
0.465478
0.791419
0.805551
0.326933
0.672317
0.394149
0.408496
0.679178
0.077372
0.006220
0.019987
0.650576
0.597776
0.166389
0.667882
0.296066
0.055808
0.566229
0.700933
0.696962
0.247896
0.468998
0.735367
0.928788
0.044097
0.088630
0.341072
0.597420
0.074405
0.821594
0.557059
0.539883
0.613013
0.362610
0.866816
0.285330
0.756759
0.275313
0.964508
0.834131
0.281533
0.984494
0.484707
0.879309
0.150884
0.152589
0.175375
0.206692
0.718818
0.876308
0.903654
0.966714
0.345306
0.639021
0.895502
0.389404
0.727650
0.236574
0.986824
0.802056
0.058169
0.543883
0.341939
0.671181
0.906492
0.208755
0.956510
0.663251
0.484068
0.921018
0.497382
0.765601
0.905512
0.982089
0.644909
0.056395
0.134677
0.820284
0.263087
0.853495
0.696592
0.166741
0.820209
0.041899
0.805762
0.715712
0.431303
0.533412
0.952286
0.418127
0.335468
0.010454
0.962010
0.677407
0.681635
0.868502
0.886162
0.638145
0.531753
0.370230
0.559163
0.029135
0.135831
0.464675
0.011224
0.780740
0.521070
0.145902
0.601024
0.784157
0.999397
0.297616
0.950898
0.819606
0.339515
0.756660
0.535318
0.770818
0.290071
0.487603
0.188944
0.625539
0.498057
0.150954
0.302946
0.179692
0.019455
0.189108
0.817837
0.551209
0.559338
0.377000
0.580344
0.695169
0.841675
0.591567
0.475909
0.362745
0.737468
0.076933
0.146902
0.736865
0.374549
0.097801
0.556471
0.714063
0.854460
0.091789
0.484881
0.144531
0.579392
0.673825
0.770071
0.077449
0.824779
0.073017
0.257141
0.844235
0.262124
0.074978
0.395443
0.821463
0.451979
0.975787
0.516632
0.293654
0.567354
0.992540
0.656400
0.304822
0.069473
0.803302
0.041688
0.444021
0.901102
0.598159
0.158084
0.755563
0.689948
0.642965
0.900094
0.269340
0.316790
0.670165
0.346790
0.141569
0.743182
0.603931
0.985803
0.005306
0.678909
0.381246
0.826769
0.130888
0.357033
0.343400
0.424542
0.924387
0.335940
0.080942
0.229210
0.405413
0.884244
0.270898
0.849434
0.785346
0.869056
0.007518
0.540909
0.559005
0.650483
0.441003
0.828345
0.967273
0.111168
0.175134
0.108842
0.854350
0.779065
0.094645
0.859656
0.457974
0.475891
0.686425
0.588862
0.832924
0.029825
0.013404
0.757312
0.365765
0.094346
0.986521
0.771178
0.978590
0.257419
0.620612
0.763936
0.126475
0.628129
0.304845
0.685479
0.278612
0.745847
0.513824
0.245885
0.857015
0.688958
0.354726
0.711365
0.468023
0.449371
0.571020
0.925997
0.925262
0.257445
0.514859
0.758186
0.287270
0.528264
0.515498
0.653036
0.622610
0.502019
0.424214
0.601200
0.759438
0.044825
0.365135
0.885913
0.672955
0.669980
0.571392
0.951567
0.415827
0.085216
0.197452
0.272842
0.774174
0.552178
0.984206
0.242197
0.001549
0.555227
0.168194
0.926810
0.812672
0.683053
0.684997
0.099943
0.211317
0.200495
0.752979
0.833927
0.702514
0.177192
0.435126
0.461952
0.222018
0.800261
0.347864
0.894973
0.470241
0.919256
0.846540
0.886068
0.004472
0.043991
0.158909
0.778646
0.596169
0.143116
0.020843
0.597717
0.698343
0.189037
0.524528
0.511015
0.872090
0.209525
0.610958
0.083407
0.410020
0.363937
0.917334
0.112534
0.541129
0.352460
0.574485
0.763148
0.152721
0.922350
0.658121
0.622962
0.841606
0.504661
0.509029
0.846078
0.548652
0.667939
0.624724
0.144821
0.811055
0.645567
0.742538
0.509398
0.834604
0.267066
0.020413
0.706694
0.476590
0.631371
0.790101
0.886610
0.995308
0.707434
0.999144
0.536437
0.059893
0.573630
0.299586
0.212614
0.495980
0.957706
0.835576
0.337586
0.462366
0.344606
0.183664
0.011019
0.012545
0.808387
0.155839
0.823600
0.453954
0.898377
0.332998
0.288558
0.165444
0.353411
0.995251
0.642034
0.984782
0.785352
0.528644
0.980090
0.492786
0.527789
0.516528
0.552680
0.101419
0.816113
0.765294
0.597398
0.773819
0.600870
0.934984
0.236185
0.945476
0.118648
0.247204
0.958021
0.927035
0.403043
0.781620
0.380989
0.301421
0.114618
0.669546
0.466864
0.468029
0.664798
0.108898
0.452811
0.450150
0.637542
0.432901
0.942935
0.165331
0.949429
0.495615
0.266750
0.765542
0.260910
0.864148
0.539361
0.861780
0.799132
0.775546
0.807256
0.917780
0.022750
0.765276
0.844814
0.425793
0.546897
0.225803
0.727214
0.661514
0.895350
0.194079
0.129543
0.560147
0.302976
0.582354
0.010297
0.940519
0.015255
0.953232
0.105849
0.964684
0.448847
0.372599
0.730225
0.709756
0.236748
0.269586
0.571536
0.035880
0.045132
0.378792
0.953660
0.067882
0.144069
0.798474
0.493676
0.690965
0.024277
0.220890
0.352479
0.919627
0.414968
0.482022
0.479775
0.717944
0.064376
0.490071
0.658463
0.079631
0.443303
0.764313
0.044315
0.892150
0.136912
0.774540
0.601906
0.373660
0.044126
0.173443
0.409540
0.089258
0.552234
0.363200
0.157140
0.696303
0.161674
0.650816
0.387268
0.185951
0.871706
0.739746
0.105579
0.286673
0.221768
0.585353
0.004618
0.286145
0.075424
0.663081
0.365776
0.518727
0.427393
0.410091
0.410877
0.564306
0.184631
0.012784
0.937965
0.228757
0.186226
0.347505
0.318015
0.738460
0.710705
0.475155
0.434762
0.872378
0.125971
0.822030
0.058330
0.997677
0.561776
0.163909
0.284350
0.783545
0.749262
0.288968
0.069690
0.824687
0.952049
0.435466
0.343414
0.379442
0.845557
0.754291
0.943748
0.030188
0.767074
0.881713
0.258945
0.953299
0.229217
0.576961
0.691759
0.939922
0.052116
0.126522
0.812301
0.178087
0.948552
0.870631
0.175764
0.510328
0.034539
0.460114
0.293873
0.783802
0.749082
0.363563
0.608488
0.701131
0.799029
0.951902
0.080573
0.644585
0.706193
0.024320
0.674773
0.473266
0.906033
0.933718
0.426566
0.135251
0.510679
0.118325
0.075173
0.562795
0.244847
0.887474
0.740882
0.193399
0.758105
0.916646
0.703727
0.792645
0.376760
0.997600
0.576447
0.125842
0.361163
0.184935
0.826973
0.160191
0.136837
0.907545
0.804777
0.843030
0.931866
0.479550
0.316297
0.837899
0.413269
0.742862
0.973150
0.923948
0.861187
0.048324
0.486743
0.106034
0.935798
0.227625
0.299433
0.693903
0.144271
0.003160
0.486548
0.521031
0.000760
0.062995
0.646873
0.361923
0.247930
0.473845
0.522114
0.384767
0.381390
0.326891
0.227798
0.313257
0.806441
0.544095
0.151156
0.219710
0.286957
0.124306
0.143658
0.148144
0.172631
0.630400
0.254178
0.108429
0.858025
0.553611
0.802332
0.002296
0.556771
0.288880
0.523328
0.557531
0.351875
0.170200
0.919454
0.599805
0.644045
0.441568
0.984573
0.025436
0.768459
0.212371
0.338693
0.574900
0.756465
0.489849
0.794610
0.043422
0.614155
0.938267
0.191566
0.786786
0.568667
0.445744
0.895214
0.426692
0.999355
0.697546
0.428989
0.556126
0.986426
0.952317
0.113657
0.338301
0.122516
0.033110
0.938106
0.766562
0.474678
0.922679
0.791999
0.243137
0.135050
0.130691
0.818037
0.891515
0.620540
0.612647
0.934937
0.234695
0.550914
0.126502
0.021481
0.119582
0.572247
0.916695
0.546274
0.571602
0.614240
0.975263
0.127728
0.600666
0.927580
0.241384
0.938967
0.050097
0.274495
0.877073
0.816659
0.749173
0.799752
0.608657
0.992310
0.934802
0.739348
0.810347
0.826317
0.359888
0.422994
0.761254
0.594583
0.973908
0.887756
0.616064
0.093489
0.460003
0.532758
0.639763
0.031606
0.146999
0.615026
0.159333
0.747665
0.542606
0.400718
0.686632
0.592702
0.675213
0.563705
0.409360
0.424385
0.363457
0.018018
0.416696
0.298258
0.757365
0.227042
0.124575
0.117253
0.650036
0.885829
0.711837
0.623944
0.773585
0.327901
0.717433
0.233588
0.860659
0.357196
0.265193
0.007659
0.972223
0.424527
0.755324
0.514829
0.825245
0.441956
0.107531
0.500458
0.005662
0.516891
0.924843
0.369118
0.534908
0.341538
0.667377
0.292274
0.568580
0.791952
0.409527
0.218616
0.677781
0.121364
0.842560
0.451366
0.449265
0.559994
0.684954
0.309924
0.917190
0.950148
0.317583
0.889413
0.374675
0.072907
0.404242
0.199920
0.514863
0.511772
0.700378
0.520524
0.028662
0.625221
0.889642
0.563571
0.966759
0.557019
0.855845
0.535339
0.348972
0.265372
0.753956
0.026753
0.386736
0.596516
0.478119
0.836001
0.156510
0.163073
0.145925
0.073700
0.113221
0.463508
0.963113
0.487897
0.536414
0.367354
0.687817
0.051277
0.879126
0.388195
0.571800
0.907788
0.013415
0.461443
0.471359
0.980174
0.018462
0.327204
0.515513
0.367434
0.592576
0.269469
0.394186
0.979312
0.865985
0.872305
0.815312
0.022494
0.035378
0.961238
0.096194
0.148600
0.424746
0.059307
0.636496
0.961159
0.426661
0.324313
0.012436
0.305786
0.712507
0.584237
0.213574
0.725922
0.045680
0.684934
0.706096
0.064142
0.012137
0.221610
0.431576
0.604713
0.491078
0.825763
0.584024
0.357063
0.698068
0.399337
0.379558
0.733446
0.360574
0.475752
0.882045
0.785320
0.535059
0.518541
0.746479
0.961720
0.842854
0.758915
0.267506
0.555362
0.343152
0.481081
0.281285
0.388831
0.166014
0.987381
0.452973
0.178151
0.208990
0.884549
0.782864
0.700069
0.710312
0.366888
0.057132
0.408380
0.766225
0.436690
0.141826
0.126799
0.912442
0.023870
0.912119
0.447502
0.542412
0.658598
0.409221
0.385267
0.417513
0.676728
0.940629
0.760665
0.157809
0.221913
0.149496
0.323823
0.209294
0.602469
0.501974
0.418284
0.487019
0.284838
0.118353
0.197330
0.651726
0.175485
0.605710
0.417951
0.612175
0.747536
0.544750
0.524617
0.771407
0.456869
0.972119
0.313819
0.115467
0.381340
0.699086
0.532979
0.058068
0.639715
0.293644
0.215877
0.861628
0.443140
0.539699
0.070922
0.045610
0.041673
0.489207
0.532629
0.326511
0.607560
0.729959
0.978236
0.783045
0.335670
0.396187
0.395220
0.083206
0.940936
0.919838
0.854612
0.397805
0.891957
0.168431
0.513271
0.273297
0.867518
0.046250
0.331365
0.507233
0.339895
0.547241
0.368862
0.783035
0.086940
0.439784
0.828645
0.128613
0.928991
0.361274
0.455123
0.536551
0.091233
0.433360
0.319596
0.426902
0.829547
0.714816
0.510107
0.770483
0.634653
0.364720
0.168288
0.526610
0.533151
0.681559
0.799907
0.400669
0.727809
0.131272
0.907902
0.067704
0.678514
0.276763
0.850739
0.765454
0.716547
0.679383
0.894067
0.645538
0.040656
0.349190
0.182088
0.131889
0.782550
0.501684
0.558792
0.612097
0.216500
0.068899
0.382580
0.851154
0.433619
0.550868
0.377763
0.966770
0.232427
0.177670
0.367439
0.960236
0.308942
0.275340
0.027940
0.987456
0.552103
0.878678
0.752910
0.268651
0.558062
0.646977
0.914188
0.598719
0.996168
0.096277
0.730608
0.778718
0.597961
0.289400
0.390815
0.814461
0.358299
0.773395
0.665615
0.791918
0.324263
0.043378
0.758688
0.556690
0.221049
0.126126
0.516927
0.529991
0.401467
0.544867
0.517447
0.953570
0.423545
0.270357
0.222220
0.981607
0.917334
0.136408
0.580326
0.913502
0.232685
0.310935
0.692220
0.830646
0.600334
0.083035
0.645107
0.958633
0.856431
0.310722
0.750551
0.180694
0.354100
0.509239
0.737385
0.575148
0.635365
0.254312
0.105139
0.036832
0.799178
0.622587
0.990402
0.222723
0.892944
0.212622
0.204330
0.810278
0.349030
0.784656
0.723781
0.581715
0.095590
0.416001
0.412361
0.695925
0.499036
0.057469
0.654558
0.355467
0.368190
0.405110
0.536162
0.722289
0.914348
0.273547
0.297438
0.549714
0.527859
0.402576
0.586546
0.327037
0.025164
0.576948
0.549760
0.918108
0.789569
0.754091
0.728386
0.138600
0.538747
0.452167
0.720315
0.634338
0.868167
0.132675
0.330263
0.367204
0.190144
0.984821
0.722671
0.558333
0.389930
0.258832
0.280622
0.304279
0.532378
0.578060
0.853992
0.060237
0.980637
0.440538
0.387274
0.005800
0.017485
0.937034
0.923908
0.807054
0.691125
0.652294
0.945654
0.229872
0.104461
0.665969
0.864210
0.972629
0.798644
0.194473
0.339832
0.988788
0.179294
0.062502
0.547122
0.569224
0.321335
0.827744
0.873502
0.853713
0.405805
0.727494
0.913951
0.386441
0.168031
0.301225
0.392242
0.185516
0.238259
0.316150
0.992570
0.929384
0.968444
0.938224
0.159257
0.072905
0.604192
0.023467
0.045534
0.402836
0.217940
0.385366
0.391625
0.397234
0.447868
0.938746
0.966457
0.769203
0.766490
0.839959
0.622917
0.172295
0.567453
0.536867
0.558736
0.735484
0.838092
0.950978
0.921000
0.076351
0.267128
0.913571
0.005735
0.235572
0.851795
0.164992
0.308477
0.455987
0.188460
0.354010
0.858824
0.406400
0.739376
0.250448
0.803634
0.187245
0.189194
0.770091
0.956448
0.955685
0.610050
0.579364
0.127980
0.177503
0.116231
0.686716
0.912987
0.954323
0.637694
0.833987
0.030674
0.904822
0.747558
0.036410
0.140394
0.599353
0.201402
0.448871
0.055341
0.389861
0.802881
0.914165
0.796261
0.542257
0.164614
0.599895
0.729501
0.353808
0.369986
0.685949
0.309494
0.980036
0.265313
0.437473
0.157539
0.381544
0.124190
0.070526
0.335867
0.761884
0.904513
0.366542
0.666706
0.652071
0.402951
0.807100
0.251424
0.604353
0.255971
0.306766
0.994214
0.058851
0.220930
0.790475
0.601109
0.385543
0.390371
0.330610
0.739351
0.760356
0.016558
0.048845
0.740392
0.281872
0.486319
0.897931
0.663416
0.610508
0.968457
0.999284
0.372392
0.872970
0.365825
0.039099
0.525041
0.768776
0.846199
0.776466
0.373128
0.102170
0.083231
0.367342
0.161020
0.304161
0.157818
0.762130
0.689704
0.548188
0.092739
0.429056
0.308545
0.109299
0.477900
0.048937
0.391170
0.964219
0.946868
0.054587
0.574727
0.915325
0.053870
0.947120
0.788294
0.419695
0.986218
0.313335
0.188471
0.832417
0.089801
0.561599
0.934586
0.173033
0.928941
0.095608
0.477194
0.086759
0.857737
0.166898
0.634947
0.950476
0.595953
0.943492
0.059774
0.073854
0.992429
0.450944
0.038072
0.939296
0.505531
0.612800
0.854621
0.559401
0.559919
0.642915
0.979095
0.546138
0.956250
0.167566
0.378554
0.046052
0.729164
0.313141
0.219084
0.658106
0.408748
0.696278
0.744865
0.266485
0.863175
0.379812
0.216960
0.459128
0.323304
0.276735
0.532982
0.315732
0.727679
0.571055
0.255028
0.233210
0.183854
0.109649
0.792610
0.743773
0.752564
0.771705
0.289911
0.708815
0.939271
0.668465
0.754866
0.668435
0.981606
0.973951
0.326541
0.390354
0.670228
0.071405
0.656838
0.533403
0.451217
0.873799
0.992531
0.774521
0.150534
0.525513
0.090253
0.878213
0.096568
0.345282
0.111422
0.280422
0.454931
0.904032
0.024195
0.207495
0.675738
0.314107
0.916310
0.615008
0.982572
0.671176
0.283443
0.964178
0.645127
0.609984
0.354532
0.315355
0.681390
0.011371
0.848758
0.132607
0.885170
0.841289
0.907128
0.035704
0.366803
0.997381
0.913917
0.463370
0.342662
0.025339
0.743793
0.797593
0.929371
0.767988
0.005088
0.605109
0.082095
0.921398
0.220117
0.064666
0.592574
0.503560
0.028845
0.237701
0.113544
0.383377
0.553056
0.794933
0.394747
0.401814
0.927540
0.279917
0.243103
0.834668
0.315621
0.609905
0.832048
0.229537
0.073276
0.174710
0.254876
0.817068
0.972303
0.184247
0.585056
0.977391
0.789356
0.667151
0.898789
0.009473
0.731818
0.491363
0.513033
0.760662
0.729064
0.626576
0.144039
0.282119
0.421510
0.538786
0.683933
0.349050
0.818704
0.927035
0.183717
0.134324
0.536941
0.015765
0.363862
0.610216
0.190476
0.618738
0.427284
0.162779
0.802986
0.012340
0.140170
0.592342
0.679491
0.038959
0.601815
0.411308
0.530322
0.114847
0.171971
0.259385
0.741424
0.316009
0.541505
0.162934
0.854796
0.225438
0.511983
0.673500
0.152473
0.695701
0.807824
0.689414
0.711466
0.171686
0.299630
0.901942
0.790424
0.726914
0.064721
0.593409
0.739254
0.204891
0.185751
0.418745
0.243850
0.787566
0.830053
0.774173
0.902413
0.002023
0.033558
0.643837
0.318033
0.575063
0.806772
0.172829
0.800501
0.318755
0.846329
0.952974
0.014456
0.654153
0.642388
0.725922
0.825838
0.942018
0.627864
0.616262
0.668932
0.692584
0.209672
0.408185
0.897476
0.395422
0.826930
0.141326
0.182988
0.656983
0.915498
0.085401
0.659006
0.949057
0.729239
0.977039
0.524120
0.536011
0.149868
0.324621
0.854766
0.996197
0.277595
0.869221
0.650350
0.919983
0.595143
0.476188
0.862001
0.223007
0.092450
0.530933
0.915591
0.302122
0.939119
0.813067
0.697544
0.766049
0.954393
0.880533
0.423032
0.869892
0.965934
0.082038
0.818948
0.695173
0.059077
0.343068
0.231184
0.208945
0.667689
0.085950
0.205142
0.945284
0.955171
0.855492
0.865267
0.550315
0.331680
0.727268
0.773321
0.424130
0.258202
0.688913
0.726252
0.197321
0.501980
0.423797
0.963369
0.456373
0.304329
0.386401
0.326265
0.270264
0.468439
0.145213
0.965437
0.527516
0.488281
0.196621
0.736462
0.155969
0.282571
0.941604
0.101252
0.237742
0.797096
0.966519
0.788056
0.128776
0.693788
0.561377
0.552906
0.951989
0.250290
0.279159
0.149310
0.752270
0.702955
0.112679
0.208643
0.007284
0.499081
0.534908
0.277548
0.967520
0.680120
0.242985
0.495036
0.168400
0.439606
0.231498
0.324370
0.722176
0.173102
0.425622
0.959918
0.970198
0.392141
0.747974
0.098974
0.085929
0.309351
0.651880
0.037918
0.559642
0.931038
0.187227
0.311912
0.633993
0.299906
0.520554
0.641277
0.798987
0.055462
0.918825
0.766506
0.735582
0.161810
0.261543
0.903982
0.601415
0.493041
0.228352
0.323591
0.666143
0.653974
0.283510
0.636341
0.046115
0.031484
0.735314
0.132044
0.340835
0.387193
0.169962
0.900477
0.318231
0.357189
0.212389
0.952224
0.657096
0.732943
0.593501
0.456083
0.788405
0.512326
0.222590
0.523987
0.674136
0.484132
0.427970
0.275551
0.977173
0.656322
0.599143
0.643316
0.310295
0.882653
0.279656
0.356411
0.914136
0.014971
0.488455
0.254972
0.402164
0.658417
0.155449
0.720396
0.015607
0.367837
0.672620
0.672703
0.100780
0.266122
0.128785
0.889186
0.778448
0.351375
0.413173
0.452584
0.835507
0.841142
0.728136
0.812681
0.497464
0.327279
0.455997
0.807759
0.209931
0.735653
0.164170
0.124067
0.750624
0.652625
0.379039
0.152788
0.311042
0.534487
0.873184
0.326649
0.902325
0.545805
0.999351
0.003105
0.811927
0.128137
0.892291
0.590375
0.479512
0.305464
0.042960
0.315020
0.146606
0.771095
0.127700
0.644070
0.098374
0.583696
0.451829
0.308305
0.319349
0.615999
0.432372
0.069973
0.268624
0.811411
0.222761
0.579667
0.345899
0.095946
0.906315
0.248223
0.641750
0.905667
0.251329
0.453677
0.033803
0.143619
0.044052
0.513316
0.449082
0.087012
0.828335
0.595689
0.858106
0.956035
0.239758
0.956480
0.539731
0.691587
0.264785
0.859081
0.307587
0.697157
0.929054
0.576211
0.508568
0.151815
0.155878
0.854466
0.247761
0.062193
0.102689
0.889511
0.967860
0.354018
0.343188
0.001664
0.497637
0.387239
0.514979
0.946719
0.474251
0.343314
0.542408
0.332357
0.299349
0.782166
0.288837
0.839081
0.473753
0.553622
0.698162
0.781340
0.250779
0.627216
0.357551
0.759347
0.779031
0.513429
0.613813
0.026793
0.575623
0.716503
0.916304
0.543482
0.070520
0.259491
0.545146
0.568157
0.646731
0.060126
0.514876
0.120982
0.403440
0.057284
0.453339
0.702789
0.839450
0.742177
0.541870
0.313203
0.295799
0.240032
0.094543
0.546578
0.867248
0.452095
0.305926
0.646279
0.965524
0.919738
0.673072
0.541146
0.636241
0.589375
0.084629
0.706761
0.848867
0.629775
0.274918
0.495598
0.689900
0.789794
0.616580
0.093340
0.847079
0.069919
0.796129
0.686529
0.812097
0.338000
0.999732
0.107895
0.578031
0.094275
0.654474
0.445279
0.546370
0.960399
0.091559
0.511895
0.880138
0.764630
0.053041
0.516379
0.354006
0.137670
0.223140
0.202873
0.767445
0.498058
0.698471
0.457345
0.287852
0.315052
0.550685
0.134931
0.384972
0.346814
0.821459
0.197068
0.684813
0.821191
0.304964
0.262844
0.915467
0.959438
0.708124
0.461837
0.919837
0.799682
0.973732
0.799975
0.564312
0.026773
0.316353
0.918318
0.164443
0.539493
0.121191
0.931888
0.037551
0.819662
0.389233
0.325403
0.134714
0.939918
0.460334
0.519686
0.286732
0.281793
0.716754
0.971545
0.102985
0.021718
0.234390
0.018452
0.981156
0.942513
0.480289
0.900993
0.742195
0.454021
0.700968
0.306508
0.480794
0.017321
0.224825
0.645238
0.556815
0.346017
0.577126
0.594366
0.165679
0.966359
0.919769
0.300393
0.906277
0.380103
0.820079
0.193008
0.661897
0.536834
0.164554
0.764882
0.558552
0.398944
0.783334
0.539707
0.341457
0.263623
0.440700
0.083653
0.717644
0.141669
0.390160
0.198438
0.158990
0.614986
0.843676
0.715804
0.961003
0.420801
0.310170
0.126682
0.387160
0.229939
0.427075
0.293437
0.610042
0.247155
0.486445
0.271939
0.783988
0.651000
0.036820
0.342540
0.049943
0.820154
0.882247
0.391400
0.083777
0.322948
0.475052
0.801420
0.464616
0.865213
0.999858
0.623606
0.480198
0.843534
0.339410
0.441201
0.264335
0.649580
0.567883
0.651496
0.879519
0.994958
0.944933
0.489560
0.242114
0.431378
0.761499
0.026102
0.082377
0.798319
0.368642
0.132321
0.618473
0.250889
0.523720
0.702249
0.573836
0.998773
0.503669
0.038452
0.863986
0.503528
0.662058
0.344184
0.347062
0.001469
0.785385
0.611397
0.651049
0.353268
0.262893
0.530568
0.348226
0.207825
0.020128
0.590340
0.639203
0.781627
0.616441
0.721581
0.579946
0.985083
0.853901
0.198419
0.235972
0.377622
0.900668
0.809808
0.376395
0.404337
0.848261
0.240380
0.907865
0.510319
0.584564
0.254927
0.511788
0.369949
0.866324
0.162837
0.723217
0.129217
0.693404
0.071443
0.337043
0.713532
0.661783
0.976246
0.495159
0.278224
0.697827
0.075104
0.263308
0.551728
0.273523
0.499279
0.929350
0.174191
0.309087
0.305744
0.578529
0.157348
0.546125
0.486395
0.667667
0.130689
0.741322
0.179455
0.500638
0.607646
0.342291
0.223855
0.736864
0.035694
0.295298
0.073906
0.749226
0.957080
0.050153
0.244385
0.235305
0.747979
0.319489
0.498612
0.299707
0.593012
0.997891
0.229057
0.767204
0.306978
0.534802
0.345733
0.464327
0.080927
0.832128
0.131993
0.211616
0.573450
0.311448
0.712254
0.181096
0.653739
0.936109
0.917959
0.689433
0.231406
0.991866
0.438660
0.188486
0.042018
0.683044
0.423791
0.789997
0.002533
0.922403
0.089704
0.595545
0.920294
0.318762
0.362749
0.227273
0.853564
0.708482
0.691600
0.934491
0.540610
0.823593
0.146107
0.114060
0.135042
0.858361
0.295155
0.788780
0.794469
0.213115
0.478214
0.025875
0.204981
0.916873
0.214362
0.246998
0.599917
0.638153
0.036995
0.602450
0.560556
0.126701
0.197995
0.480850
0.445463
0.560745
0.708123
0.299026
0.269227
0.399723
0.233517
0.809837
0.223316
0.379624
0.923897
0.358358
0.237985
0.219052
0.147138
0.032454
0.432167
0.625352
0.058329
0.637148
0.542226
0.272691
0.884146
0.142143
0.910844
0.921142
0.744594
0.471400
0.047843
0.942589
0.952250
0.493305
0.503334
0.660374
0.792332
0.772561
0.060096
0.025849
0.582398
0.283413
0.405474
0.506294
0.641771
0.643458
0.725347
0.788910
0.675912
0.157514
0.414262
0.734241
0.794662
0.956488
0.006932
0.678808
0.098631
0.917776
0.599951
0.843224
0.389176
0.647793
0.785813
0.341426
0.141098
0.289147
0.001799
0.933430
0.061708
0.061897
0.959279
0.644106
0.345310
0.364753
0.150400
0.987081
0.008211
0.875747
0.775991
0.684124
0.033261
0.190253
0.418365
0.827924
0.146741
0.425297
0.506732
0.245372
0.343073
0.106682
0.088596
0.732249
0.754476
0.874410
0.073675
0.895574
0.163557
0.075474
0.829004
0.225265
0.137371
0.788284
0.869371
0.482680
0.153037
0.019772
0.469761
0.161249
0.895519
0.245752
0.845372
0.928781
0.436005
0.263737
0.756704
0.582746
0.689034
0.263437
0.828118
0.032107
0.370119
0.916714
0.764356
0.124594
0.791123
0.838031
0.020169
0.954680
0.913506
0.849173
0.179945
0.050876
0.637457
0.049316
0.533557
0.790494
0.069088
0.003318
0.951742
0.964606
0.249070
0.797114
0.893387
0.685075
0.060852
0.650091
0.267822
0.749886
0.913527
0.095939
0.781994
0.283646
0.012652
0.546350
0.408241
0.803776
0.384382
0.428410
0.758456
0.297887
0.277583
0.938401
0.348763
0.915040
0.987717
0.882320
0.705534
0.056805
0.885638
0.657276
0.021411
0.134709
0.454391
0.914798
0.819784
0.515242
0.564889
0.087606
0.265129
0.478417
0.183545
0.047123
0.762063
0.196197
0.593473
0.170304
0.999973
0.977855
0.598714
0.758429
0.275742
0.876297
0.696830
0.624505
0.791337
0.684548
0.506825
0.496871
0.741353
0.392463
0.154147
0.762764
0.527172
0.608538
0.677562
0.346956
0.123781
0.242451
0.434561
0.388909
0.720868
0.618106
0.436032
0.482931
0.814303
0.029505
0.653234
0.814276
0.007360
0.251948
0.572705
0.283101
0.128245
0.269536
0.907607
0.919582
0.954083
0.414433
0.416453
0.695436
0.806896
0.570601
0.458200
0.334068
0.179139
0.135761
0.681024
0.302921
0.378213
0.115585
0.691830
0.099080
0.733690
0.127862
0.582011
0.547993
0.157367
0.235244
0.362269
0.164727
0.487193
0.934974
0.447829
0.615438
0.204510
0.355436
0.535021
0.158593
0.769868
0.951474
0.854029
0.576764
0.522075
0.312229
0.910832
0.701215
0.447990
0.591855
0.004135
0.826203
0.707440
0.695965
0.925283
0.441130
0.823827
0.507293
0.989124
0.981195
0.742538
0.351393
0.145922
0.229731
0.286367
0.593751
0.845169
0.490876
0.949187
0.380189
0.649469
0.719055
0.331664
0.503498
0.295820
0.853739
0.815727
0.206651
0.554953
0.263717
0.798506
0.559088
0.089920
0.505946
0.255054
0.015203
0.947077
0.078881
0.522496
0.936200
0.060076
0.265034
0.287593
0.205997
0.494764
0.573960
0.799748
0.339933
0.064836
0.748935
0.720123
0.714305
0.467991
0.051786
0.217803
0.763810
0.905525
0.033530
0.970461
0.460478
0.297248
0.768968
0.019567
0.387168
0.274914
0.274620
0.402371
0.221991
0.353501
0.924867
0.158191
0.413576
0.189900
0.445784
0.619573
0.684665
0.019743
0.419321
0.024598
0.084579
0.168256
0.744721
0.798884
0.636247
0.796507
0.016686
0.400057
0.702033
0.050217
0.370518
0.162511
0.347465
0.139486
0.182078
0.734633
0.414400
0.456698
0.137004
0.636391
0.810199
0.061871
0.794582
0.223776
0.251772
0.240366
0.843349
0.936437
0.260109
0.262671
0.961035
0.344688
0.430927
0.705756
0.143572
0.067174
0.502263
0.160258
0.467231
0.204296
0.210476
0.837750
0.366807
0.557941
0.977236
0.548885
0.292573
0.391636
0.005582
0.429578
0.028027
0.815782
0.491449
0.822609
0.039557
0.743220
0.062976
0.882907
0.679657
0.323085
0.145578
0.640692
0.667773
0.576505
0.346447
0.811345
0.643680
0.848711
0.971604
0.110911
0.053007
0.182079
0.948661
0.419814
0.740020
0.925897
0.968698
0.032593
0.317532
0.974281
0.462171
0.345560
0.790063
0.953619
0.168169
0.829621
0.696839
0.231144
0.712527
0.376496
0.554229
0.858106
0.017188
0.222002
0.434611
0.363635
0.033347
0.078290
0.212346
0.004951
0.189202
0.265353
0.187030
0.137863
0.685167
0.927050
0.063760
0.653865
0.959643
0.381292
0.628146
0.421814
0.726852
0.418209
0.375433
0.895020
0.247829
0.072272
0.126164
0.960357
0.448768
0.680393
0.818462
0.465955
0.902395
0.253073
0.829590
0.935741
0.331364
0.041936
0.940692
0.520566
0.307289
0.127722
0.658429
0.992455
0.054772
0.722189
0.646320
0.014415
0.103480
0.274466
0.436229
0.830332
0.692675
0.811662
0.725352
0.940504
0.883935
0.851516
0.900861
0.332703
0.531909
0.719324
0.798658
0.434304
0.972398
0.628248
0.370045
0.303761
0.670184
0.310737
0.824328
0.977472
0.438459
0.482757
0.969928
0.493232
0.204946
0.616248
0.507646
0.308427
0.890714
0.943876
0.138758
0.583389
0.755538
0.864111
0.523894
0.639472
0.715627
0.424755
0.972175
0.247536
0.144080
0.770833
0.681840
0.116477
0.399081
0.051885
0.420239
0.069264
0.362622
0.244567
0.046738
0.801081
0.727324
0.016666
0.294313
0.932270
0.632913
0.801959
0.240696
0.523627
0.745835
0.379454
0.107017
0.501373
0.243565
0.630911
0.140845
0.959192
0.055667
0.113020
0.206729
0.199745
0.883854
0.888568
0.316223
0.282934
0.940453
0.736461
0.352199
0.303075
0.981028
0.398937
0.104156
0.708352
0.415602
0.398469
0.640621
0.048515
0.200427
0.881317
0.572142
0.946263
0.260771
0.679159
0.447635
0.504337
0.310071
0.588481
0.463529
0.365737
0.701501
0.670257
0.565482
0.585355
0.558826
0.881704
0.868289
0.499278
0.618165
0.220489
0.802353
0.599193
0.619425
0.906509
0.307545
0.035028
0.304978
0.948166
0.083542
0.505406
0.829483
0.655685
0.451668
0.090255
0.334844
0.899304
0.594591
0.644915
0.487784
0.058121
0.010651
0.189285
0.728378
0.576133
0.774640
0.287204
0.457838
0.642929
0.786482
0.076003
0.863418
0.588836
0.675196
0.482844
0.495345
0.982741
0.517871
0.800323
0.930907
0.601413
0.305728
0.760390
0.257098
0.757397
0.850645
0.591942
0.656700
0.445236
0.236857
0.144484
0.503357
0.247508
0.333770
0.231735
0.823642
0.108410
0.518939
0.281479
0.751339
0.305421
0.357482
0.614757
0.894257
0.032678
0.097601
0.389602
0.015420
0.615471
0.189925
0.946327
0.216884
0.495654
0.706717
0.473982
0.253051
0.557362
0.065924
0.909751
0.002598
0.302782
0.054236
0.505955
0.550290
0.388006
0.737690
0.373932
0.496416
0.256629
0.655411
0.247755
0.562050
0.012893
0.862512
0.456307
0.045572
0.960112
0.845909
0.060991
0.575583
0.035834
0.007318
0.792467
0.531488
0.714034
0.266449
0.784538
0.271396
0.332373
0.694290
0.273994
0.635155
0.748526
0.779949
0.185446
0.136532
0.517639
0.559377
0.632947
0.774268
0.214788
0.880702
0.336318
0.227681
0.743213
0.792626
0.273252
0.703325
0.638535
0.334243
0.278908
0.674370
0.341561
0.071375
0.205857
0.055596
0.337824
0.990396
0.326992
0.670197
0.684686
0.600986
0.305352
0.433211
0.380934
0.490797
0.569743
0.898573
0.050175
0.202690
0.672841
0.264962
0.083392
0.009159
0.492643
0.826605
0.801784
0.765895
0.529931
0.440319
0.100138
0.808839
0.114689
0.441699
0.880214
0.320546
0.497295
0.218037
0.310942
0.824287
0.888234
0.995628
0.425272
0.193587
0.428839
0.806207
0.684384
0.998582
0.704780
0.734558
0.201272
0.377620
0.999520
0.284663
0.386779
0.492163
0.111269
0.188563
0.258058
0.641200
0.628882
0.358196
0.450038
0.743571
0.799895
0.330252
0.064116
0.297190
0.548289
0.375058
0.121477
0.436524
0.370686
0.546749
0.630111
0.799525
0.352956
0.314495
0.798107
0.057736
0.049053
0.999379
0.435357
0.048573
0.284043
0.822136
0.540736
0.395312
0.010699
0.798794
0.036511
0.639581
0.156990
0.486550
0.383152
0.956885
0.816801
0.447269
0.254074
0.365091
0.822327
0.375551
0.801614
0.193013
0.922300
0.431725
0.992539
0.275256
0.746219
0.790646
0.332992
0.795272
0.790025
0.768349
0.843845
0.074068
0.590485
0.384581
0.469379
0.601184
0.183375
0.505890
0.240765
0.340365
0.992440
0.623917
0.297249
0.809241
0.071185
0.551323
0.174332
0.893512
0.926874
0.975946
0.086526
0.849175
0.407670
0.079064
0.124431
0.153890
0.869710
0.457423
0.949162
0.659735
0.225771
0.793007
0.733802
0.816256
0.177589
0.203181
0.417440
0.360964
0.709071
0.658205
0.701328
0.701511
0.282122
0.998577
0.510752
0.353307
0.549901
0.685083
0.246819
0.476775
0.661029
0.333345
0.325950
0.068699
0.412409
0.450380
0.222589
0.282119
0.907803
0.171751
0.941854
0.133575
0.964759
0.675656
0.949831
0.142347
0.878837
0.367272
0.503311
0.587908
0.025476
0.204639
0.289419
0.307598
0.203216
0.800171
0.660904
0.753117
0.485254
0.907724
0.229892
0.146283
0.241069
0.555842
0.214982
0.653478
0.006223
0.437571
0.935597
0.914026
0.609323
0.877451
0.047601
0.574081
0.553108
0.997432
0.716429
0.431945
0.364704
0.219739
0.019853
0.390180
0.424379
0.309272
0.697777
0.627595
0.109443
0.358681
0.380712
0.594696
0.266406
0.610604
0.740979
0.507474
0.166446
0.955960
0.160952
0.172669
0.393532
0.096550
0.086695
0.002854
0.974001
0.134295
0.576935
0.527108
0.131728
0.293364
0.959053
0.496431
0.513103
0.978907
0.886611
0.937482
0.288178
0.584388
0.565076
0.397621
0.943070
0.945789
0.992318
0.209475
0.556392
0.733296
0.716949
0.722839
0.689257
0.877901
0.895507
0.082788
0.974450
0.982202
0.085643
0.948451
0.116496
0.662578
0.475559
0.248224
0.955941
0.434613
0.744655
0.469044
0.413520
0.631266
0.406526
0.701698
0.215654
0.971603
0.099320
0.158724
0.917391
0.091637
0.368198
0.473784
0.824933
0.085147
0.196623
0.514190
0.963049
0.092130
0.596978
0.937499
0.074331
0.682620
0.885950
0.190828
0.345198
0.361509
0.439052
0.301139
0.796122
0.183707
0.770184
0.209642
0.814973
0.176710
0.911340
0.030627
0.148313
0.010660
0.189351
0.065704
0.102296
0.557549
0.539487
0.927230
0.642697
0.736110
0.441420
0.605745
0.828240
0.038397
0.543244
0.902571
0.721018
0.429193
0.093399
0.066217
0.790703
0.532451
0.367356
0.586825
0.716159
0.137540
0.796466
0.531132
0.314251
0.707806
0.561759
0.462563
0.718465
0.751110
0.528267
0.820762
0.308660
0.067754
0.747991
0.951356
0.803865
0.189411
0.557101
0.632104
0.227809
0.100345
0.534676
0.948827
0.529539
0.628075
0.015044
0.320242
0.160526
0.382400
0.907066
0.876685
0.519940
0.703532
0.407817
0.834191
0.411338
0.969577
0.296754
0.129803
0.720687
0.825021
0.950565
0.029346
0.892776
0.698556
0.980702
0.696641
0.887967
0.537803
0.328745
0.115775
0.638149
0.863421
0.064603
0.167688
0.491495
0.079646
0.487930
0.652022
0.462046
0.394996
0.528707
0.981987
0.098528
0.936524
0.816178
0.509866
0.906101
0.112932
0.639669
0.626787
0.937954
0.590234
0.656134
0.830729
0.288790
0.636836
0.527370
0.176756
0.174639
0.856115
0.292532
0.812788
0.719536
0.357135
0.980476
0.211032
0.436781
0.468405
0.863053
0.898827
0.863401
0.391760
0.880814
0.961929
0.328284
0.696992
0.471795
0.234384
0.809924
0.111464
0.861172
0.747878
0.701698
0.517305
0.578607
0.990488
0.154141
0.105977
0.167244
0.328780
0.962092
0.459776
0.141569
0.681628
0.816911
0.122045
0.892660
0.253691
0.590450
0.755713
0.152519
0.453851
0.147473
0.033333
0.415781
0.475756
0.730325
0.887576
0.710140
0.540249
0.999040
0.571312
0.288126
0.700738
0.088617
0.866734
0.691226
0.242758
0.972711
0.858470
0.571538
0.934803
0.318246
0.713107
0.616432
0.135158
0.835152
0.509092
0.388849
0.425602
0.264804
0.541367
0.879454
0.412277
0.574701
0.295234
0.888032
0.305025
0.182810
0.598172
0.845274
0.181850
0.169484
0.133401
0.882588
0.258101
0.000135
0.573814
0.500858
0.972846
0.432285
0.072397
0.907649
0.750531
0.785504
0.524081
0.885688
0.620656
0.033172
0.274537
0.046258
0.297977
0.815905
0.925712
0.710253
0.390605
0.220946
0.598285
0.695631
0.403756
0.196457
0.540904
0.585606
0.365941
0.674306
0.468195
0.624042
0.674440
0.042009
0.124900
0.647286
0.474293
0.197297
0.554935
0.224824
0.982801
0.079016
0.110512
0.603457
0.112189
0.385049
0.649715
0.410166
0.200953
0.575426
0.120418
0.591559
0.796372
0.718704
0.287189
0.200128
0.915162
0.828094
0.785734
0.281104
0.502399
0.253929
0.905145
0.176839
0.295937
0.030045
0.824126
0.770231
0.227342
0.379061
0.995055
0.210144
0.458077
0.105567
0.813600
0.570266
0.490615
0.463314
0.980432
0.691569
0.038741
0.100851
0.283127
0.835113
0.819555
0.570316
0.035241
0.734717
0.398410
0.820975
0.015821
0.900809
0.074904
0.920966
0.077649
0.370841
0.951011
0.901774
0.141072
0.178353
0.280835
0.136127
0.388497
0.738912
0.241693
0.202097
0.309179
0.732309
0.665412
0.289610
0.423878
0.704152
0.390461
0.707005
0.539265
0.210016
0.277321
0.574505
0.944733
0.675731
0.395480
0.960553
0.576540
0.470384
0.881519
0.654188
0.841226
0.832530
0.555962
0.982298
0.010883
0.836797
0.118425
0.399381
0.575710
0.360118
0.601478
0.884888
0.092427
0.266890
0.174498
0.516304
0.971041
0.564959
0.223308
0.510306
0.774975
0.500630
0.084811
0.719708
0.176360
0.480292
0.680261
0.752900
0.950676
0.561780
0.407089
0.791902
0.394310
0.963051
0.774200
0.405193
0.799849
0.892624
0.804574
0.375558
0.252742
0.406052
0.260446
0.345168
0.672942
0.434944
0.861472
0.643983
0.999903
0.084781
0.154289
0.774878
0.585411
0.239101
0.494586
0.761771
0.719393
0.174847
0.514672
0.670069
0.736627
0.921761
0.461972
0.130936
0.884812
0.236172
0.536130
0.684661
0.128796
0.340705
0.060220
0.381538
0.746757
0.320666
0.726707
0.419699
0.755610
0.588179
0.063682
0.755513
0.672960
0.217971
0.530391
0.258371
0.457072
0.024977
0.020142
0.176465
0.199824
0.534814
0.846534
0.936451
0.456574
0.308506
0.067387
0.341386
0.544677
0.603518
0.026048
0.673473
0.944222
0.086267
0.055011
0.690979
0.406932
0.781718
0.110677
0.162543
0.369897
0.174360
0.918055
0.042857
0.392330
0.448447
0.301227
0.849402
0.473424
0.321369
0.025867
0.673248
0.856183
0.872401
0.609699
0.312757
0.180907
0.677086
0.654144
0.725584
0.280604
0.680191
0.399057
0.224825
0.766458
0.454069
0.915805
0.173391
0.235787
0.026482
0.335933
0.605684
0.200842
0.253988
0.648541
0.593172
0.702435
0.949768
0.442574
0.175859
0.271137
0.468440
0.849107
0.127321
0.340841
0.458805
0.440078
0.521749
0.135892
0.094221
0.247333
0.416495
0.774413
0.646390
0.641321
0.540871
0.100459
0.557126
0.714261
0.336246
0.583608
0.050194
0.941930
0.784449
0.304182
0.590470
0.377622
0.006617
0.540238
0.820195
0.182476
0.811375
0.288636
0.031583
0.938696
0.629477
0.490388
0.378773
0.151226
0.626279
0.472995
0.398558
0.042774
0.247407
0.044949
0.684095
0.788278
0.145409
0.241220
0.502539
0.481654
0.824828
0.552733
0.423584
0.609278
0.856915
0.014054
0.986899
0.863532
0.554293
0.807094
0.046008
0.365668
0.095730
0.077590
0.304364
0.725207
0.567979
0.683137
0.876433
0.194259
0.156132
0.274992
0.237033
0.403539
0.319941
0.921128
0.191817
0.465349
0.162349
0.694356
0.947004
0.987178
0.247089
0.370588
0.596455
0.104004
0.384643
0.583355
0.967536
0.938936
0.390449
0.013544
0.304604
0.486179
0.091135
0.608968
0.211387
0.659114
0.292105
0.087819
0.853373
0.448237
0.362811
0.090406
0.851776
0.682752
0.011535
0.043593
0.148101
0.173884
0.737950
0.095105
0.161062
0.985039
0.465693
0.757517
0.089042
0.850335
0.340871
0.056578
0.789271
0.731320
0.070123
0.093875
0.217499
0.161258
0.702843
0.428886
0.820372
0.994947
0.516705
0.673745
0.443184
0.879516
0.764151
0.294960
0.562267
0.775686
0.338554
0.710368
0.949570
0.076503
0.805473
0.110631
0.061543
0.271165
0.868147
0.150586
0.121501
0.209019
0.207164
0.910772
0.940339
0.277287
0.004646
0.157838
0.438545
0.707489
0.586724
0.258917
0.702437
0.103428
0.932663
0.145621
0.982945
0.696814
0.440581
0.545212
0.472500
0.779135
0.255580
0.422070
0.855638
0.061053
0.532701
0.917181
0.332218
0.400848
0.067766
0.453719
0.609867
0.274930
0.364491
0.550206
0.552217
0.369137
0.708044
0.990762
0.076627
0.294768
0.249680
0.779063
0.398197
0.182343
0.924684
0.381141
0.879157
0.365265
0.926354
0.351657
0.144400
0.181934
0.773726
0.000038
0.242987
0.306426
0.917219
0.575206
0.707275
0.984985
0.028924
0.317142
0.259915
0.393415
0.867348
0.812132
0.762553
0.575392
0.802894
0.839180
0.870160
0.052574
0.618243
0.268357
0.234916
0.542927
0.649498
0.114072
0.908192
0.575852
0.465729
0.052592
0.757785
0.239456
0.052629
0.000773
0.545882
0.969849
0.575978
0.253157
0.954833
0.604903
0.570299
0.214748
0.998318
0.437646
0.026880
0.760871
0.013038
0.829774
0.600051
0.883198
0.882348
0.218294
0.151555
0.117264
0.761221
0.801053
0.231337
0.669413
0.376904
0.697066
0.722005
0.134690
0.936521
0.774635
0.135462
0.482403
0.744483
0.711440
0.735560
0.699317
0.316342
0.305859
0.914065
0.314661
0.743505
0.940945
0.075532
0.756544
0.770719
0.675583
0.639742
0.653066
0.893877
0.791296
0.770330
0.655098
0.592349
0.001667
0.324511
0.969253
0.698732
0.046516
0.103943
0.635253
0.821151
0.239405
0.117657
0.565634
0.950845
0.853217
0.264951
0.267187
0.159076
0.179015
0.581848
0.902582
0.119960
0.657380
0.659125
0.890679
0.332963
0.298867
0.543745
0.226841
0.090163
0.314075
0.881938
0.682512
0.315741
0.206449
0.651765
0.014473
0.252966
0.755707
0.649727
0.074117
0.995112
0.767384
0.639751
0.945956
0.620601
0.904701
0.213144
0.779677
0.083717
0.794992
0.682258
0.203677
0.452372
0.341384
0.094356
0.785335
0.640250
0.638101
0.012175
0.730413
0.952175
0.894114
0.412925
0.267917
0.100564
0.064690
0.282391
0.353529
0.820397
0.932117
0.427646
0.815509
0.699501
0.067396
0.761465
0.320102
0.972098
0.974609
0.099779
0.055815
0.769601
0.782038
0.259492
0.221972
0.123421
0.353848
0.007307
0.763672
0.991948
0.019483
0.494085
0.944124
0.913597
0.907010
0.212040
0.014160
0.971700
0.494431
0.367689
0.792097
0.426548
0.795335
0.607606
0.126049
0.862732
0.369071
0.446151
0.834830
0.343680
0.545931
0.890645
0.113281
0.327969
0.150137
0.335253
0.451390
0.503984
0.342561
0.215062
0.495932
0.362043
0.709148
0.440056
0.275640
0.616158
0.652096
0.289800
0.587859
0.146527
0.657489
0.379955
0.573075
0.452825
0.987562
0.699125
0.315556
0.356633
0.145276
0.150386
0.700313
0.691207
0.041030
0.813593
0.019176
0.191167
0.148847
0.470567
0.695151
0.491407
0.685629
0.191084
0.853451
0.394777
0.631140
0.129091
0.010936
0.283236
0.418891
0.598794
0.429763
0.076380
0.978750
0.002838
0.529205
0.966312
0.701963
0.844761
0.322944
0.847239
0.995147
0.023257
0.538446
0.036177
0.836851
0.557622
0.227344
0.985697
0.028189
0.922495
0.477105
0.713818
0.113579
0.330555
0.108596
0.744719
0.459646
0.119531
0.027955
0.878537
0.718325
0.457718
0.954918
0.697075
0.460556
0.484123
0.663387
0.162518
0.328883
0.986331
0.009757
0.324030
0.009589
0.548203
0.360207
0.846439
0.105825
0.587551
0.832137
0.134014
0.510046
0.309241
0.847832
0.623625
0.639797
0.956428
0.368343
0.099443
0.075959
0.396298
0.977980
0.794284
0.854016
0.932898
0.491359
0.314571
0.417020
0.154746
0.477090
0.745904
0.141077
0.486847
0.069933
0.150665
0.035051
0.430140
0.997105
0.140876
0.017691
0.829241
0.274890
0.527736
0.138483
0.122723
0.151361
0.778279
0.079151
0.519704
0.877722
0.155109
0.916002
0.855703
0.949393
0.770018
0.788601
0.440752
0.084590
0.205621
0.595498
0.561680
0.951525
0.736575
0.048528
0.021458
0.887240
0.083579
0.451598
0.884345
0.224454
0.469289
0.713586
0.499344
0.997025
0.852069
0.622068
0.148386
0.630348
0.701218
0.668091
0.508071
0.856328
0.584093
0.363774
0.805721
0.354111
0.152374
0.246473
0.438702
0.357996
0.841971
0.000382
0.309521
0.578546
0.048909
0.330978
0.465787
0.132488
0.782577
0.350131
0.356942
0.251866
0.063717
0.856287
0.248891
0.915787
0.478354
0.397277
0.546135
0.179573
0.065369
0.054206
0.035900
0.649461
0.417979
0.841621
0.003573
0.570354
0.088095
0.442274
0.928349
0.930065
0.442656
0.237869
0.508612
0.491566
0.568848
0.974398
0.624054
0.351425
0.324530
0.980996
0.603291
0.388248
0.837283
0.852182
0.304035
0.315637
0.249460
0.850170
0.495210
0.314828
0.904376
0.531110
0.964289
0.322355
0.372731
0.967862
0.892708
0.460825
0.410136
0.821058
0.390891
0.852793
0.058927
0.899503
0.344358
0.627775
0.873901
0.968412
0.979200
0.198431
0.949408
0.582491
0.586679
0.786691
0.434674
0.890713
0.102328
0.684133
0.740883
0.597539
0.998961
0.645259
0.128649
0.963250
0.967614
0.501380
0.931112
0.860322
0.962205
0.341249
0.681380
0.353096
0.194041
0.740307
0.252599
0.538401
0.368082
0.126499
0.506813
0.347282
0.324930
0.456221
0.929773
0.911609
0.242913
0.364447
0.802322
0.345242
0.048580
0.543205
0.942780
0.047542
0.188464
0.071429
0.010791
0.156078
0.572809
0.941904
0.016400
0.535014
0.283153
0.697780
0.888110
0.477195
0.438087
0.140708
0.015595
0.806168
0.267208
0.522409
0.153451
0.592138
0.978630
0.083224
0.503747
0.221543
0.447671
0.306069
0.566784
0.496251
0.849275
0.509564
0.543793
0.037738
0.580994
0.554584
0.193817
0.153802
0.496489
0.210217
0.688817
0.779642
0.907997
0.576927
0.256836
0.346084
0.717635
0.272432
0.152252
0.984843
0.794841
0.305703
0.576982
0.773471
0.388927
0.080729
0.995013
0.836598
0.386798
0.561798
0.332850
0.236072
0.071362
0.876642
0.273811
0.652356
0.431227
0.467628
0.806158
0.927715
0.677845
0.494975
0.707357
0.585842
0.071901
0.964193
0.931926
0.789537
0.236626
0.084178
0.774380
0.031466
0.389881
0.351362
0.804937
0.778808
0.432090
0.799951
0.615406
0.818888
0.361749
0.948255
0.054961
0.433111
0.824897
0.328772
0.085466
0.256124
0.796400
0.891624
0.183838
0.474245
0.386599
0.891196
0.060087
0.458500
0.855389
0.992013
0.248037
0.092015
0.076191
0.022417
0.123481
0.466071
0.373778
0.928418
0.244879
0.805869
0.728369
0.860284
0.624757
0.090118
0.808540
0.679718
0.523228
0.633437
0.008490
0.608694
0.889561
0.804890
0.500318
0.073400
0.279135
0.886917
0.964595
0.339222
0.345417
0.819985
0.331235
0.593454
0.911999
0.407426
0.615871
0.035480
0.873497
0.989650
0.963899
0.118375
0.795519
0.692268
0.978660
0.420275
0.782385
0.787200
0.099993
0.305613
0.420637
0.108483
0.914307
0.310198
0.913373
0.414625
0.383598
0.192509
0.301542
0.348193
0.531731
0.646959
0.168178
0.862966
0.240413
0.080177
0.270392
0.856284
0.115658
0.143890
0.845934
0.079557
0.262265
0.641452
0.771825
0.240925
0.061728
0.554210
0.028126
0.161722
0.859823
0.448763
0.270205
0.774130
0.758961
0.183578
0.188755
0.142558
0.376086
0.490297
0.490752
0.907817
0.137256
0.658930
0.770783
0.377670
0.739107
0.041175
0.233954
0.854765
0.185064
0.079887
0.934322
0.447329
0.721340
0.706147
0.688255
0.783067
0.260357
0.716381
0.944789
0.120180
0.165143
0.214993
0.894310
0.924104
0.398571
0.083064
0.066663
0.774658
0.573361
0.557415
0.682474
0.710618
0.216345
0.453258
0.088287
0.955452
0.494433
0.322241
0.810217
0.679497
0.402128
0.744539
0.126827
0.123467
0.450686
0.815082
0.906535
0.711043
0.531462
0.851324
0.831223
0.696606
0.066318
0.725533
0.620710
0.464889
0.808598
0.687373
0.239546
0.381959
0.244787
0.922021
0.092576
0.461132
0.375278
0.180863
0.416584
0.869711
0.503104
0.226800
0.549209
0.905231
0.971340
0.676036
0.028699
0.422025
0.491118
0.935234
0.133068
0.022580
0.786558
0.964291
0.719187
0.852875
0.689824
0.339897
0.317764
0.498422
0.027269
0.557310
0.880381
0.272057
0.479331
0.972958
0.733189
0.854609
0.153821
0.149773
0.724321
0.656924
0.376574
0.273529
0.562156
0.347913
0.949565
0.590854
0.769939
0.440683
0.526088
0.903007
0.463264
0.312645
0.867299
0.182451
0.165520
0.557123
0.522347
0.483284
0.055545
0.549617
0.040593
0.935926
0.821674
0.519924
0.908884
0.554863
0.374533
0.062705
0.704636
0.098854
0.719629
0.081210
0.372384
0.281784
0.429123
0.321949
0.872638
0.199062
0.762632
0.398726
0.102069
0.225896
0.711372
0.969368
0.408346
0.876892
0.526491
0.930694
0.360176
0.582036
0.480310
0.400769
0.517962
0.301984
0.920693
0.426846
0.856847
0.295227
0.489550
0.561483
0.394081
0.209178
0.642693
0.766464
0.490963
0.071816
0.088414
0.363601
0.270878
0.851046
0.762328
0.372947
0.076942
0.473699
0.342315
0.485289
0.350591
0.868805
0.415982
0.710767
0.450841
0.896293
0.111536
0.968803
0.198276
0.032229
0.395648
0.055123
0.327456
0.885199
0.616606
0.721537
0.094377
0.259299
0.488001
0.585340
0.331115
0.576414
0.948941
0.601993
0.427460
0.711269
0.974940
0.504402
0.184968
0.317255
0.989690
0.535559
0.186060
0.405673
0.246326
0.636902
0.301965
0.357861
0.605705
0.500241
0.390091
0.001353
0.555365
0.717546
0.886552
0.171971
0.439083
0.980929
0.431270
0.927084
0.566269
0.762386
0.503498
0.515210
0.364379
0.930958
0.226479
0.339319
0.435360
0.411446
0.656574
0.425050
0.947005
0.842635
0.830723
0.193331
0.479536
0.132688
0.551192
0.085241
0.632930
0.941283
0.086594
0.188295
0.658829
0.973146
0.360266
0.097912
0.954075
0.791536
0.024996
0.520343
0.553922
0.528494
0.035554
0.918301
0.459453
0.262032
0.257620
0.894813
0.673479
0.914194
0.319863
0.620484
0.756829
0.150586
0.813815
0.236365
0.283274
0.365007
0.321607
0.916204
0.306289
0.408201
0.104499
0.965118
0.381347
0.464765
0.063030
0.335422
0.256301
0.088026
0.855765
0.810223
0.616520
0.891319
0.728524
0.075973
0.153351
0.986144
0.970786
0.826830
0.900338
0.290649
0.447314
0.657167
0.441235
0.261128
0.893533
0.724510
0.626135
0.215139
0.640714
0.932425
0.623340
0.745213
0.897543
0.004687
0.209978
0.960573
0.340109
0.466279
0.048599
0.195874
0.276502
0.665119
0.087193
0.005026
0.741092
0.240544
0.991170
0.711878
0.067374
0.891509
0.002527
0.514688
0.548676
0.443761
0.775816
0.442208
0.168271
0.401952
0.657348
0.808985
0.334376
0.280687
0.554198
0.231919
0.285374
0.764176
0.192493
0.625483
0.230454
0.241091
0.821357
0.506957
0.906211
0.908550
0.511982
0.647303
0.149093
0.503153
0.359180
0.216468
0.394661
0.361706
0.731156
0.943337
0.805468
0.506972
0.385546
0.973740
0.908924
0.042894
0.782725
0.243300
0.323581
0.336923
0.475219
0.608955
0.101098
0.667712
0.234438
0.331553
0.908803
0.055794
0.838509
0.815014
0.964344
0.350492
0.462316
0.113438
0.853645
0.821496
0.329906
0.248306
0.183203
0.061062
0.191643
0.988672
0.568034
0.577189
0.962411
0.476958
0.620083
0.745136
0.720258
0.943664
0.082058
0.195477
0.552619
0.183157
0.863189
0.787057
0.514709
0.771993
0.842851
0.353219
0.587006
0.807195
0.703710
0.049322
0.920633
0.557355
0.870819
0.250539
0.805661
0.054022
0.311601
0.997305
0.042694
0.879635
0.574494
0.005105
0.356592
0.194577
0.750241
0.076850
0.138240
0.832299
0.272328
0.690860
0.015455
0.135518
0.477917
0.530165
0.907510
0.320768
0.883383
0.494516
0.127964
0.587093
0.543839
0.048596
0.144449
0.414657
0.299136
0.950110
0.468680
0.610737
0.947415
0.511373
0.490372
0.521909
0.516478
0.846965
0.716486
0.266719
0.923815
0.854727
0.099018
0.196144
0.545587
0.114473
0.331662
0.023503
0.644638
0.239172
0.344271
0.528021
0.733688
0.472234
0.115114
0.277527
0.520831
0.259562
0.692184
0.819967
0.209673
0.160864
0.430704
0.157087
0.672237
0.921075
0.678996
0.188715
0.768040
0.395483
0.455434
0.691855
0.250209
0.554451
0.887999
0.795796
0.668925
0.219660
0.819299
0.313562
0.458832
0.163570
0.841583
0.192520
0.635805
0.956697
0.470047
0.156635
0.216259
0.162231
0.976602
0.425932
0.323095
0.407305
0.583019
0.995332
0.328381
0.262015
0.184047
0.096420
0.657498
0.639481
0.788276
0.907707
0.193933
0.676274
0.703503
0.862858
0.895935
0.522803
0.176420
0.354767
0.686373
0.018003
0.547287
0.322178
0.974700
0.017335
0.478814
0.190959
0.179566
0.455415
0.616891
0.502661
0.862721
0.199910
0.497993
0.191102
0.461925
0.682041
0.287523
0.119423
0.321523
0.075797
0.027130
0.515455
0.752072
0.730633
0.378313
0.648007
0.253436
0.554733
0.002774
0.939809
0.572736
0.550062
0.261988
0.547436
0.567396
0.740801
0.738396
0.746962
0.196217
0.355287
0.249623
0.058938
0.555197
0.747617
0.250040
0.017122
0.429658
0.537562
0.136545
0.751180
0.613360
0.163674
0.266636
0.365432
0.894307
0.644949
0.013439
0.147744
0.199682
0.016213
0.087553
0.772418
0.566275
0.349540
0.319854
0.133671
0.090341
0.058250
0.880633
0.286559
0.413537
0.130257
0.345496
0.968733
0.877874
0.595536
0.985855
0.307532
0.133099
0.122400
0.058712
0.746458
0.286074
0.325347
0.111890
0.180381
0.970296
0.125329
0.328125
0.169978
0.141542
0.415678
0.942396
0.707817
0.765219
0.262250
0.841488
0.855560
0.320500
0.722122
0.142119
0.734036
0.852378
0.487616
0.702770
0.730252
0.083152
0.688625
0.037784
0.216251
0.811025
0.096495
0.962709
0.097099
0.421843
0.074599
0.277481
0.392139
0.199928
0.605606
0.562117
0.341471
0.021283
0.504512
0.049288
0.786502
0.766762
0.890776
0.642063
0.087263
0.612898
0.784181
0.821299
0.465276
0.271797
0.524069
0.195528
0.354949
0.212694
0.233312
0.571199
0.023719
0.329807
0.533908
0.120818
0.751650
0.608507
0.398298
0.143789
0.808435
0.003903
0.705905
0.149906
0.025187
0.210418
0.199193
0.811689
0.977180
0.089968
0.453752
0.064443
0.702866
0.237933
0.885742
0.168142
0.509730
0.409811
0.363671
0.864679
0.622505
0.596982
0.435879
0.646224
0.926790
0.969787
0.767041
0.678440
0.578294
0.165339
0.822228
0.386728
0.169243
0.528134
0.536634
0.194431
0.738552
0.735827
0.006120
0.715732
0.825796
0.459871
0.780175
0.528662
0.697804
0.665917
0.696804
0.207535
0.075727
0.060474
0.072214
0.698232
0.657457
0.508092
0.344456
0.584247
0.477879
0.111498
0.262686
0.056173
0.276837
0.084915
0.442901
0.446080
0.613048
0.979535
0.640510
0.351600
0.715361
0.646630
0.067331
0.541157
0.106502
0.847506
0.069819
0.804306
0.513423
0.766623
0.011841
0.589150
0.827098
0.084055
0.287382
0.484555
0.592147
0.631838
0.068802
0.070026
0.743335
0.331487
0.126198
0.020173
0.416402
0.569099
0.466252
0.029450
0.548634
0.106763
0.381050
0.263995
0.753393
0.448381
0.805152
0.859895
0.295887
0.874971
0.664201
0.809310
0.641594
0.676042
0.398460
0.468692
0.760097
0.685842
0.953247
0.352244
0.317680
0.022048
0.422270
0.061016
0.353536
0.548468
0.081188
0.769938
0.117568
0.547441
0.799388
0.666202
0.654204
0.180438
0.930197
0.407597
0.628818
0.735350
0.267491
0.924706
0.610321
0.931693
0.734016
0.251915
0.607734
0.132476
0.720608
0.367831
0.818318
0.673855
0.720075
0.135999
0.695904
0.142345
0.197015
0.049440
0.690813
0.278203
0.819377
0.808381
0.825644
0.618765
0.474583
0.479847
0.799203
0.404780
0.887444
0.428021
0.140130
0.154936
0.352727
0.750451
0.086628
0.086742
0.002366
0.694363
0.219218
0.722974
0.062194
0.037536
0.396829
0.782268
0.173534
0.092733
0.924613
0.370549
0.142172
0.615426
0.648752
0.961550
0.423807
0.474396
0.580315
0.898390
0.954243
0.379518
0.303171
0.841687
0.807539
0.443301
0.996623
0.160266
0.193751
0.083251
0.247008
0.196118
0.777614
0.466226
0.919092
0.839808
0.503762
0.315921
0.622076
0.677297
0.408654
0.546689
0.047846
0.550827
0.162115
0.696598
0.512377
0.585921
0.170994
0.092692
0.484311
0.125238
0.472209
0.787482
0.966925
0.279748
0.230783
0.963548
0.440013
0.424534
0.046799
0.687021
0.620652
0.824413
0.153247
0.539744
0.664221
0.657009
0.855666
0.286297
0.334307
0.264320
0.832985
0.382152
0.815147
0.995100
0.078751
0.327523
0.581021
0.249745
0.420214
0.065333
0.374983
0.892423
0.852815
0.341908
0.172171
0.083597
0.305456
0.612184
0.508132
0.352256
0.299205
0.128784
0.176669
0.452452
0.668528
0.840890
0.109462
0.524193
0.127187
0.443768
0.788513
0.960172
0.825920
0.603660
0.955272
0.904671
0.931183
0.536293
0.154416
0.351398
0.601626
0.529400
0.243822
0.454440
0.871307
0.415992
0.538038
0.176764
0.028176
0.046169
0.529019
0.327382
0.174952
0.705688
0.779834
0.843480
0.546578
0.889296
0.367674
0.673765
0.333064
0.156188
0.633937
0.158984
0.759847
0.589209
0.063656
0.691031
0.125503
0.218072
0.042429
0.727128
0.747472
0.286250
0.181569
0.618779
0.702242
0.719606
0.795542
0.730419
0.765775
0.324561
0.057801
0.940728
0.030249
0.837635
0.784208
0.576827
0.726931
0.151882
0.250591
0.059995
0.308069
0.884528
0.218980
0.067917
0.473737
0.282636
0.758947
0.599240
0.500708
0.801376
0.326368
0.248180
0.087626
0.507937
0.866959
0.789868
0.227544
0.662502
0.520287
0.993319
0.987063
0.578088
0.934047
0.017311
0.415723
0.718255
0.594139
0.142654
0.870137
0.844730
0.202650
0.178206
0.729258
0.421629
0.246123
0.202996
0.704265
0.005070
0.802236
0.204973
0.806446
0.128604
0.453153
0.894071
0.636541
0.320113
0.683940
0.864085
0.982614
0.204227
0.857404
0.969677
0.782314
0.791451
0.986989
0.198037
0.509707
0.581127
0.340691
0.379844
0.425857
0.543340
0.558051
0.155115
0.964969
0.804173
0.358112
0.669234
0.809243
0.160347
0.874207
0.615689
0.288951
0.327361
0.509760
0.925493
0.647473
0.193700
0.789578
0.630087
0.397927
0.646982
0.599764
0.180241
0.438433
0.586752
0.378278
0.948140
0.167879
0.718969
0.327985
0.593737
0.262309
0.886035
0.748853
0.227278
0.690208
0.106964
0.896513
0.499452
0.267311
0.770720
0.115141
0.556262
0.098080
0.624901
0.481755
0.745553
0.818601
0.271333
0.375640
0.216527
0.918315
0.975403
0.396768
0.356749
0.562156
0.775046
0.304890
0.730036
0.494015
0.632874
0.323773
0.756324
0.518909
0.072626
0.983603
0.209118
0.179589
0.880115
0.708569
0.446901
0.650835
0.823710
0.003163
0.748915
0.448611
0.484918
0.494468
0.267212
0.756252
0.870107
0.483740
0.674567
0.845511
0.880508
0.031316
0.407666
0.655554
0.336206
0.137702
0.149570
0.969080
0.461474
0.905894
0.487989
0.534100
0.889496
0.697107
0.713689
0.769611
0.405676
0.160590
0.420446
0.229386
0.163753
0.169361
0.677997
0.648672
0.663829
0.945209
0.404924
0.533936
0.428949
0.079491
0.379447
0.309457
0.110808
0.787113
0.965012
0.447014
0.924815
0.114581
0.416094
0.386290
0.020474
0.904084
0.920389
0.909971
0.601191
0.634079
0.679582
0.006867
0.794668
0.100028
0.236253
0.958421
0.269389
0.914250
0.607093
0.933217
0.859460
0.012017
0.467154
0.288408
0.091508
0.846600
0.597866
0.202315
0.633713
0.562878
0.649330
0.558528
0.677458
0.065425
0.944818
0.697933
0.969508
0.865207
0.607904
0.570699
0.499286
0.287485
0.577567
0.293954
0.387514
0.813820
0.252376
0.656902
0.728071
0.859469
0.590120
0.587530
0.871485
0.057273
0.875939
0.962993
0.903873
0.473805
0.165308
0.537587
0.036682
0.814638
0.096115
0.714141
0.880063
0.040933
0.412073
0.849571
0.906140
0.019978
0.420271
0.405426
0.307463
0.997837
0.699380
0.694977
0.811658
0.951756
0.351879
0.539728
0.811225
0.941999
0.127259
0.682710
0.999272
0.003198
0.645703
0.903145
0.477003
0.811012
0.440732
0.513685
0.625650
0.536847
0.227825
0.505713
0.577780
0.639899
0.355284
0.483920
0.659876
0.775555
0.889346
0.967339
0.773392
0.588726
0.662316
0.585049
0.540482
0.014195
0.124778
0.351706
0.956194
0.252036
0.034416
0.955466
0.255234
0.680119
0.858611
0.732236
0.491131
0.299343
0.245921
0.116782
0.836190
0.473746
0.622495
0.413969
0.113645
0.977779
0.897889
0.773521
0.753333
0.787235
0.740861
0.526725
0.375961
0.403177
0.111775
0.916442
0.417372
0.236553
0.268149
0.373566
0.488589
0.302564
0.329032
0.743823
0.982684
0.187643
0.476060
0.473815
0.486986
0.721981
0.590596
0.323176
0.195727
0.213091
0.737145
0.309373
0.190869
0.635034
0.082895
0.944203
0.422268
0.823755
0.470929
0.798229
0.226932
0.582703
0.714671
0.644304
0.819256
0.982820
0.017869
0.307845
0.285385
0.346901
0.051668
0.268068
0.534545
0.527728
0.741883
0.021531
0.249710
0.332479
0.344706
0.445437
0.545571
0.081851
0.754810
0.736440
0.716885
0.837704
0.680644
0.139153
0.661459
0.151572
0.937383
0.888391
0.734276
0.652054
0.532695
0.553532
0.634874
0.550565
0.861377
0.920258
0.897466
0.913046
0.188326
0.432010
0.440774
0.930210
0.453541
0.690484
0.262689
0.798247
0.135921
0.808260
0.880099
0.890731
0.544701
0.596984
0.728435
0.225344
0.736138
0.389894
0.376916
0.673520
0.278285
0.111192
0.325574
0.810980
0.664724
0.960448
0.361545
0.526100
0.880707
0.259011
0.439146
0.069034
0.691022
0.879920
0.999243
0.144562
0.570404
0.261933
0.942810
0.706325
0.070193
0.822909
0.597055
0.614893
0.419893
0.325489
0.840238
0.156031
0.715384
0.217154
0.829551
0.993669
0.328345
0.155125
0.804649
0.993069
0.115574
0.166194
0.519170
0.996281
0.425205
0.958316
0.065314
0.116226
0.838236
0.064558
0.260789
0.408640
0.326490
0.203599
0.114965
0.396683
0.026507
0.712020
0.011576
0.446401
0.037510
0.851814
0.602431
0.752894
0.068968
0.431981
0.746562
0.397313
0.587107
0.551212
0.390383
0.702681
0.717405
0.909552
0.698961
0.142611
0.867868
0.764275
0.258836
0.706105
0.828833
0.519626
0.114745
0.155323
0.723225
0.229711
0.552006
0.749732
0.941730
0.563583
0.196133
0.979240
0.415397
0.798563
0.732134
0.484365
0.230545
0.478697
0.881679
0.817652
0.029908
0.272061
0.520332
0.747314
0.181614
0.219293
0.889924
0.049482
0.983568
0.148761
0.755587
0.812401
0.668386
0.870332
0.967724
0.391611
0.100043
0.519731
0.141343
0.041772
0.083314
0.337476
0.021013
0.498711
0.136039
0.753147
0.983076
0.366584
0.231844
0.864755
0.184236
0.261752
0.136817
0.704568
0.009065
0.318430
0.923861
0.898989
0.367912
0.907430
0.047749
0.123499
0.719831
0.716136
0.993832
0.687555
0.107747
0.093874
0.207285
0.249090
0.135647
0.290599
0.586566
0.156660
0.789310
0.722606
0.909807
0.772387
0.089190
0.141651
0.637141
0.273426
0.403402
0.773958
0.977994
0.412467
0.092388
0.901855
0.311457
0.460300
0.809285
0.359206
0.583799
0.529115
0.075343
0.577630
0.216671
0.183090
0.671504
0.423956
0.432180
0.807151
0.714555
0.018746
0.963811
0.503865
0.741352
0.873618
0.276252
0.830542
0.015269
0.913394
0.103968
0.418671
0.687351
0.081962
0.831138
0.779739
0.983817
0.142595
0.240038
0.793102
0.501801
0.823837
0.322218
0.577143
0.401467
0.538888
0.760233
0.072972
0.962844
0.192413
0.880123
0.677399
0.211159
0.843934
0.181264
0.952511
0.717552
0.457517
0.783053
0.732821
0.370910
0.887021
0.151492
0.058262
0.968983
0.982631
0.838000
0.952800
0.125225
0.078039
0.745902
0.627027
0.901875
0.068120
0.204169
0.303342
0.607008
0.964402
0.376314
0.569852
0.156814
0.256436
0.247251
0.367973
0.100371
0.428515
0.320484
0.817923
0.886032
0.103537
0.550745
0.256942
0.990557
0.702237
0.315204
0.959540
0.684868
0.153204
0.912340
0.810093
0.231242
0.658242
0.437120
0.133117
0.726362
0.641289
0.436459
0.333369
0.605691
0.812774
0.903221
0.762506
0.069210
0.150472
0.130479
0.169581
0.578987
0.450963
0.987504
0.465018
0.554499
0.538249
0.721961
0.545056
0.240486
0.037165
0.504596
0.925354
0.190368
0.416936
0.735447
0.421610
0.075177
0.172566
0.554727
0.801539
0.813855
0.991187
0.134909
0.419547
0.803960
0.038129
0.182052
0.873171
0.188601
0.312531
0.042752
0.767587
0.763494
0.030256
0.232605
0.317993
0.568505
0.954566
0.863049
0.808991
0.991731
0.367645
0.734345
0.182099
0.784581
0.469792
0.603709
0.859758
0.642358
0.158436
0.661297
0.456214
0.149623
0.796205
0.875760
0.953583
0.834334
0.057813
0.826754
0.022935
0.370344
0.869506
0.790522
0.133839
0.899762
0.023127
0.451831
0.468267
0.977694
0.314880
0.277259
0.969424
0.682526
0.011603
0.151524
0.467106
0.481395
0.755232
0.326864
0.123753
0.913668
0.988161
0.579966
0.063290
0.784366
0.455727
0.016874
0.618701
0.513539
0.843628
0.641636
0.883884
0.713133
0.432157
0.017722
0.612895
0.455285
0.469553
0.081163
0.432978
0.784434
0.358421
0.402403
0.466960
0.370024
0.553926
0.934066
0.851419
0.309158
0.260930
0.975172
0.222826
0.249091
0.555138
0.286116
0.033457
0.010866
0.302990
0.652158
0.524405
0.146618
0.293794
0.408288
0.859751
0.725951
0.426010
0.472646
0.181236
0.895564
0.553809
0.614214
0.679998
0.912230
0.016616
0.146958
0.282255
0.570543
0.081024
0.133674
0.879701
0.341954
0.108846
0.102526
0.591045
0.663985
0.388643
0.624503
0.674850
0.691633
0.276661
0.199254
0.838250
0.570455
0.607543
0.698001
0.296406
0.033554
0.170647
0.477642
0.929118
0.724457
0.091857
0.609116
0.636687
0.108473
0.756074
0.918942
0.679016
0.837098
0.052616
0.558717
0.179052
0.161463
0.661243
0.770097
0.825447
0.049886
0.394599
0.500297
0.741518
0.671260
0.699552
0.579769
0.241715
0.307095
0.277770
0.538122
0.340649
0.448418
0.015763
0.269767
0.172875
0.107621
0.878883
0.809562
0.216094
0.634957
0.728504
0.895110
0.472055
0.781121
0.453827
0.651107
0.942583
0.115069
0.421203
0.768030
0.164955
0.815802
0.268328
0.906473
0.487062
0.967880
0.486242
0.728778
0.274976
0.764012
0.266899
0.615624
0.212430
0.282663
0.885391
0.385306
0.390283
0.764274
0.194868
0.606377
0.399232
0.923372
0.501487
0.871287
0.704492
0.955314
0.522393
0.647075
0.070383
0.943596
0.415106
0.235338
0.759399
0.683433
0.141812
0.246461
0.651313
0.628054
0.975238
0.926289
0.392067
0.242137
0.541913
0.604497
0.524801
0.427304
0.989802
0.915084
0.191579
0.184670
0.521462
0.590810
0.108042
0.022949
0.462097
0.812534
0.978263
0.984490
0.459609
0.048646
0.928087
0.874715
0.283985
0.687485
0.558148
0.425797
0.933946
0.209462
0.053851
0.909185
0.135750
0.445918
0.151322
0.677663
0.050415
0.676123
0.104967
0.040217
0.591207
0.296545
0.224887
0.112669
0.887356
0.332928
0.135618
0.349453
0.145463
0.113880
0.333943
0.605072
0.162526
0.262030
0.479787
0.446511
0.949515
0.037935
0.872307
0.883462
0.247397
0.926158
0.792647
0.383146
0.372076
0.943969
0.060809
0.422490
0.620092
0.165776
0.462707
0.211300
0.462321
0.687594
0.323968
0.349678
0.020522
0.459586
0.699130
0.165986
0.573466
0.033074
0.771058
0.735992
0.295103
0.250845
0.182502
0.244618
0.288780
0.054810
0.128080
0.536176
0.980967
0.920727
0.919323
0.353043
0.864696
0.980132
0.775533
0.484789
0.145908
0.238240
0.696088
0.608229
0.925834
0.020056
0.957906
0.946357
0.479642
0.657036
0.112342
0.053108
0.690110
0.883401
0.789100
0.985213
0.134246
0.971602
0.229832
0.423026
0.026411
0.357912
0.959203
0.007379
0.278639
0.878525
0.360422
0.143335
0.858657
0.135955
0.628123
0.004565
0.374195
0.324211
0.612793
0.300029
0.344267
0.570699
0.246387
0.823910
0.227735
0.358730
0.877018
0.917845
0.242130
0.666117
0.903058
0.376376
0.637719
0.132890
0.799402
0.664130
0.490801
0.758604
0.671509
0.769440
0.637129
0.031931
0.912775
0.495786
0.167886
0.540898
0.500351
0.542081
0.865109
0.113143
0.842111
0.209377
0.683843
0.088498
0.033286
0.911579
0.447228
0.910304
0.829424
0.689357
0.576421
0.732482
0.065733
0.214140
0.865372
0.865134
0.878271
0.356173
0.623739
0.549780
0.125613
0.260868
0.581711
0.038388
0.756654
0.749597
0.579286
0.257005
0.291678
0.444395
0.370148
0.133790
0.653772
0.053992
0.222288
0.687059
0.965571
0.669516
0.597363
0.794995
0.358873
0.173785
0.527477
0.424606
0.387925
0.392849
0.289741
0.266196
0.749022
0.913479
0.815975
0.874635
0.174347
0.397686
0.913023
0.931001
0.147283
0.492309
0.188006
0.438962
0.936705
0.558154
0.572752
0.590477
0.612146
0.795040
0.277536
0.577717
0.464556
0.874899
0.372712
0.823429
0.048683
0.900189
0.248035
0.436608
0.293038
0.537776
0.702804
0.042060
0.451255
0.518779
0.916695
0.625602
0.916466
0.829718
0.556603
0.063749
0.322028
0.744608
0.502711
0.258732
0.302763
0.075463
0.849209
0.914909
0.870504
0.126744
0.492626
0.335060
0.001644
0.865338
0.158489
0.050327
0.765527
0.406524
0.486935
0.058565
0.944299
0.189739
0.100625
0.395554
0.708518
0.017319
0.021155
0.624984
0.847038
0.577758
0.688733
0.169065
0.322367
0.191444
0.427797
0.625129
0.266907
0.277006
0.540038
0.137411
0.403751
0.032665
0.472470
0.405395
0.898002
0.630959
0.455722
0.663529
0.037482
0.942657
0.722093
0.981782
0.132396
0.822718
0.377336
0.840914
0.840038
0.398491
0.465898
0.687075
0.976249
0.154631
0.856141
0.298615
0.346075
0.283938
0.923745
0.612982
0.560944
0.463783
0.750393
0.964696
0.496447
0.222863
0.370091
0.394449
0.853823
0.825813
0.057978
0.891305
0.768470
0.780072
0.873087
0.900866
0.602790
0.250422
0.741780
0.442827
0.648914
0.207678
0.129902
0.625163
0.362310
0.986043
0.923778
0.708385
0.269980
0.847523
0.321367
0.830925
0.311306
0.071761
0.795621
0.807753
0.294625
0.165711
0.202203
0.148447
0.991525
0.260180
0.039751
0.759995
0.040252
0.912838
0.660861
0.643042
0.163261
0.402642
0.085869
0.812175
0.610320
0.215771
0.437337
0.972630
0.201814
0.361116
0.681015
0.471794
0.208639
0.002382
0.302719
0.519945
0.074143
0.098340
0.327698
0.368767
0.264052
0.529901
0.517214
0.255576
0.790082
0.556966
0.015571
0.830334
0.469804
0.676432
0.473375
0.633065
0.079073
0.559244
0.445240
0.689394
0.775014
0.882577
0.662024
0.976827
0.243692
0.343039
0.448621
0.452331
0.345421
0.751340
0.972276
0.419564
0.849680
0.299974
0.788332
0.113732
0.829875
0.305546
0.369309
0.619956
0.862511
0.384880
0.450290
0.332316
0.061312
0.923665
0.965381
0.140385
0.482909
0.410620
0.829779
0.257923
0.293197
0.491803
0.234750
0.536889
0.834842
0.683371
0.989220
0.180263
0.434712
0.961496
0.599827
0.284392
0.261470
0.388158
0.398125
0.091344
0.693704
0.767434
0.711301
0.556216
0.152314
0.161591
0.888531
0.213626
0.085256
0.853912
0.354012
0.568164
0.264533
0.183791
0.826087
0.557729
0.675594
0.060838
0.094619
0.510436
0.744209
0.083838
0.690699
0.178921
0.045334
0.290526
0.463314
0.306804
0.678685
0.861439
0.398149
0.372389
0.628873
0.109450
0.928605
0.781187
0.271040
0.817136
0.994813
0.356296
0.671049
0.348825
0.924460
0.935581
0.532616
0.750548
0.493310
0.208211
0.811385
0.587928
0.718646
0.555595
0.671766
0.409345
0.734516
0.717101
0.699872
0.197829
0.023905
0.378556
0.059268
0.422054
0.750946
0.688141
0.531504
0.679550
0.469327
0.802544
0.496687
0.464140
0.158840
0.167736
0.812965
0.083300
0.103316
0.345581
0.833848
0.596626
0.553792
0.645233
0.184554
0.272438
0.200828
0.856320
0.681783
0.935344
0.573421
0.381655
0.133173
0.597326
0.760212
0.192441
0.019380
0.511157
0.880582
0.550883
0.190708
0.349909
0.353427
0.687394
0.814049
0.512267
0.855129
0.627014
0.595567
0.958445
0.972595
0.429415
0.555071
0.526387
0.074649
0.739624
0.798825
0.275476
0.595944
0.480608
0.210820
0.169365
0.862263
0.343993
0.766690
0.622475
0.536434
0.786070
0.133632
0.417016
0.336953
0.324339
0.766925
0.690380
0.011734
0.580974
0.202646
0.866863
0.207988
0.798213
0.825308
0.180583
0.227629
0.380379
0.706970
0.302277
0.120003
0.505795
0.577753
0.715947
0.986403
0.788574
0.885313
0.848666
0.132567
0.652003
0.471141
0.669001
0.438073
0.604773
0.086017
0.775026
0.929112
0.852942
0.465405
0.940846
0.433916
0.668051
0.807709
0.641904
0.466265
0.633017
0.822487
