0.434306
0.674022
1.748493
1.475258
0.130935
0.182532
0.034831
1.364108
1.045056
0.157713
1.386934
0.018791
2.170474
1.518185
1.375228
1.207091
0.279361
0.151612
0.540914
0.897175
0.058770
2.072762
0.190860
2.263229
0.340649
1.826373
0.395149
1.356126
0.169357
0.789097
0.665253
0.709435
0.036758
0.373706
0.327613
0.172945
0.651358
0.376280
2.335186
0.135809
0.615252
1.059490
0.157363
0.423688
0.569618
2.233288
0.047412
1.133177
0.034077
0.623788
0.315083
0.094947
0.412870
0.587028
4.309882
0.986026
0.332716
0.375400
0.460904
0.577711
1.957085
1.932011
2.935514
2.252089
0.182679
0.256513
0.055129
1.037405
0.776191
3.142940
1.481121
7.322808
0.942151
2.503770
0.422680
0.045489
1.666264
0.495965
1.281795
1.861438
1.931759
4.924402
2.735370
0.214876
0.574042
2.547142
1.716480
1.272189
0.267462
0.210214
0.172689
0.098066
0.045764
0.111488
4.442309
0.237872
0.403097
0.042770
1.947174
2.052581
6.654872
0.994092
2.047452
0.938853
0.794437
0.242897
1.059566
0.445058
0.933094
0.471373
0.227860
0.619474
0.459797
0.149538
1.064591
1.636522
0.062502
0.645183
0.744707
0.349939
1.093692
1.151152
0.492134
1.237030
1.556966
0.473066
2.544038
0.128945
0.542624
1.508574
4.902881
0.540411
0.525458
1.991515
0.026770
3.143768
0.082468
1.138838
0.379933
1.157805
0.057274
0.733671
0.159696
0.552086
1.075143
1.623173
0.260841
1.270611
0.325954
1.405368
0.014717
2.867943
0.577056
0.516322
1.058255
0.258351
1.515036
0.854233
0.428715
0.221868
0.435665
0.417379
0.958337
1.434984
0.229087
1.029698
1.268550
0.333935
0.389632
0.035476
3.497428
0.475392
0.809031
0.124795
1.622579
0.240114
2.526356
0.032738
2.700105
0.220911
1.546138
2.945241
0.152448
0.255385
0.431859
1.581509
0.603412
0.140296
0.460016
1.618034
0.400295
1.279744
0.154248
2.925234
0.661207
0.427222
0.889729
0.226315
0.998535
2.429592
0.271004
0.919561
0.342893
1.570685
1.268078
0.097499
0.005574
1.017987
0.133651
2.786452
1.813332
2.430817
2.169551
3.829823
0.147823
0.269804
1.481142
0.892756
0.457869
0.152392
0.497887
1.194840
1.989526
0.765991
1.031689
0.426197
2.143945
0.265045
0.797497
0.722349
0.156368
1.546143
0.122954
0.571003
0.865192
1.797721
0.750645
0.878485
0.640559
1.058553
0.740131
0.370908
0.832588
0.525465
0.339929
1.212321
1.036174
0.062728
0.346680
0.012639
0.225834
1.155674
1.237211
0.067625
0.248823
0.436032
0.531711
0.108800
0.882448
3.268760
0.960974
1.312995
1.381818
1.321165
0.181556
0.397359
0.838172
1.184061
2.436069
0.041345
0.426192
0.571717
0.431390
2.431404
1.858953
1.017697
0.953424
0.672080
1.201891
2.381080
0.696983
2.317944
0.898215
0.237904
3.408625
1.676570
0.832696
0.476931
2.477843
0.164116
0.417428
0.762617
2.139982
0.094464
0.310244
0.049580
0.541365
1.797163
1.356106
0.401288
2.077312
0.093593
1.452379
0.255058
0.001435
0.941997
1.992910
0.957150
0.104812
0.827997
0.741421
0.919848
0.624742
0.123601
1.677408
0.564779
2.648651
0.475245
1.665102
1.866458
0.754221
0.164980
0.476240
0.530971
0.277374
1.037377
0.616811
1.079621
0.653635
0.226493
4.690569
0.437857
0.345343
1.413895
0.866811
0.347370
0.457217
0.585930
2.402080
0.628227
0.006510
0.567456
0.070298
0.636935
0.796958
2.128851
2.328962
0.651152
0.300150
1.249779
0.391392
1.555501
2.006350
1.213249
0.224247
0.114009
0.428305
1.082405
1.461131
1.761631
1.994333
1.422314
0.201893
0.169506
0.724948
1.437704
0.596700
2.142234
0.230596
0.444483
0.429355
0.238801
1.569635
0.539490
1.150487
0.417306
0.353794
0.882180
1.713334
0.814804
0.356036
0.155042
0.424939
0.180412
1.873345
0.792024
0.318587
0.216637
0.233564
0.041708
0.023283
0.074927
1.607914
0.230459
0.258909
0.378841
3.453298
1.131593
0.220588
0.191522
0.037002
0.791916
0.488944
1.761450
3.323644
0.072833
0.185589
0.303756
1.068173
4.520950
1.710549
3.121673
0.142419
0.180831
0.128959
3.869597
1.246522
0.500569
0.191053
2.535654
0.570336
0.219307
4.958836
0.267043
0.515430
0.249854
0.797853
0.463807
2.288353
1.376971
0.788367
2.731709
0.349107
2.690309
1.440102
0.299297
0.002387
2.695355
0.735263
1.075135
2.545969
0.415294
0.953642
0.055878
0.703759
1.330501
0.034052
0.245613
0.138653
0.232424
0.149156
0.830422
0.518042
0.141038
1.601938
1.645431
0.434836
0.428017
0.196241
0.289278
0.100769
1.285902
0.205903
0.495183
1.066355
2.979555
1.047543
1.073304
2.134246
0.186115
0.381072
1.625918
0.712688
2.681448
1.949215
0.015067
1.100188
2.217258
0.264914
1.592882
0.103676
0.464090
0.447531
0.698757
0.698837
0.173509
0.370872
1.934243
0.708241
0.669534
0.112791
0.924696
0.237816
0.346372
5.097585
2.020350
0.276986
1.030272
0.745523
0.131934
1.676176
1.847600
2.615522
0.389475
1.486871
1.534723
0.411797
0.581807
1.125708
0.844597
0.271512
1.487484
2.839802
0.912721
0.324147
0.587706
1.418239
0.883639
0.356484
0.308361
0.077720
0.521766
2.030256
0.337473
1.201573
1.984762
0.167023
2.833856
0.704565
1.137353
0.067012
0.383589
0.737556
4.789807
1.024924
0.350465
1.496871
3.849866
1.334659
0.601020
0.796259
3.670085
0.255935
0.674423
0.851195
0.698489
2.732591
0.401904
0.093638
0.267638
0.907096
0.179323
1.025392
0.625495
0.598915
0.416460
0.396887
0.927383
0.331059
1.791359
0.333720
0.425647
0.164704
1.637138
0.413002
1.575188
0.106587
0.121614
1.477308
1.819267
0.835304
0.386745
1.673343
1.570529
1.667520
0.486908
0.349173
1.371346
1.260303
0.484697
3.965978
0.375039
0.794693
0.973906
1.503910
6.788301
3.297323
0.111301
0.924538
0.280846
2.790302
2.180643
0.895284
0.094808
1.179265
2.657086
2.149724
1.577933
0.045371
1.064885
0.998190
0.943186
3.728374
0.586691
0.515302
1.547654
1.767918
1.195370
0.762473
0.789094
0.085040
0.722656
1.955321
0.993724
0.147264
1.011211
0.990685
0.105307
1.353062
0.263917
0.422826
1.139902
0.126691
2.753818
1.472297
1.668601
2.011136
1.061565
0.929093
2.413748
0.370076
0.269898
0.736338
0.335873
1.140616
2.574591
0.075306
0.712717
0.970808
0.931477
0.057029
1.213173
0.128478
2.452415
0.404293
0.297734
0.798810
3.250091
0.442315
0.344871
0.214670
1.211534
3.569789
0.374238
1.017702
1.356504
0.132019
0.702670
0.505053
1.304766
0.536587
1.223647
3.361199
2.755066
4.725179
1.037567
1.967615
0.065788
0.168861
0.656687
1.107752
0.236745
0.203562
1.561918
0.133214
0.727184
0.048946
1.123494
0.650014
0.519564
3.397608
1.112165
0.113707
2.786850
4.094769
1.370641
1.142017
0.113187
0.288742
0.080507
1.806550
1.096777
1.528762
1.614886
0.922434
1.488668
0.591983
0.621124
1.820145
0.921667
2.884067
0.708661
1.676391
0.137280
0.353770
2.775381
1.035654
0.424237
0.948123
0.131211
1.390109
0.865311
1.580468
1.954976
0.728700
1.502656
0.927574
0.221008
2.158295
1.932973
0.322469
1.273889
0.736759
0.060639
0.736775
0.132146
1.790745
3.445648
0.882968
1.112190
0.844576
0.756171
0.197060
0.483231
1.075325
0.647835
0.386968
0.362146
1.729090
2.709345
0.556497
0.852157
0.718463
0.249626
0.565525
0.030421
6.418907
0.037106
0.259098
2.144280
2.222930
0.700966
0.924086
0.532808
0.827208
0.132904
0.769667
0.504009
0.097135
0.131566
0.069412
1.087161
1.060792
0.282252
0.047134
0.374885
1.282797
0.457170
0.958287
0.788103
0.357171
0.044200
0.126470
1.675823
0.306722
0.800148
1.850295
0.304509
0.884704
0.073713
0.157078
0.651760
0.855564
1.380186
2.224867
0.148138
2.062933
0.559930
0.762677
3.366396
0.803028
0.917896
0.989705
0.230481
1.874434
1.121945
0.730807
0.842338
0.042158
0.144946
0.121706
0.417986
0.196219
0.265778
0.167797
0.583957
1.533071
5.908516
1.220196
0.464088
0.070794
1.898386
1.898216
1.030867
0.912941
1.355115
1.518639
0.637859
0.187334
0.377715
0.574588
1.283243
2.467644
0.067612
2.641013
1.434535
1.346041
0.592743
0.402078
1.518743
0.872565
0.589982
0.130840
1.428324
1.136480
0.324507
0.226402
0.622095
0.320756
2.379792
1.798624
0.419685
1.417248
1.154033
4.272154
0.440488
0.556382
1.456883
1.759420
0.910193
0.085136
0.307774
0.386275
5.753513
0.400919
0.286519
1.421309
0.072600
1.191775
0.093952
1.904079
0.326339
0.766442
3.637498
0.039499
0.241295
0.288747
0.276191
1.131873
0.744858
0.161064
0.717532
2.024530
2.368533
0.219005
1.924096
0.304706
0.976580
0.970301
0.094877
0.249688
1.212824
0.439178
0.779517
1.202215
1.157503
1.563031
0.612627
1.409593
0.667125
0.793516
0.933431
1.449267
0.086740
0.868643
1.629575
0.353074
1.779500
0.046378
3.690717
0.440795
0.215772
0.667656
0.254144
0.105875
1.151296
0.081657
0.451179
0.366980
1.202118
0.604474
0.751058
0.514310
1.655861
0.072039
0.107094
0.682806
1.966150
0.820147
0.288429
0.425907
0.113596
1.947413
0.118875
0.211297
0.575963
2.477749
0.669315
0.313498
3.254169
0.621732
0.982404
0.168973
2.997280
1.897186
0.295622
1.004714
2.636967
0.965099
2.830679
0.988499
0.075471
0.633295
0.030409
2.135085
0.773632
0.141000
0.472515
0.508612
1.174880
0.986519
1.368429
1.602091
0.662589
1.948936
4.509081
2.555180
1.485640
0.648044
0.212496
1.328137
2.812056
1.698413
2.211811
2.207238
1.099721
0.158327
0.742016
0.905000
1.450230
0.625253
0.252731
1.821250
2.718614
0.292058
1.272759
0.639984
0.485784
0.101490
2.050813
0.078967
1.286042
0.959363
2.075088
0.233349
0.643287
1.991035
0.139773
0.285126
0.416088
0.388432
4.081031
0.328916
0.149552
2.068366
0.186682
1.639602
0.020241
1.184626
0.513163
1.539543
0.173180
0.980093
0.977362
0.097665
2.103724
0.421045
0.834127
0.304875
0.580086
0.574682
0.413568
0.178872
0.055491
0.239741
0.465071
0.751661
0.079708
0.697866
1.498333
0.539555
1.738603
1.425482
1.194976
3.300650
1.002980
2.021788
1.465699
1.059158
0.824900
0.186913
0.577630
1.275592
1.585762
0.064507
1.680836
1.118428
0.521062
0.477275
2.748735
1.872492
1.696328
0.321176
0.010098
2.045031
0.669182
0.481197
0.509229
0.831230
2.156846
0.193025
3.988840
1.232869
2.735618
1.135591
1.113783
0.840167
0.790428
0.581193
0.250532
0.114368
0.944828
1.079949
1.764950
0.521654
1.283225
1.028862
0.083022
0.138077
0.022363
0.015784
3.698050
1.824855
0.343004
4.218233
1.235748
1.506148
0.457652
0.114764
0.419651
0.289741
0.334023
0.391862
3.221061
0.247319
0.002975
0.999055
1.548671
0.796997
0.075308
0.009125
1.071163
1.151366
1.107060
0.665911
0.094593
0.498121
0.137862
0.186240
0.736674
0.163573
0.205286
0.686221
4.571231
0.646170
0.657394
1.200770
0.293282
1.890690
1.647458
0.908601
0.106000
0.095876
2.539764
0.062580
0.371835
2.578148
1.179069
0.103143
0.641324
1.448072
0.113265
0.140177
0.595607
1.498596
0.959695
0.774421
0.184987
1.369522
1.234279
1.171768
2.269802
2.249437
0.206663
2.174386
0.462817
1.104147
0.880344
0.979977
0.728855
0.498932
0.250505
0.962633
0.662123
0.153976
1.135617
1.583658
0.069128
0.463960
2.232863
0.776960
0.146400
8.907846
1.111678
0.879381
1.497990
0.339655
0.132377
2.905997
0.034338
1.789433
1.009194
2.665318
1.300067
1.727059
1.696876
0.103117
0.674718
0.514339
1.282507
0.008273
1.584382
2.886897
0.984443
0.327352
0.090974
0.364029
0.076824
0.166942
1.128061
3.402990
1.184005
1.674126
3.398931
0.454041
0.506648
1.358726
1.058220
0.737053
1.165771
1.160538
0.437611
0.391274
0.959995
0.085459
0.157822
0.568897
0.198314
1.012522
1.807614
2.328384
1.035461
0.996635
1.875997
0.316480
2.408511
2.714414
0.859010
4.135054
0.091575
0.291367
3.010330
1.520772
0.067516
2.492725
0.158293
0.621338
1.079774
1.606079
4.151113
0.428701
0.665551
0.413512
1.116116
0.108828
0.545738
1.706219
0.769953
0.917476
0.607240
0.466681
0.699207
0.105455
0.003808
0.430504
0.464220
2.451683
0.333482
2.952556
2.281310
0.463755
0.223835
1.887660
0.165511
0.309028
1.451964
0.355161
1.304215
0.555505
0.103436
1.247812
1.491046
0.877734
0.052920
0.592964
1.162803
0.638905
0.308923
0.254062
0.075374
1.276221
0.909506
0.857136
1.720342
0.918988
2.596190
0.213651
0.723460
0.234480
0.151014
0.532353
0.867739
0.416602
0.302935
1.319156
0.932817
0.027621
0.032088
0.408225
0.604148
0.139084
0.049230
0.259190
1.252186
0.104896
1.125892
0.513349
0.847959
2.837011
0.983148
1.033711
1.085626
0.252502
0.248384
0.660302
1.738537
0.157101
1.126008
0.414231
0.437575
1.691943
1.394045
2.725707
0.170261
0.013372
1.100031
1.440166
0.041370
1.199708
0.103454
0.681191
1.763537
0.158199
1.281247
0.782379
0.282234
0.507408
2.885899
1.701631
0.414524
0.844119
0.619766
0.001656
1.576047
1.145292
0.663510
0.960848
1.755918
0.175109
3.136912
0.200467
3.749609
1.232761
0.123470
0.142749
1.279402
1.529200
2.264710
1.436838
0.657797
5.188916
0.296128
0.371892
0.151686
3.845161
1.919057
0.488811
0.472508
1.596769
0.228481
1.258459
0.458097
1.097179
1.264302
0.175215
0.427799
0.226302
1.505776
0.192746
0.451233
1.327038
0.441549
0.414956
0.585642
0.640767
0.639908
0.180381
0.296256
0.460131
2.622378
1.340984
0.451332
0.202946
0.050224
0.701105
0.177089
2.325220
2.212816
0.774049
1.202934
0.099673
0.294058
0.069567
1.431523
3.587411
0.258674
0.115537
0.192194
0.006099
0.334664
0.772214
1.350227
1.025497
2.100799
0.203427
0.121596
0.431245
0.429428
0.463460
1.269754
0.323639
0.115758
0.085907
0.616495
0.172322
0.882573
0.974083
0.062440
0.647965
0.175926
1.428027
0.848066
0.538002
1.756898
0.404685
0.491704
0.056937
0.583263
0.828439
0.063394
1.295895
0.106784
1.620727
0.458437
3.859516
4.291497
0.658210
0.399317
0.408621
1.918137
0.049528
0.946551
3.281510
0.140000
0.074820
0.128653
1.262042
1.185972
0.199977
0.215443
1.937042
2.838202
1.450612
0.317395
1.464861
0.103569
1.079907
1.738612
0.777207
0.253142
2.168599
0.310144
0.392929
1.164456
1.006182
0.362183
1.121542
0.123989
1.002576
0.009704
3.497604
1.143782
0.971750
2.690584
1.671472
1.183089
0.054329
0.752800
0.491382
0.266743
1.282907
0.279833
0.193099
0.670101
0.725767
2.891176
0.883652
0.194094
1.464148
0.135867
0.510930
1.062437
0.500380
1.290931
0.418998
0.028490
0.029254
0.016656
0.156301
1.084405
0.026524
0.121522
0.420506
1.043428
0.047707
0.168792
0.417675
0.104768
1.152867
1.308015
0.405860
0.522627
3.639480
0.711710
2.257445
0.672915
0.604559
0.657996
1.097215
0.251556
0.939439
0.068561
2.093924
0.002857
1.566611
0.247298
0.031429
1.715235
0.268677
0.193146
0.657733
0.303520
0.342585
1.744464
2.402841
0.410459
3.941279
0.288967
0.572915
1.093166
3.942841
1.468446
0.074600
3.086554
0.326995
3.419410
0.587206
1.319001
0.596711
0.116896
3.101263
0.060316
0.194296
1.782631
0.063351
3.436847
0.052238
0.096871
1.550757
0.337582
0.311927
0.314558
0.794718
0.816519
0.099986
0.612177
2.250815
0.078747
1.233724
0.401683
1.349279
1.169252
0.105943
1.673755
1.032100
0.477128
1.512887
0.091966
0.118823
0.260206
0.220879
0.069396
0.339172
0.469639
2.291125
0.429285
0.419472
2.990630
0.582236
0.139858
0.269516
1.235524
0.511504
1.534990
0.311087
0.684301
0.277564
0.176781
0.846960
3.019347
0.678936
0.373758
1.023230
0.899847
0.132749
0.334508
3.604722
2.343842
0.465491
0.088656
0.142888
0.844807
0.164736
0.546088
2.902816
0.052062
1.468869
0.339309
0.000474
0.237200
0.541725
0.270137
2.531798
1.707400
0.021496
0.208051
0.377199
0.306036
0.430584
2.167215
0.241825
1.849692
0.219849
1.933608
0.572847
0.388129
0.150456
0.525749
0.255818
0.717148
0.680679
0.444516
0.085795
1.037355
1.512557
0.027730
1.191843
0.797327
0.378463
1.193405
1.429766
1.321790
2.711117
1.142938
0.802975
3.096756
2.032201
2.011604
0.246469
0.246955
1.393239
0.567839
0.063513
2.977704
0.340556
0.688400
0.315760
0.559158
2.369879
0.686137
2.816207
0.511217
1.933428
0.022639
0.046928
1.007865
0.051013
1.355506
0.203918
0.453847
0.578027
2.902354
0.103321
0.466065
0.984102
1.050303
0.396512
0.683550
0.726486
0.789179
1.251772
0.312145
3.864817
1.494060
0.244897
0.311509
0.319050
0.669393
1.190624
0.198047
4.164561
1.010976
0.867272
1.831407
1.074469
0.982827
0.644004
1.231875
0.458758
1.076711
0.075883
1.644691
0.927331
0.187822
0.197794
0.262167
1.722642
0.706839
1.293882
0.412189
0.054015
0.579458
0.931215
0.032125
0.242503
1.732398
0.355638
0.670407
0.372690
5.348003
1.103129
0.350387
0.997985
0.285116
0.145484
0.342349
2.070056
0.942150
6.295081
0.276746
0.314022
0.073894
0.049906
2.070591
0.277689
0.258955
0.110380
0.066005
1.327806
1.773733
0.513621
1.548923
0.314847
0.007629
1.710022
0.664440
1.776322
0.126030
3.647276
0.152990
0.120648
1.027520
0.575268
1.366621
2.208909
0.850602
0.035557
1.443927
0.202181
0.033647
0.005771
0.602484
0.110169
0.055973
0.395176
0.425849
0.332090
0.563778
0.528750
0.017674
0.302791
1.673090
1.634973
0.757891
1.714431
0.978646
0.016927
1.051751
1.357095
4.680148
1.572796
1.939658
1.001928
0.261341
0.919495
0.740257
1.623657
1.011185
0.338287
4.259940
1.106542
0.346390
0.577013
1.485525
0.426482
1.447597
0.128289
0.993646
0.217920
0.757281
1.042122
0.610750
0.420671
0.602095
4.456969
0.178323
0.079603
0.005200
1.682020
1.709865
5.499032
0.932771
1.125028
0.990848
1.811062
0.323843
0.164576
1.019829
2.440110
0.577601
0.981416
0.872628
1.314979
0.065763
0.439691
0.081990
1.763244
0.646580
1.232695
0.024623
0.007252
0.439728
0.656582
0.431737
1.650913
0.634466
0.721439
2.159720
0.644297
0.397422
1.216560
0.636535
2.725517
0.476600
0.104934
1.474065
1.066374
0.289501
0.528227
0.840706
1.171569
0.036219
0.163393
0.547558
0.104491
0.706247
0.693864
2.627342
4.055502
0.234270
3.037640
4.595149
0.831584
0.568156
0.416302
0.466436
2.335235
1.927351
0.297609
0.475106
0.201402
3.248329
1.890860
0.124322
0.415925
2.969558
2.188466
5.525390
0.223190
0.354195
0.831513
2.208699
0.406214
1.256504
0.373670
0.567484
0.250849
1.672134
0.447506
0.228826
0.021230
0.375176
0.216208
0.881037
1.371455
0.765614
3.179969
1.048322
0.493343
0.243119
0.028045
0.848246
0.194778
2.093243
1.167123
0.728262
1.745185
0.859557
0.720042
0.025753
2.078740
0.081078
2.471962
0.234134
1.576152
0.257964
1.026648
0.015206
0.040334
0.002577
0.247979
0.062448
0.378928
0.534531
1.038981
0.063651
2.976076
0.927852
1.241821
0.413133
1.717132
1.342460
2.410844
5.953020
0.955840
0.913792
0.722895
0.581424
0.193160
0.028320
0.627964
0.051885
0.111827
0.481111
0.300169
2.292953
0.939766
2.313656
2.454838
1.046434
2.340025
0.143578
1.235635
0.247283
0.793636
0.439334
0.329543
0.686787
3.222197
4.814677
1.803240
1.516641
1.311884
1.368440
1.504871
0.424952
0.422350
0.346171
1.546919
0.734272
0.386445
0.292252
0.845617
0.555706
1.008745
1.772041
0.393584
0.280513
1.313472
0.273763
2.238824
1.007283
0.467183
0.923230
1.923260
2.538778
3.177273
0.144584
0.541022
2.506336
0.135256
0.291801
1.200597
1.946281
6.556499
0.648058
0.227396
0.420185
1.467715
4.655594
1.989384
0.094399
0.279597
0.569034
0.726524
2.113909
0.306447
1.843759
0.132206
5.309868
0.084759
0.017406
0.993840
0.606054
0.967641
0.661101
0.470865
0.863514
0.963214
1.576900
0.686680
1.365879
0.047583
0.217834
0.921403
0.046094
1.116820
1.636985
0.491223
0.583808
1.589272
0.289474
0.759949
0.040653
1.156042
0.049950
2.514203
2.980109
2.211843
0.043860
2.887239
3.567294
0.062054
0.853592
0.555594
1.140025
0.059575
1.618515
0.299096
1.127539
0.904344
1.407589
0.546478
1.026276
3.016113
0.023324
1.160621
0.977341
1.763104
0.077779
0.068192
0.979268
0.394782
0.911873
1.091394
0.011510
1.041151
0.875447
3.235428
0.771008
0.984131
2.353108
0.711762
1.159649
0.652091
2.740938
0.456642
0.769768
1.336732
0.981107
0.239591
0.404201
0.478635
1.005300
3.655475
0.402540
1.070373
1.081340
3.102649
0.664769
1.330632
0.021213
0.116558
0.063860
0.965529
1.488431
0.076133
0.309478
0.442541
0.034554
1.627723
4.124849
2.795090
0.375196
1.109383
0.541173
0.285465
0.037526
3.096986
4.242795
1.084515
0.183761
0.382905
0.043227
1.619137
0.345697
0.467904
0.614428
3.060430
0.398623
2.894212
1.167391
0.430391
0.056231
1.389041
3.472599
1.765815
1.737230
0.268055
0.206471
1.951623
0.039529
0.186793
1.593797
0.433252
1.836478
0.241794
0.916137
2.099257
0.185844
0.880854
0.775197
0.411678
2.340220
0.871540
0.150117
0.218115
3.109551
0.912405
0.161460
0.334264
0.783291
1.819676
1.004795
0.910755
0.888207
0.923426
0.556402
0.532049
1.820025
0.950061
0.315474
2.093430
1.530937
0.069783
0.259211
0.978936
0.331545
1.761878
0.696637
0.601085
0.534178
0.041999
1.557064
0.382055
0.975038
2.640005
0.720538
0.863227
0.748833
1.086512
1.982940
0.072767
0.694208
0.685609
1.102505
0.093363
0.104317
0.099482
0.696629
2.765239
1.230920
1.479702
1.680801
0.676572
1.830698
0.043027
0.123222
0.129977
2.043246
0.961484
0.852538
0.334413
1.075298
0.450851
0.920761
0.330765
0.344681
0.122499
1.964879
1.707246
1.504637
1.280722
2.196584
0.326329
0.246386
0.813687
0.458186
0.381906
1.054039
2.034911
0.293673
0.445427
1.026112
0.070696
1.904431
0.656431
0.116949
3.412020
0.924287
3.950872
0.878755
0.194622
0.307890
0.279059
0.776025
2.015812
0.744715
1.779761
4.021914
0.486064
1.049699
1.427048
0.113304
0.773869
0.039173
0.393785
0.100433
0.520853
1.029856
1.374472
0.321990
2.277122
0.112582
2.487669
3.371903
3.159872
0.507826
0.079092
2.584872
0.001384
0.058485
0.711912
0.196303
0.388329
1.397554
1.265866
0.208993
0.325633
0.797012
0.187149
1.087339
0.222249
2.668788
1.469713
1.339634
3.476348
0.100384
1.793435
0.470109
1.341135
0.869024
1.050852
1.010251
1.161921
0.837611
0.920168
1.034749
3.365473
1.131941
0.842294
3.406329
1.325766
0.081832
0.156740
0.057853
1.780063
1.988352
0.280786
0.115750
0.531719
0.536982
1.479242
0.945950
0.424884
0.781319
0.430395
0.378678
1.015305
0.202557
1.172152
0.471860
1.443922
0.416517
0.012104
0.599867
2.385072
0.950829
0.100704
2.066501
0.344143
1.093858
1.833890
0.025906
1.361218
4.218775
0.085323
0.855723
1.886262
0.395408
1.153047
0.302144
1.355127
0.609755
2.059306
0.092378
6.656611
0.251293
0.516632
1.011763
0.520145
0.098467
0.012662
0.185806
0.569930
0.024921
0.969376
0.419086
1.016644
1.260472
0.242995
2.650237
0.480552
0.057559
3.099732
0.133771
0.042091
0.037415
1.204753
2.203461
0.451486
0.485418
0.162928
0.111383
1.839332
0.023069
0.215230
1.831276
0.281052
0.909111
0.646671
1.051470
1.174065
0.670985
1.715584
0.133905
0.720330
0.581287
0.630510
0.164405
0.171146
1.150130
0.084433
0.774052
1.344532
0.036566
1.090850
1.516656
0.075401
0.453033
1.109072
0.572608
1.381758
1.717486
0.779471
0.891451
1.853348
1.328007
0.561646
0.092443
0.403636
2.363865
1.342757
0.023274
0.502096
0.818748
0.160559
2.387574
8.728669
0.957145
0.061608
0.170954
0.355842
0.151656
1.190724
0.039526
0.194339
0.446393
1.710976
0.286683
1.288699
0.672259
1.155810
0.640999
0.370961
0.256893
0.065258
0.166311
3.258243
0.679056
0.276434
0.347654
0.508908
3.931797
0.380766
1.577880
0.775243
0.625478
1.209775
0.774892
0.084477
1.433321
1.191997
0.478719
2.324835
0.498213
0.543312
0.082102
1.396154
0.272451
0.397604
0.647837
1.301714
0.013358
2.996892
0.038599
0.274198
0.013320
0.212057
0.224848
0.705496
0.566686
0.683236
2.353719
0.532712
1.669623
1.199226
3.044866
0.323899
0.511339
0.676572
0.442674
0.176490
0.208291
1.339818
0.066132
0.868487
0.171127
0.154101
0.404766
0.503808
0.636553
1.659104
0.132058
0.661951
1.426069
0.176228
1.287263
1.482718
0.434875
2.594775
0.327278
1.538291
0.545343
0.203465
0.220948
0.264016
2.142799
0.163271
0.710731
0.332654
1.028011
2.012894
0.588381
1.773792
0.927618
0.710838
0.528864
1.434605
1.054353
1.360987
0.171459
0.130643
0.805830
0.330276
0.932993
0.375467
0.584917
0.401374
0.089938
1.587200
0.295630
0.454332
0.869300
1.127921
0.796797
1.509576
2.389595
0.565464
2.654061
0.539651
1.254865
0.848439
0.333303
0.173949
0.514548
2.188830
1.103911
1.676405
1.049088
0.385678
0.813164
1.646661
0.584256
0.116343
0.092754
0.050351
0.549674
0.758070
0.477560
0.711054
0.395910
1.009619
2.071489
2.382579
0.373874
0.550315
1.160544
0.248807
1.931956
0.957945
1.014229
0.844019
0.208547
2.535340
1.308155
0.892735
1.654004
0.507680
0.516543
0.613339
1.266274
3.218081
0.308930
0.175067
0.072354
0.437498
0.235348
0.678575
2.169634
0.890158
0.001535
0.239163
0.254958
2.083739
0.128290
0.770002
0.354916
1.645508
1.415754
0.167121
0.550615
0.501826
1.287080
0.945827
0.378834
0.604415
0.225781
0.132456
1.908624
0.930208
0.873515
0.843588
0.833551
1.885762
1.310947
1.008666
0.226445
2.815744
0.136915
0.092573
0.754063
0.138676
0.358292
1.404867
0.005038
0.547373
0.344730
0.362109
0.259571
0.050079
0.611930
1.055618
0.585946
0.200430
0.306069
1.421971
1.008480
0.626932
2.144046
0.667368
0.073969
0.626122
0.058454
1.012791
0.376332
1.547469
0.317580
0.726213
1.299581
0.510904
0.928060
0.296929
0.754037
2.362453
0.011570
0.764776
0.396520
0.361101
1.822356
0.811844
0.433767
0.351051
0.233174
1.586493
0.649462
0.637993
0.807705
0.119798
2.771308
0.574369
0.915898
0.008758
2.325637
1.068922
1.037092
0.243224
0.586692
2.496258
1.317391
0.187764
0.382218
0.410749
0.558778
1.878562
0.277940
0.579097
0.480866
0.843974
1.357462
0.248600
0.134633
0.099405
0.726001
0.406386
2.207108
5.088601
1.637813
0.587169
0.112870
1.358738
2.128980
1.226139
1.393259
1.529335
0.451297
0.506254
7.162235
1.645241
0.378130
1.314501
3.826927
1.001066
0.070678
0.521408
0.653355
0.372364
1.870230
1.976561
2.127777
0.888186
0.085082
0.006885
1.149556
0.910615
0.416741
0.851450
0.895402
0.158297
0.017457
1.198290
2.202004
2.286191
0.518970
1.024861
1.144658
1.461299
0.039162
1.142226
0.855899
0.435816
0.531511
0.805919
4.252780
0.654931
3.209885
0.626383
1.567426
1.637583
0.395911
1.115708
0.501122
0.525087
1.136869
0.080529
0.006239
0.020189
1.051470
0.910747
0.181989
1.102264
0.351071
0.057426
0.835238
1.207088
1.193897
0.284881
0.632990
1.329411
2.642098
0.045099
0.092806
0.417141
0.909862
0.077319
1.723694
0.814318
0.776275
0.949363
0.450373
2.016027
0.335934
1.413702
0.322015
3.338436
1.796556
0.330635
4.166513
0.663020
2.114518
0.163559
0.165569
0.192826
0.231544
1.268752
2.089962
2.339808
3.402616
0.423588
1.018935
2.258590
0.493320
1.300669
0.269939
4.329362
1.619769
0.059929
0.785006
0.418458
1.112247
2.369711
0.234148
3.135234
1.088418
0.661781
2.538535
0.687925
1.450729
2.359280
4.022333
1.035381
0.058048
0.144653
1.716378
0.305285
1.920698
1.192677
0.182411
1.715962
0.042802
1.638669
1.257766
0.564407
0.762309
3.042524
0.541503
0.408672
0.010509
3.270422
1.131363
1.144556
2.028763
2.172979
1.016512
0.758759
0.462401
0.819081
0.029568
0.145987
0.624881
0.011287
1.517496
0.736201
0.157709
0.918854
1.533204
7.413141
0.353275
3.013855
1.712612
0.414781
1.413294
0.766401
1.473237
0.342591
0.668656
0.209418
0.982268
0.689269
0.163642
0.360892
0.198075
0.019647
0.209620
1.702854
0.801197
0.819477
0.473209
0.868319
1.187997
1.843107
0.895428
0.646089
0.450586
1.337384
0.080053
0.158881
1.335089
0.469282
0.102920
0.812993
1.251985
1.927305
0.096278
0.663357
0.156106
0.866054
1.120321
1.469984
0.080613
1.741706
0.075820
0.297249
1.859404
0.303980
0.077938
0.503260
1.722957
0.601441
3.720853
0.726976
0.347650
0.837835
4.898190
1.068276
0.363588
0.072004
1.626086
0.042582
0.587025
2.313671
0.911699
0.172075
1.408796
1.171015
1.029921
2.303527
0.313807
0.380953
1.109163
0.425856
0.152649
1.359387
0.926166
4.254745
0.005320
1.136032
0.480048
1.753129
0.140283
0.441662
0.420681
0.552589
2.582128
0.409383
0.084406
0.260339
0.519888
2.156268
0.315941
1.893351
1.538728
2.032989
0.007546
0.778506
0.818721
1.051202
0.581611
1.762266
3.419545
0.117847
0.192534
0.115233
1.926546
1.509886
0.099428
1.963658
0.612442
0.646056
1.159716
0.888827
1.789309
0.030279
0.013495
1.415977
0.455336
0.099098
4.306630
1.474811
3.843883
0.297623
0.969195
1.443652
0.135218
0.989209
0.363620
1.156706
0.326578
1.369820
0.721185
0.282210
1.945015
1.167828
0.438080
1.242591
0.631155
0.596694
0.846346
2.603650
2.593768
0.297659
0.723316
1.419588
0.338653
0.751335
0.724634
1.058534
0.974475
0.697194
0.552019
0.919294
1.424776
0.045861
0.454343
2.170790
1.117657
1.108601
0.847212
3.027570
0.537558
0.089067
0.219963
0.318611
1.487990
0.803359
4.148152
0.277332
0.001550
0.810191
0.184156
2.614703
1.674896
1.149021
1.155173
0.105297
0.237391
0.223762
1.398281
1.795325
1.212388
0.195033
0.571153
0.619807
0.251052
1.610745
0.427502
2.253538
0.635333
2.516473
1.874314
2.172151
0.004482
0.044988
0.173056
1.507992
0.906758
0.154453
0.021063
0.910600
1.198464
0.209533
0.743447
0.715424
2.056429
0.235121
0.944068
0.087092
0.527666
0.452457
2.492942
0.119385
0.778987
0.434574
0.854456
1.440319
0.165725
2.555541
1.073298
0.975408
1.842669
0.702512
0.711371
1.871308
0.795516
1.102437
0.980093
0.156444
1.666300
1.037235
1.356883
0.712122
1.799410
0.310699
0.020624
1.226538
0.647391
0.997965
1.561127
2.176926
5.361899
1.229066
7.063668
0.768814
0.061762
0.852448
0.356083
0.239037
0.685139
3.163111
1.805308
0.411864
0.620578
0.422518
0.202929
0.011080
0.012624
1.652279
0.169412
1.734999
0.605052
2.286489
0.404962
0.340461
0.180855
0.436044
5.349864
1.027317
4.185285
1.538755
0.752142
3.916540
0.678822
0.750329
0.726761
0.804481
0.106938
1.693433
1.449423
0.909808
1.486419
0.918469
2.733122
0.269430
2.909114
0.126298
0.283961
3.170575
2.617772
0.515911
1.521519
0.479632
0.358707
0.121736
1.107289
0.628979
0.631166
1.093021
0.115296
0.602961
0.598109
1.014848
0.567221
2.863571
0.180720
2.984371
0.684416
0.310268
1.450477
0.302335
1.996191
0.775140
1.978907
1.605109
1.494085
1.646391
2.498354
0.023013
1.449346
1.863134
0.554766
0.791635
0.255929
1.299069
1.083274
2.257130
0.215769
0.138737
0.821315
0.360936
0.873121
0.010350
2.822091
0.015373
3.062553
0.111881
3.343412
0.595743
0.466170
1.310168
1.237035
0.270167
0.314144
0.847549
0.036540
0.046182
0.476089
3.071745
0.070296
0.155565
1.601839
0.680578
1.174300
0.024577
0.249603
0.434604
2.521081
0.536089
0.657823
0.653493
1.265651
0.066542
0.673484
1.074299
0.082981
0.585734
1.445249
0.045327
2.227012
0.147239
1.489614
0.921068
0.467862
0.045129
0.190486
0.526853
0.093496
0.803485
0.451299
0.170954
1.191724
0.176348
1.052155
0.489827
0.205735
2.053427
1.346099
0.111579
0.337816
0.250731
0.880328
0.004629
0.337075
0.078420
1.087912
0.455353
0.731321
0.557556
0.527787
0.529120
0.830814
0.204115
0.012866
2.780059
0.259752
0.206072
0.426952
0.382748
1.341168
1.240307
0.644653
0.570509
2.058686
0.134642
1.726140
0.060100
6.064703
0.825026
0.179018
0.334564
1.530372
1.383348
0.341038
0.072237
1.741180
3.037572
0.571754
0.420701
0.477137
1.867928
1.403606
2.877907
0.030653
1.457033
2.134640
0.299681
3.063997
0.260349
0.860290
1.176874
2.812117
0.053523
0.135272
1.672915
0.196121
2.967180
2.045085
0.193298
0.714020
0.035150
0.616397
0.347960
1.531561
1.382629
0.451870
0.937740
1.207749
1.604593
3.034517
0.084005
1.034470
1.224831
0.024621
1.123233
0.641060
2.364815
2.713844
0.556112
0.145316
0.714737
0.125932
0.078149
0.827353
0.280835
2.184573
1.350473
0.214926
1.419252
2.484659
1.216474
1.573322
0.472823
6.032303
0.859076
0.134494
0.448106
0.204488
1.754305
0.174581
0.147152
2.381038
1.633612
1.851701
2.686278
0.653062
0.380231
1.819538
0.533188
1.358143
3.617507
2.576333
1.974630
0.049531
0.666978
0.112088
2.745724
0.258285
0.355865
1.183854
0.155802
0.003165
0.666599
0.736119
0.000760
0.065067
1.040927
0.449296
0.284926
0.642160
0.738384
0.485755
0.480281
0.395848
0.258509
0.375795
1.642174
0.785470
0.163880
0.248089
0.338213
0.132739
0.155085
0.160338
0.189504
0.995334
0.293268
0.114770
1.952106
0.806565
1.621165
0.002299
0.813668
0.340914
0.740926
0.815384
0.433672
0.186571
2.518921
0.915804
1.032952
0.582622
4.171635
0.025765
1.462998
0.238728
0.413537
0.855431
1.412496
0.673048
1.582844
0.044393
0.952320
2.784939
0.212656
1.545457
0.840876
0.590129
2.255835
0.556333
7.346366
1.195826
0.560347
0.812214
4.299583
3.043170
0.120651
0.412944
0.130697
0.033671
2.782330
1.454840
0.643744
2.559788
1.570210
0.278573
0.145083
0.140057
1.703952
2.221144
0.969006
0.948419
2.732399
0.267481
0.800541
0.135250
0.021715
0.127358
0.849209
2.485243
0.790262
0.847703
0.952541
3.699455
0.136654
0.917958
2.625266
0.276260
2.796340
0.051395
0.320887
2.096164
1.696405
1.382991
1.608198
0.938171
4.867810
2.730319
1.344570
1.662559
1.750521
0.446112
0.549902
1.432353
0.902840
3.646123
2.187084
0.957279
0.098152
0.616192
0.760909
1.020994
0.032116
0.158995
0.954580
0.173560
1.376999
0.782210
0.512023
1.160378
0.898210
1.124585
0.829437
0.526549
0.552317
0.451703
0.018182
0.539046
0.354190
1.416199
0.257531
0.133046
0.124717
1.049925
2.170055
1.244228
0.978017
1.485386
0.397349
1.263840
0.266036
1.970833
0.441916
0.308148
0.007688
3.583538
0.552563
1.407819
0.723253
1.744369
0.583318
0.113763
0.694063
0.005678
0.727513
2.588175
0.460637
0.765521
0.417849
1.100746
0.345698
0.840674
1.569987
0.526832
0.246689
1.132523
0.129385
1.848713
0.600324
0.596501
0.820966
1.155038
0.370954
2.491207
2.998703
0.382114
2.201951
0.469484
0.075701
0.517920
0.223044
0.723323
0.716972
1.205232
0.735061
0.029081
0.981418
2.204029
0.829129
3.403967
0.814229
1.936863
0.766448
0.429202
0.308391
1.402244
0.027117
0.488960
0.907619
0.650315
1.807895
0.170207
0.178018
0.157736
0.076557
0.120160
0.622703
3.299884
0.669229
0.768764
0.457844
1.164165
0.052638
2.113003
0.491341
0.848166
2.383667
0.013506
0.618862
0.637446
3.920756
0.018635
0.396313
0.724665
0.457971
0.897900
0.313983
0.501183
3.878180
2.009803
2.058112
1.689090
0.022751
0.036019
3.250306
0.101141
0.160873
0.552943
0.061138
1.011965
3.248290
0.556278
0.392025
0.012514
0.364975
1.246558
0.877639
0.240257
1.294344
0.046756
1.154972
1.224503
0.066291
0.012211
0.250527
0.564888
0.928142
0.675461
1.747337
0.877128
0.441709
1.197553
0.509721
0.477323
1.322178
0.447185
0.645791
2.137455
1.538605
0.765845
0.730935
1.372309
3.262825
1.850583
1.422607
0.311300
0.810495
0.420302
0.656007
0.330290
0.492382
0.181539
4.372531
0.603258
0.196199
0.234445
2.158912
1.527231
1.204202
1.238950
0.457108
0.058829
0.524890
1.453395
0.573925
0.152948
0.135590
2.435458
0.024160
2.431769
0.593305
0.781787
1.074694
0.526314
0.486567
0.540449
1.129260
2.823948
1.429891
0.171748
0.250917
0.161926
0.391300
0.234829
0.922483
0.697103
0.541773
0.667516
0.335246
0.125964
0.219812
1.054765
0.192960
0.930669
0.541200
0.947201
1.376486
0.786908
0.743635
1.475811
0.610404
3.579810
0.376614
0.122695
0.480200
1.200932
0.761382
0.059822
1.020860
0.347636
0.243189
1.977813
0.585442
0.775874
0.073563
0.046683
0.042566
0.671791
0.760631
0.395283
0.935371
1.309182
3.827512
1.528065
0.408976
0.504490
0.502891
0.086872
2.829141
2.523701
1.928350
0.507174
2.225222
0.184441
0.720048
0.319237
2.021306
0.047354
0.402517
0.707719
0.415356
0.792396
0.460230
1.528019
0.090954
0.579433
1.764017
0.137669
2.644946
0.448279
0.607196
0.769058
0.095666
0.568031
0.385068
0.556699
1.769294
1.254620
0.713569
1.471779
1.006909
0.453689
0.184269
0.747836
0.761750
1.144318
1.608973
0.511941
1.301252
0.140725
2.384898
0.070105
1.134800
0.324018
1.902057
1.450103
1.260709
1.137509
2.244948
1.037154
0.041506
0.429538
0.201001
0.141436
1.525788
0.696521
0.818238
0.947000
0.243984
0.071388
0.482206
1.904840
0.568488
0.800439
0.474435
3.404297
0.264522
0.195614
0.457978
3.224796
0.369532
0.322053
0.028338
4.378525
0.803193
2.109311
1.398003
0.312864
0.816586
1.041222
2.455598
0.913093
5.564267
0.101232
1.311589
1.508318
0.911206
0.341646
0.495634
1.684490
0.443633
1.484549
1.095461
1.569823
0.391952
0.044347
1.421664
0.813487
0.249807
0.134819
0.727587
0.755004
0.513273
0.787165
0.728665
3.069806
0.550858
0.315200
0.251312
3.995787
2.492952
0.146655
0.868277
2.447635
0.264858
0.372419
1.178370
1.775764
0.917127
0.086686
1.035939
3.185280
1.940939
0.372110
1.388502
0.199298
0.437110
0.711798
1.337067
0.856015
1.008859
0.293448
0.111087
0.037527
1.605338
0.974414
4.646177
0.251959
2.234404
0.239047
0.228571
1.662198
0.429292
1.535520
1.286560
0.871593
0.100473
0.537856
0.531643
1.190480
0.691221
0.059186
1.062931
0.439229
0.459166
0.519378
0.768219
1.281175
2.457467
0.319581
0.353021
0.797872
0.750477
0.515129
0.883208
0.396065
0.025486
0.860259
0.797975
2.502349
1.558599
1.402793
1.303374
0.149196
0.773809
0.601784
1.274090
1.006045
2.026223
0.142342
0.400870
0.457607
0.210899
4.187819
1.282549
0.817200
0.494182
0.299528
0.329369
0.362806
0.760096
0.862892
1.924094
0.062128
3.944387
0.580779
0.489838
0.005817
0.017640
2.765167
2.575813
1.645346
1.174820
1.056399
2.912378
0.261199
0.110330
1.096520
1.996648
3.598254
1.602681
0.216258
0.415261
4.490773
0.197590
0.064541
0.792132
0.842166
0.387627
1.758775
2.067527
1.922188
0.520547
1.300094
2.452834
0.488479
0.183960
0.358426
0.497978
0.205201
0.272149
0.380016
4.902288
2.650505
3.455992
2.784242
0.173469
0.075699
0.926827
0.023747
0.046603
0.515564
0.245824
0.486728
0.496963
0.506226
0.593969
2.792729
3.394935
1.466217
1.454532
1.832326
0.975289
0.189098
0.838064
0.769741
0.818112
1.329854
1.820726
3.015485
2.538313
0.079423
0.310784
2.448430
0.005752
0.268627
1.909159
0.180314
0.368859
0.608783
0.208821
0.436972
1.957748
0.521549
1.344677
0.288280
1.627773
0.207325
0.209727
1.470071
3.133789
3.116438
0.941737
0.865988
0.136943
0.195410
0.123560
1.160646
2.441698
3.086162
1.015267
1.795692
0.031154
2.352007
1.376575
0.037089
0.151281
0.914675
0.224897
0.595786
0.056931
0.494069
1.623947
2.455325
1.590917
0.781447
0.179861
0.916028
1.307488
0.436659
0.462013
1.158200
0.370330
3.913820
0.308311
0.575317
0.171428
0.480530
0.132606
0.073136
0.409273
1.434998
2.348766
0.456561
1.098731
1.055758
0.515756
1.645584
0.289583
0.927232
0.295675
0.366387
5.152322
0.060654
0.249654
1.562914
0.919066
0.487017
0.494904
0.401388
1.344582
1.428602
0.016697
0.050078
1.348583
0.331107
0.666152
2.282106
1.088908
0.942913
3.456394
7.241194
0.465840
2.063331
0.455430
0.039884
0.744527
1.464367
1.872094
1.498191
0.467013
0.107774
0.086900
0.457826
0.175569
0.362637
0.171759
1.436029
1.170229
0.794490
0.097325
0.560464
0.368957
0.115746
0.649897
0.050175
0.496216
3.330334
2.934972
0.056133
0.855024
2.468929
0.055375
2.939721
1.552558
0.544201
4.284409
0.375909
0.208835
1.786276
0.094092
0.824621
2.727024
0.189990
2.644248
0.100492
0.648544
0.090755
1.950075
0.182599
1.007713
3.005297
0.906225
2.873368
0.061635
0.076723
4.883369
0.599555
0.038816
2.801751
0.704270
0.948813
1.928410
0.819619
0.820797
1.029782
3.867773
0.789961
3.129275
0.183401
0.475707
0.047146
1.306243
0.375626
0.247288
1.073254
0.525513
1.191641
1.365961
0.309907
1.989053
0.477732
0.244572
0.614573
0.390533
0.323979
0.761388
0.379406
1.300774
0.846426
0.294409
0.265542
0.203162
0.116140
1.573154
1.361693
1.396604
1.477117
0.342365
1.233796
2.801328
1.104023
1.405952
1.103932
3.995734
3.647761
0.395328
0.494877
1.109354
0.074083
1.069554
0.762289
0.600053
2.069881
4.897030
1.489528
0.163147
0.745522
0.094589
2.105481
0.101554
0.423550
0.118133
0.329091
0.606842
2.343744
0.024493
0.232556
1.126202
0.377033
2.480633
0.954533
4.049674
1.112233
0.333298
3.329194
1.035995
0.941567
0.437780
0.378855
1.143786
0.011436
1.888873
0.142263
2.164300
1.840671
2.376529
0.036357
0.456973
5.944845
2.452438
0.622447
0.419557
0.025666
1.361768
1.597474
2.650319
1.460967
0.005101
0.929145
0.085661
2.543354
0.248611
0.066852
0.897896
0.700292
0.029269
0.271416
0.120524
0.483497
0.805321
1.584419
0.502109
0.513853
2.624719
0.328389
0.278528
1.799797
0.379243
0.941365
1.784078
0.260764
0.076099
0.192021
0.294205
1.698640
3.586443
0.203644
0.879612
3.789418
1.557587
1.100066
2.290547
0.009518
1.316088
0.676020
0.719559
1.429880
1.305871
0.985042
0.155531
0.331452
0.547334
0.773894
1.151801
0.429322
1.707622
2.617782
0.202994
0.144245
0.769900
0.015891
0.452339
0.942162
0.211309
0.964268
0.557365
0.177667
1.624478
0.012417
0.151021
0.897326
1.137844
0.039738
0.920838
0.529853
0.755708
0.121995
0.188707
0.300275
1.352566
0.379811
0.779806
0.177852
1.929616
0.255457
0.717406
1.119324
0.165433
1.189744
1.649344
1.169294
1.242943
0.188363
0.356146
2.322194
1.562667
1.297968
0.066910
0.899948
1.344207
0.229276
0.205489
0.542565
0.279516
1.549123
1.772267
1.487984
2.327014
0.002025
0.034134
1.032368
0.382774
0.855815
1.643882
0.189744
1.611946
0.383833
1.872939
3.057061
0.014561
1.061758
1.028307
1.294342
1.747772
2.847625
0.988495
0.957796
1.105431
1.179555
0.235307
0.524562
2.277655
0.503225
1.754060
0.152366
0.202102
1.069975
2.470985
0.089270
1.075891
2.977040
1.306519
3.773963
0.742589
0.767894
0.162364
0.392481
1.929407
5.571932
0.325169
2.034250
1.050822
2.525519
0.904222
0.646623
1.980512
0.252324
0.097007
0.757010
2.472086
0.359711
2.798833
1.677005
1.195821
1.452644
3.087696
2.124712
0.549968
2.039387
3.379464
0.085599
1.708972
1.188012
0.060894
0.420175
0.262904
0.234388
1.101683
0.089870
0.229592
2.905591
3.104902
1.934419
2.004459
0.799207
0.402988
1.299266
1.484222
0.551874
0.298678
1.167682
1.295548
0.219800
0.697115
0.551295
3.306874
0.609492
0.362879
0.488414
0.394918
0.315072
0.631938
0.156903
3.364971
0.749752
0.669979
0.218929
1.333557
0.169566
0.332081
2.840507
0.106753
0.271470
1.595021
3.396787
1.551434
0.137856
1.183476
0.824116
0.804987
3.036326
0.288069
0.327336
0.161707
1.395416
1.213871
0.119548
0.234006
0.007311
0.691310
0.765519
0.325104
3.427123
1.139809
0.278372
0.683269
0.184404
0.579115
0.263312
0.392109
1.280769
0.190074
0.554468
3.216829
3.513172
0.497813
1.378224
0.104221
0.089847
0.370124
1.055207
0.038656
0.820167
2.674199
0.207304
0.373838
1.005102
0.356541
0.735125
1.025205
1.604385
0.057059
2.511146
1.454601
1.330224
0.176510
0.303192
2.343224
0.919835
0.679325
0.259227
0.390958
1.097042
1.061241
0.333391
1.011538
0.047212
0.031990
1.329211
0.141614
0.416782
0.489706
0.186284
2.307366
0.383065
0.441905
0.238751
3.041242
1.070305
1.320294
0.900175
0.608958
1.553082
0.718109
0.251787
0.742310
1.121275
0.661905
0.558563
0.322344
3.779818
1.068049
0.914150
1.030905
0.371492
2.142616
0.328027
0.440695
2.454994
0.015084
0.670320
0.294333
0.514439
1.074165
0.168950
1.274381
0.015730
0.458608
1.116635
1.116886
0.106228
0.309413
0.137867
2.199899
1.507100
0.432901
0.533025
0.602547
1.804889
1.839747
1.302452
1.674940
0.688088
0.396424
0.608800
1.649008
0.235635
1.330493
0.179330
0.132466
1.388793
1.057351
0.476487
0.165804
0.372575
0.764616
2.065019
0.395488
2.326107
0.789228
7.340712
0.003110
1.670923
0.137123
2.228320
0.892513
0.652988
0.364511
0.043910
0.378365
0.158534
1.474449
0.136622
1.033021
0.103555
0.876340
0.601168
0.368610
0.384706
0.957111
0.566289
0.072542
0.312828
1.668185
0.252008
0.866707
0.424493
0.100866
2.367821
0.285316
1.026524
2.360922
0.289455
0.604544
0.034388
0.155040
0.045052
0.720140
0.596170
0.091032
1.762211
0.905570
1.952678
3.124361
0.274119
3.134538
0.775945
1.176317
0.307592
1.959569
0.367572
1.194540
2.645839
0.858520
0.710431
0.164657
0.169458
1.927347
0.284701
0.064211
0.108353
2.202841
3.437651
0.436983
0.420357
0.001665
0.688432
0.489781
0.723564
2.932181
0.642931
0.420550
0.781777
0.404002
0.355746
1.524022
0.340854
1.826853
0.641985
0.806590
1.197864
1.520238
0.288721
0.986756
0.442468
1.424399
1.509735
0.720373
0.951434
0.027158
0.857132
1.260552
2.480561
0.784128
0.073130
0.300418
0.787779
0.839693
1.040526
0.062009
0.723351
0.128950
0.516575
0.058990
0.603927
1.213314
1.829150
1.355481
0.780603
0.375717
0.350692
0.274479
0.099316
0.790933
2.019271
0.601653
0.365176
1.039248
3.367497
2.522464
1.118015
0.779024
1.011264
0.890076
0.088426
1.226768
1.889596
0.993644
0.321471
0.684382
1.170861
1.559669
0.958625
0.097988
1.877831
0.072484
1.590269
1.160047
1.671827
0.412489
8.224276
0.114172
0.862824
0.099020
1.062687
0.589290
0.790474
3.228907
0.096025
0.717224
2.121411
1.446598
0.054500
0.726453
0.436965
0.148117
0.252495
0.226741
1.458628
0.689270
1.198890
0.611281
0.339470
0.378412
0.800031
0.144946
0.486087
0.425893
1.722939
0.219485
1.154590
1.721439
0.363792
0.304956
2.470611
3.204923
1.231425
0.619594
2.523696
1.607849
3.639403
1.609312
0.830829
0.027138
0.380314
2.504923
0.179657
0.775427
0.129188
2.686604
0.038274
1.712925
0.493040
0.393640
0.144695
2.812043
0.616805
0.733315
0.337898
0.330998
1.261440
3.559440
0.108683
0.021957
0.267082
0.018624
3.971558
2.856203
0.654483
2.312566
1.355553
0.605175
1.207205
0.366015
0.655455
0.017473
0.254667
1.036307
0.813767
0.424674
0.860680
0.902303
0.181137
3.392003
2.522843
0.357237
2.367408
0.478202
1.715240
0.214442
1.084404
0.769669
0.179789
1.447667
0.817694
0.509067
1.529396
0.775893
0.417726
0.306013
0.581070
0.087360
1.264586
0.152765
0.494559
0.221193
0.173152
0.954475
1.855823
1.258092
3.244261
0.546110
0.371310
0.135455
0.489652
0.261285
0.557001
0.347343
0.941716
0.283896
0.666399
0.317370
1.532423
1.052682
0.037515
0.419371
0.051233
1.715653
2.139167
0.496594
0.087495
0.390007
0.644457
1.616564
0.624771
2.004056
8.861803
0.977119
0.654308
1.854917
0.414622
0.581965
0.306981
1.048623
0.839059
1.054105
2.116261
5.290049
2.899196
0.672483
0.277222
0.564539
1.433382
0.026449
0.085969
1.601069
0.459882
0.141933
0.963573
0.288868
0.741750
1.211499
0.852932
6.703170
0.700513
0.039211
1.994994
0.700228
1.084882
0.421875
0.426273
0.001470
1.538909
0.945198
1.052823
0.435823
0.305022
0.756231
0.428058
0.232973
0.020333
0.892427
1.019441
1.521550
0.958263
1.278628
0.867372
4.205263
1.923472
0.221169
0.269151
0.474207
2.309289
1.659722
0.472238
0.518081
1.885591
0.274937
2.384505
0.714001
0.878427
0.294273
0.717005
0.461954
2.012339
0.177736
1.284521
0.138363
1.182223
0.074124
0.411045
1.250127
1.084067
3.740009
0.683511
0.326041
1.196755
0.078074
0.305585
0.802356
0.319549
0.691707
2.650016
0.191392
0.369742
0.364915
0.864005
0.171201
0.789933
0.666300
1.101618
0.140054
1.352171
0.197786
0.694424
0.935591
0.418992
0.253416
1.335083
0.036347
0.349980
0.076780
1.383203
3.148426
0.051454
0.280223
0.268278
1.378244
0.384911
0.690375
0.356257
0.898972
6.161649
0.260141
1.457592
0.366694
0.765292
0.424240
0.624231
0.084390
1.784552
0.141556
0.237770
0.852025
0.373165
1.245676
0.199788
1.060562
2.750569
2.500541
1.169357
0.263193
4.811657
0.577428
0.208854
0.042926
1.148992
0.551285
1.560635
0.002536
2.556228
0.093986
0.905215
2.529415
0.383844
0.450592
0.257829
1.921167
1.232654
1.176357
2.725566
0.777856
1.734963
0.157949
0.121106
0.145074
1.954471
0.349778
1.554857
1.582159
0.239673
0.650498
0.026216
0.229389
2.487391
0.241259
0.283688
0.916084
1.016534
0.037697
0.922435
0.822245
0.135477
0.220641
0.655563
0.589621
0.822675
1.231424
0.355285
0.313652
0.510364
0.265943
1.659874
0.252722
0.477430
2.575664
0.443725
0.271789
0.247247
0.159158
0.032992
0.565928
0.981769
0.060099
1.013760
0.781379
0.318404
2.155428
0.153318
2.417364
2.540109
1.364899
0.637523
0.049025
2.857520
3.041781
0.679846
0.699837
1.079909
1.571814
1.480872
0.061978
0.026189
0.873226
0.333256
0.519990
0.705816
1.026584
1.031304
1.292246
1.555469
1.126741
0.171398
0.534883
1.325167
1.583098
3.134715
0.006956
1.135717
0.103841
2.498307
0.916167
1.852940
0.492946
1.043537
1.540908
0.417678
0.152101
0.341290
0.001801
2.709504
0.063694
0.063895
3.201023
1.033122
0.423593
0.453741
0.162990
4.349060
0.008245
2.085439
1.496068
1.152405
0.033827
0.211033
0.541912
1.759817
0.158692
0.553902
0.706703
0.281530
0.420183
0.112813
0.092769
1.317697
1.404360
2.074730
0.076530
2.259278
0.178597
0.078474
1.766117
0.255234
0.147770
1.552509
2.035393
0.659094
0.166098
0.019970
0.634428
0.175841
2.258749
0.282034
1.866734
2.641990
0.572710
0.306168
1.413477
0.874060
1.168073
0.305760
1.760945
0.032634
0.462224
2.485471
1.445435
0.133068
1.566011
1.820352
0.020375
3.094011
2.447675
1.891623
0.198384
0.052216
1.014612
0.050574
0.762619
1.563003
0.071590
0.003324
3.031200
3.341223
0.286443
1.595113
2.238549
1.155422
0.062782
1.050083
0.311731
1.385839
2.447928
0.100858
1.523232
0.333581
0.012733
0.790430
0.524656
1.628498
0.485128
0.559333
1.420704
0.353661
0.325153
2.787115
0.428882
2.465577
4.399564
2.139786
1.222592
0.058482
2.168387
1.070831
0.021644
0.144689
0.605852
2.462731
1.713599
0.724106
0.832155
0.091683
0.308060
0.650886
0.202783
0.048269
1.435749
0.218401
0.900105
0.186696
10.521660
3.810130
0.913080
1.420593
0.322607
2.089871
1.193463
0.979511
1.567035
1.153748
0.706892
0.686909
1.352290
0.498343
0.167410
1.438699
0.749023
0.937868
1.131844
0.426111
0.132139
0.277667
0.570153
0.492510
1.276069
0.962611
0.572758
0.659578
1.683638
0.029949
1.059106
1.683493
0.007387
0.290283
0.850281
0.332821
0.137247
0.314075
2.381705
2.520521
3.080930
0.535174
0.538631
1.188874
1.644525
0.845369
0.612858
0.406567
0.197402
0.145906
1.142638
0.360856
0.475157
0.122829
1.177104
0.104339
1.323096
0.136808
0.872299
0.794058
0.171224
0.268199
0.449839
0.179997
0.667856
2.732968
0.593898
0.955651
0.228797
0.439181
0.765762
0.172680
1.469104
3.025657
1.924348
0.859826
0.738302
0.374299
2.417230
1.208030
0.594190
0.896133
0.004144
1.749866
1.229085
1.190613
2.594043
0.581839
1.736290
0.707841
4.521155
3.973609
1.356882
0.432928
0.157733
0.261015
0.337386
0.900789
1.865421
0.675064
2.979603
0.478341
1.048307
1.269598
0.402964
0.700168
0.350721
1.922360
1.691338
0.231492
0.809576
0.306141
1.601998
0.818911
0.094223
0.705111
0.294443
0.015320
2.938912
0.082166
0.739183
2.752006
0.061956
0.307931
0.339106
0.230668
0.682730
0.853221
1.608179
0.415414
0.067033
1.382043
1.273404
1.252830
0.631094
0.053175
0.245649
1.443119
2.359420
0.034105
3.522054
0.617072
0.352751
1.465198
0.019761
0.489665
0.321465
0.321060
0.514785
0.251017
0.436184
2.588495
0.172202
0.533713
0.210598
0.590201
0.966462
1.154120
0.019941
0.543558
0.024906
0.088371
0.184231
1.365399
1.603871
1.011280
1.592126
0.016827
0.510921
1.210771
0.051522
0.462858
0.177347
0.426890
0.150225
0.200988
1.326641
0.535119
0.610090
0.147345
1.011676
1.661781
0.063868
1.582709
0.253314
0.290047
0.274919
1.853737
2.755717
0.301253
0.304721
3.245090
0.422644
0.563747
1.223346
0.154985
0.069537
0.697684
0.174661
0.629668
0.228528
0.236325
1.818615
0.456980
0.816311
3.782563
0.796032
0.346121
0.496982
0.005598
0.561378
0.028427
1.691635
0.676189
1.729400
0.040361
1.359536
0.065046
2.144787
1.138362
0.390209
0.157330
1.023574
1.101937
0.859214
0.425332
1.667836
1.031926
1.888564
3.561497
0.117558
0.054464
0.200990
2.969303
0.544406
1.347150
2.602294
3.464084
0.033136
0.382040
3.660524
0.620214
0.423975
1.560947
3.070869
0.184126
1.769727
1.193492
0.262851
1.246628
0.472400
0.807949
1.952672
0.017337
0.251031
0.570241
0.451983
0.033916
0.081525
0.238696
0.004963
0.209736
0.308365
0.207061
0.148341
1.155712
2.617979
0.065883
1.060926
3.209995
0.480122
0.989254
0.547860
1.297740
0.541644
0.470697
2.253986
0.284792
0.075017
0.134863
3.227841
0.595600
1.140662
1.706293
0.627276
2.326822
0.291788
1.769548
2.744841
0.402516
0.042841
2.825013
0.735150
0.367142
0.136647
1.074200
4.886915
0.056329
1.280813
1.039364
0.014520
0.109235
0.320848
0.573107
1.773913
1.179850
1.669519
1.292266
2.821854
2.153601
1.907280
2.311237
0.404520
0.759093
1.270554
1.602750
0.569698
3.589850
0.989528
0.462107
0.362063
1.109220
0.372133
1.739137
3.793017
0.577071
0.659243
3.504154
0.679701
0.229345
0.957759
0.708558
0.368786
2.213790
2.880186
0.149380
0.875603
1.408695
1.995915
0.742114
1.020187
1.257469
0.552960
3.581828
0.284402
0.155578
1.473305
1.145200
0.123838
0.509295
0.053279
0.545139
0.071780
0.450392
0.280464
0.047865
1.614859
1.299470
0.016806
0.348583
2.692220
1.002157
1.619282
0.275353
0.741555
1.369771
0.477156
0.113188
0.695896
0.279139
0.996717
0.151806
3.198885
0.057276
0.119933
0.231590
0.222825
2.152904
2.194341
0.380123
0.332588
2.820986
1.333554
0.434172
0.361077
3.964779
0.509055
0.109989
1.232206
0.537173
0.508277
1.023378
0.049731
0.223678
2.131300
0.848965
2.923645
0.302148
1.136811
0.593547
0.701859
0.371166
0.887899
0.622743
0.455291
1.208989
1.109443
0.833518
0.880332
0.818315
2.134569
2.027147
0.691705
0.962768
0.249088
1.621274
0.914276
0.966073
2.369893
0.367512
0.035656
0.363812
2.959708
0.087239
0.704018
1.768921
1.066198
0.600875
0.094591
0.407734
2.295645
0.902860
1.035397
0.669009
0.059878
0.010708
0.209839
1.303345
0.858336
1.490056
0.338560
0.612190
1.029821
1.544036
0.079046
1.990829
0.888762
1.124534
0.659410
0.683880
4.059428
0.729543
1.611054
2.672303
0.919830
0.364892
1.428743
0.297191
1.416329
1.901428
0.896347
1.069152
0.589213
0.270310
0.156051
0.699884
0.284365
0.406120
0.263621
1.735237
0.114749
0.731761
0.330561
1.391665
0.364450
0.442361
0.953881
2.246744
0.033224
0.102698
0.493644
0.015540
0.955736
0.210628
2.924839
0.244474
0.684492
1.226617
0.642420
0.291758
0.815002
0.068198
2.405184
0.002601
0.360657
0.055762
0.705128
0.799153
0.491033
1.338228
0.468296
0.686004
0.296560
1.065402
0.284693
0.825651
0.012977
1.984216
0.609371
0.046643
3.221675
1.870215
0.062930
0.857038
0.036492
0.007345
1.572464
0.758194
1.251884
0.309858
1.534973
0.316625
0.404026
1.185117
0.320197
1.008283
1.380414
1.513895
0.205114
0.146798
0.729062
0.819565
1.002250
1.488405
0.241801
2.126130
0.409952
0.258357
1.359510
1.573229
0.319176
1.215119
1.017590
0.406831
0.326989
1.121992
0.417884
0.074050
0.230492
0.057201
0.412224
4.645580
0.395998
1.109260
1.154185
0.918758
0.364350
0.567769
0.479544
0.674909
0.843372
2.288417
0.051477
0.226512
1.117308
0.307833
0.087075
0.009201
0.678540
1.752185
1.618398
1.451985
0.754875
0.580388
0.105514
1.654638
0.121816
0.582857
2.122045
0.386466
0.687752
0.245948
0.372430
1.738902
2.191352
5.432466
0.553859
0.215159
0.560084
1.640964
1.153229
6.558388
1.220034
1.326360
0.224735
0.474205
7.642245
0.335002
0.489030
0.677594
0.117961
0.208949
0.298484
1.024989
0.991236
0.443472
0.597907
1.360902
1.608913
0.400854
0.066264
0.352669
0.794713
0.470097
0.129513
0.573630
0.463125
0.791309
0.994551
1.607067
0.435341
0.377599
1.600018
0.059470
0.050297
7.384067
0.571561
0.049792
0.334135
1.726735
0.778130
0.503042
0.010757
1.603424
0.037194
1.020489
0.170776
0.666602
0.483133
3.143873
1.697184
0.592883
0.293129
0.454273
1.727811
0.470886
1.617542
0.214448
2.554901
0.565149
4.898016
0.321937
1.371285
1.563728
0.404953
1.586074
1.560765
1.462522
1.856908
0.076954
0.892781
0.485452
0.633707
0.919254
0.202575
0.704997
0.275444
0.416068
4.884829
0.977945
0.352753
1.656744
0.073846
0.801453
0.191562
2.239727
2.615578
3.727446
0.090500
1.891632
0.523692
0.082365
0.132881
0.167106
2.037993
0.611425
2.979111
1.078030
0.255888
1.575072
1.323515
1.694213
0.195515
0.227128
0.540323
0.447794
1.234676
1.073543
1.208410
1.209021
0.331455
6.555133
0.714885
0.435883
0.798287
1.155446
0.283450
0.647744
1.081840
0.405483
0.394451
0.071173
0.531725
0.598529
0.251786
0.331452
2.383832
0.188442
2.844801
0.143380
3.345535
1.125951
2.992366
0.153556
2.110620
0.457714
0.699791
0.886509
0.025806
0.228959
0.341672
0.367588
0.227172
1.610291
1.081473
1.398841
0.664081
2.382968
0.261225
0.158155
0.275844
0.811575
0.242049
1.059809
0.006242
0.575491
2.742600
2.453708
0.939873
2.099248
0.048771
0.853506
0.805438
5.964734
1.260291
0.565537
0.453664
0.248127
0.020053
0.494591
0.552305
0.370009
1.196591
0.987773
0.115908
0.444229
0.479185
0.903118
0.309799
0.943159
1.350845
0.708208
0.182057
3.122668
0.175487
0.189550
0.500103
0.101534
0.090685
0.002858
3.649687
0.144211
0.860230
0.748889
0.141250
0.347239
3.195487
0.686035
0.719703
3.858798
2.176928
2.772295
0.339928
0.878003
0.832585
0.506869
2.865926
2.914863
4.868811
0.235058
0.812815
1.321616
1.262128
1.283156
1.168788
2.102923
2.258638
0.086417
3.667126
4.028644
0.089534
2.965221
0.123860
1.086420
0.645423
0.285317
3.122234
0.570245
1.365141
0.633077
0.533616
0.997680
0.521762
1.209650
0.242905
3.561457
0.104605
0.172835
2.493638
0.096111
0.459180
0.642043
1.742588
0.088992
0.218931
0.721937
3.298150
0.096654
0.908765
2.772568
0.077239
1.147657
2.171115
0.211744
0.423423
0.448648
0.578127
0.358304
1.590233
0.202982
1.470477
0.235269
1.687256
0.194447
2.422943
0.031106
0.160536
0.010717
0.209920
0.067962
0.107915
0.815426
0.775415
2.620448
1.029170
1.332223
0.582357
0.930758
1.761656
0.039154
0.783606
2.328633
1.276609
0.560705
0.098053
0.068511
1.564000
0.760252
0.457848
0.883883
1.259341
0.147967
1.591922
0.757435
0.377243
1.230336
0.824987
0.620944
1.267499
1.390745
0.751342
1.719038
0.369123
0.070159
1.378292
3.023228
1.628950
0.209994
0.814414
0.999956
0.258523
0.105744
0.765021
2.972544
0.754042
0.989062
0.015158
0.386018
0.174980
0.481914
2.375869
2.093013
0.733845
1.215817
0.523940
1.796919
0.529903
3.492547
0.352049
0.139036
1.275422
1.743091
3.007089
0.029785
2.232835
1.199171
3.947766
1.192837
2.188960
0.771765
0.398606
0.123044
1.016522
1.990850
0.066784
0.183548
0.676281
0.082997
0.669293
1.055615
0.619983
0.502520
0.752275
4.016654
0.103726
2.757092
1.693787
0.713077
2.365531
0.119834
1.020733
0.985607
2.779872
0.892168
1.067502
1.776257
0.340787
1.012900
0.749443
0.194503
0.191935
1.938742
0.346063
1.675515
1.271309
0.441820
3.936113
0.237029
0.574086
0.631874
1.988161
2.290925
1.990707
0.497185
2.127070
3.268307
0.397919
1.193996
0.638271
0.267075
1.660332
0.118180
1.974517
1.377841
1.209649
0.728371
0.864190
4.655174
0.167403
0.112024
0.183015
0.398659
3.272605
0.615772
0.152649
1.144536
1.697782
0.130160
2.231751
0.292616
0.892697
1.409410
0.165487
0.604864
0.159550
0.033901
0.537479
0.645798
1.310537
2.185476
1.238357
0.777070
6.948679
0.847025
0.339855
1.206436
0.092792
2.015407
1.175145
0.278072
3.601274
1.955245
0.847554
2.730349
0.383087
1.248646
0.958238
0.145208
1.802731
0.711498
0.492411
0.554433
0.307618
0.779506
2.115721
0.531499
0.854962
0.349890
2.189545
0.363880
0.201884
0.911732
1.866101
0.200710
0.185708
0.143179
2.142069
0.298542
0.000135
0.852880
0.694865
3.606222
0.566135
0.075151
2.382162
1.388420
1.539463
0.742508
2.168824
0.969311
0.033735
0.320945
0.047362
0.353789
1.692301
2.599801
1.238748
0.495289
0.249675
0.912013
1.189513
0.517105
0.218725
0.778497
0.880939
0.455614
1.121796
0.631478
0.978278
1.122209
0.042917
0.133417
1.042098
0.643012
0.219770
0.809536
0.254665
4.062893
0.082313
0.117109
0.924970
0.118996
0.486212
1.049007
0.527914
0.224336
0.856669
0.128309
0.895407
1.591461
1.268349
0.338539
0.223304
2.467011
1.760805
1.540538
0.330038
0.697957
0.292934
2.355409
0.194604
0.350888
0.030506
1.737985
1.470679
0.257919
0.476522
5.309303
0.235904
0.612632
0.111565
1.679860
0.844589
0.674552
0.622343
3.933853
1.176256
0.039511
0.106306
0.332857
1.802493
1.712329
0.844706
0.035877
1.326958
0.508179
1.720230
0.015947
2.310709
0.077858
2.537872
0.080829
0.463372
3.016163
2.320485
0.152070
0.196445
0.329664
0.146329
0.491836
1.342898
0.276667
0.225768
0.369874
1.317921
1.094854
0.341941
0.551435
1.217910
0.495052
1.227599
0.774932
0.235743
0.324790
0.854503
2.895578
1.126181
0.503321
3.232803
0.859296
0.635604
2.133001
1.061861
1.840272
1.786951
0.811846
4.034065
0.010943
1.812763
0.126045
0.509794
0.857337
0.446471
0.919992
2.161848
0.096981
0.310459
0.191764
0.726298
3.541889
0.832315
0.252712
0.713975
1.491543
0.694407
0.088625
1.271923
0.194022
0.654488
1.140250
1.397964
3.009354
0.825034
0.522711
1.569747
0.501387
3.298229
1.488105
0.519519
1.608683
2.231422
1.632576
0.470897
0.291345
0.520964
0.301708
0.423377
1.117617
0.570831
1.976686
1.032777
9.242957
0.088592
0.167578
1.491113
0.880467
0.273254
0.682377
1.434524
1.270800
0.192186
0.722930
1.108873
1.334183
2.547983
0.619844
0.140339
2.161191
0.269412
0.768151
1.154107
0.137879
0.416584
0.062109
0.480520
1.373405
0.386642
1.297209
0.544208
1.408990
0.887166
0.065800
1.408594
1.117673
0.245863
0.755855
0.298906
0.610778
0.025294
0.020348
0.194149
0.222924
0.765317
1.874278
2.755940
0.609862
0.368901
0.069765
0.417618
0.786749
0.925124
0.026393
1.119244
2.886378
0.090217
0.056582
1.174346
0.522447
1.521967
0.117295
0.177385
0.461872
0.191596
2.501713
0.043802
0.498124
0.595017
0.358430
1.893141
0.641359
0.387678
0.026207
1.118553
1.939214
2.058863
0.940836
0.375068
0.199558
1.130369
1.061732
1.293111
0.329343
1.140032
0.509256
0.254667
1.454393
0.605263
2.474617
0.190423
0.268909
0.026839
0.409372
0.930602
0.224196
0.293014
1.045661
0.899364
1.212123
2.991100
0.584425
0.193414
0.316270
0.631940
1.891183
0.136187
0.416791
0.613976
0.579957
0.737619
0.146057
0.098960
0.284132
0.538702
1.489048
1.039562
1.025327
0.778423
0.105871
0.814469
1.252676
0.409844
0.876128
0.051497
2.846103
1.534560
0.362667
0.892746
0.474207
0.006639
0.777047
1.715883
0.201475
1.667996
0.340571
0.032092
2.791905
0.992841
0.674106
0.476059
0.163962
0.984247
0.640545
0.508426
0.043716
0.284231
0.045991
1.152314
1.552481
0.157132
0.276044
0.698238
0.657113
1.741989
0.804599
0.550926
0.939759
1.944316
0.014154
4.335083
1.991666
0.808093
1.645554
0.047100
0.455183
0.100627
0.080766
0.362929
1.291738
0.839281
1.149286
2.090972
0.215993
0.169759
0.321572
0.270541
0.516742
0.385575
2.539935
0.212967
0.626141
0.177154
1.185335
2.937533
4.356555
0.283808
0.462969
0.907468
0.109819
0.485552
0.875520
3.427625
2.795827
0.495033
0.013637
0.363274
0.665880
0.095559
0.938965
0.237479
1.076208
0.345459
0.091917
1.919863
0.594636
0.450689
0.094757
1.909032
1.148070
0.011602
0.044572
0.160287
0.191020
1.339219
0.099936
0.175618
4.202298
0.626784
1.416822
0.093259
1.899359
0.416836
0.058242
1.557183
1.314235
0.072703
0.098578
0.245260
0.175852
1.213493
0.560166
1.716869
5.287845
0.727128
1.120077
0.585521
2.116237
1.444565
0.349501
0.826147
1.494708
0.413327
1.239145
2.987162
0.079588
1.637183
0.117243
0.063518
0.316308
2.026071
0.163208
0.129540
0.234481
0.232139
2.416558
2.819078
0.324743
0.004657
0.171783
0.577224
1.229254
0.883639
0.299643
1.212128
0.109177
2.698041
0.157380
4.071288
1.193409
0.580857
0.787924
0.639606
1.510203
0.295150
0.548302
1.935434
0.062996
0.760785
2.491094
0.403794
0.512240
0.070171
0.604622
0.941267
0.321487
0.453329
0.798965
0.803447
0.460667
1.231153
4.684457
0.079722
0.349229
0.287255
1.509879
0.507825
0.201312
2.586062
0.479878
2.113259
0.454548
2.608479
0.433335
0.155952
0.200812
1.486010
0.000038
0.278375
0.365898
2.491554
0.856150
1.228521
4.198688
0.029351
0.381468
0.300990
0.499911
2.020023
1.672015
1.437811
0.856588
1.624014
1.827468
2.041451
0.054006
0.962971
0.312462
0.267770
0.782912
1.048389
0.121120
2.388056
0.857672
0.626852
0.054025
1.417931
0.273721
0.054065
0.000773
0.789399
3.501525
0.857970
0.291900
3.097397
0.928623
0.844665
0.241751
6.387856
0.575624
0.027248
1.430753
0.013124
1.770628
0.916418
2.147275
2.140021
0.246277
0.164350
0.124729
1.432217
1.614715
0.263102
1.106886
0.473055
1.194239
1.280152
0.144667
2.757048
1.490032
0.145560
0.658559
1.364468
1.242852
1.330142
1.201698
0.380298
0.365080
2.454161
0.377841
1.360648
2.829280
0.078537
1.412817
1.472805
1.125726
1.020934
1.058621
2.243157
1.566839
1.471112
1.064496
0.897343
0.001668
0.392319
3.481962
1.199756
0.047633
0.109751
1.008552
1.721212
0.273654
0.125174
0.833868
3.012769
1.918801
0.307818
0.310865
0.173254
0.197251
0.871911
2.328740
0.127788
1.071134
1.076240
2.213463
0.404910
0.355057
0.784703
0.257270
0.094490
0.376987
2.136549
1.147314
0.379419
0.231238
1.054877
0.014579
0.291644
1.409388
1.049043
0.077007
5.320928
1.458366
1.020959
2.917964
0.969167
2.350741
0.239710
1.512661
0.087430
1.584705
1.146517
0.227750
0.602159
0.417614
0.099109
1.538677
1.022347
1.016389
0.012250
1.310865
3.040214
2.245390
0.532603
0.311861
0.105987
0.066877
0.331830
0.436227
1.717006
2.689977
0.557997
1.690153
1.202312
0.069775
1.433240
0.385813
3.579057
3.673355
0.105115
0.057433
1.467941
1.523434
0.300419
0.250993
0.131729
0.436720
0.007334
1.442535
4.821859
0.019675
0.681387
2.884612
2.448728
2.375268
0.238308
0.014261
3.564900
0.682070
0.458374
1.570685
0.556081
1.586381
0.935489
0.134731
1.985818
0.460562
0.590864
1.800778
0.421107
0.789506
2.213152
0.120227
0.397451
0.162680
0.408349
0.600368
0.701148
0.419403
0.242151
0.685045
0.449485
1.234941
0.579919
0.322467
0.957525
1.055829
0.342209
0.886389
0.158441
1.071452
0.477964
0.851147
0.602986
4.386976
1.201059
0.379149
0.441040
0.156977
0.162973
1.205016
1.175085
0.041896
1.679825
0.019362
0.212163
0.161163
0.635948
1.187940
0.676108
1.157182
0.212060
1.920394
0.502159
0.997338
0.138218
0.010996
0.333009
0.542817
0.913281
0.561703
0.079455
3.851394
0.002842
0.753332
3.390603
1.210536
1.862788
0.390002
1.878879
5.328070
0.023532
0.773156
0.036848
1.813090
0.815591
0.257921
4.247311
0.028594
2.557415
0.648374
1.251128
0.120563
0.401307
0.114957
1.365389
0.615531
0.127301
0.028353
2.108148
1.267002
0.611969
3.099264
1.194270
0.617216
0.661886
1.088820
0.177356
0.398812
4.292638
0.009805
0.391606
0.009635
0.794523
0.446610
1.873659
0.111854
0.885642
1.784605
0.143887
0.713443
0.369965
1.882773
0.977168
1.021087
3.133336
0.459409
0.104742
0.078999
0.504675
3.815822
1.581258
1.924258
2.701542
0.676013
0.377711
0.539603
0.168118
0.648346
1.370042
0.152076
0.667182
0.072499
0.163302
0.035680
0.562365
5.844657
0.151842
0.017849
1.767504
0.321432
0.750218
0.149060
0.130932
0.164121
1.506337
0.082459
0.733353
2.101461
0.168548
2.476968
1.935880
2.983672
1.469756
1.554007
0.581163
0.088383
0.230195
0.905099
0.824807
3.026704
1.333986
0.049745
0.021692
2.182497
0.087279
0.600747
2.157144
0.254188
0.633538
1.250318
0.691837
5.817617
1.911009
0.973040
0.160622
0.995194
1.208041
1.102893
0.709420
1.940219
0.877294
0.452201
1.638459
0.437128
0.165316
0.282991
0.577503
0.443160
1.844979
0.000382
0.370369
0.864045
0.050146
0.401939
0.626960
0.142126
1.525910
0.430985
0.441521
0.290173
0.065838
1.939937
0.286205
2.474404
0.650767
0.506298
0.789956
0.197930
0.067603
0.055730
0.036560
1.048284
0.541249
1.842764
0.003579
0.844793
0.092219
0.583888
2.635949
2.660196
0.584573
0.271637
0.710521
0.676420
0.841295
3.665097
0.978309
0.432978
0.392346
3.963104
0.924552
0.491428
1.815742
1.911775
0.362456
0.379267
0.286962
1.898253
0.683613
0.378085
2.347328
0.757387
3.332303
0.389132
0.466380
3.437718
2.232205
0.617716
0.527864
1.720691
0.495758
1.915914
0.060735
2.297623
0.422141
0.988257
2.070687
3.454993
3.872815
0.221184
2.983970
0.873450
0.883530
1.545015
0.570352
2.213781
0.107951
1.152435
1.350476
0.910156
6.869648
1.036367
0.137710
3.303628
3.430021
0.695911
2.675280
1.968417
3.275584
0.417410
1.143755
0.435557
0.215723
1.348254
0.291153
0.773058
0.458996
0.135246
0.706867
0.426610
0.392939
0.609213
2.656029
2.425983
0.278277
0.453260
1.621117
0.423489
0.049800
0.783521
2.860855
0.048709
0.208827
0.074108
0.010850
0.169695
0.850524
2.845662
0.016536
0.765748
0.332893
1.196600
2.190240
0.648547
0.576408
0.151647
0.015718
1.640766
0.310893
0.739000
0.166587
0.896827
3.845766
0.086892
0.700669
0.250441
0.593612
0.365383
0.836519
0.685678
1.892296
0.712461
0.784808
0.038469
0.869869
0.808747
0.215444
0.167002
0.686149
0.235997
1.167373
1.512501
2.385933
0.860210
0.296839
0.424776
1.264556
0.318048
0.165172
4.189320
1.583969
0.364855
0.860340
1.484881
0.492539
0.084174
5.301012
1.811543
0.489061
0.825075
0.404740
0.269282
0.074036
2.092666
0.319945
1.056575
0.564273
0.630413
1.640712
2.627139
1.132723
0.683147
1.228801
0.881508
0.074617
3.329625
2.687154
1.558444
0.270007
0.087933
1.488903
0.031972
0.494101
0.432880
1.634433
1.508722
0.565793
1.609191
0.955566
1.708641
0.449023
2.961432
0.056529
0.567591
1.742383
0.398646
0.089341
0.295881
1.591598
2.222151
0.203143
0.642920
0.488736
2.218204
0.061968
0.613413
1.933709
4.829928
0.285068
0.096527
0.079250
0.022672
0.131797
0.627493
0.468051
2.636917
0.280877
1.639222
1.303311
1.968147
0.980182
0.094440
1.653075
1.138553
0.740716
1.003585
0.008526
0.938265
2.203291
1.634191
0.693784
0.076233
0.327304
2.179634
3.340915
0.414338
0.423757
1.714713
0.402323
0.900058
2.430412
0.523279
0.956777
0.036125
2.067490
4.570723
3.321435
0.125989
1.587278
1.178526
3.847189
0.545202
1.525029
1.547403
0.105353
0.364726
0.545826
0.114831
2.456982
0.371351
2.446146
0.535503
0.483856
0.213823
0.358880
0.428007
0.758712
1.041172
0.184137
1.987527
0.274981
0.083574
0.315248
1.939918
0.122911
0.155356
1.870373
0.082900
0.304171
1.025693
1.477642
0.275655
0.063715
0.807908
0.028529
0.176405
1.964849
0.595590
0.314991
1.487795
1.422796
0.202824
0.209185
0.153802
0.471743
0.673927
0.674820
2.383980
0.147637
1.075667
1.473087
0.474284
1.343645
0.042047
0.266513
1.929403
0.204646
0.083259
2.722992
0.592993
1.277762
1.224676
1.165570
1.528169
0.301588
1.260122
2.896591
0.128038
0.180495
0.242063
2.247244
2.578393
0.508447
0.086718
0.068989
1.490134
0.851818
0.815122
1.147197
1.240006
0.243786
0.603778
0.092430
3.111181
0.682075
0.388963
1.661873
1.137865
0.514378
1.364685
0.135622
0.131781
0.599085
1.687843
2.370168
1.241477
0.758139
1.905985
1.779177
1.192723
0.068619
1.292924
0.969454
0.625281
1.653377
1.162744
0.273840
0.481201
0.280756
2.551313
0.097146
0.618285
0.470449
0.199504
0.538855
2.038004
0.699374
0.257218
0.796751
2.356316
3.552237
1.127123
0.029119
0.548225
0.675539
2.736969
0.142795
0.022839
1.544388
3.332365
1.270065
1.916472
1.170617
0.415359
0.382379
0.689996
0.027648
0.814885
2.123444
0.317533
0.652640
3.610347
1.321216
1.928330
0.167024
0.162252
1.288517
1.069804
0.472525
0.319557
0.825892
0.427578
2.987078
0.893684
1.469410
0.581039
0.746733
2.333118
0.622249
0.374905
2.019654
0.201444
0.180947
0.814463
0.738871
0.660261
0.057147
0.797656
0.041440
2.747719
1.724140
0.733811
2.395618
0.809373
0.469257
0.064757
1.219547
0.104088
1.271640
0.084698
0.465826
0.330985
0.560582
0.388533
2.060725
0.221972
1.438145
0.508705
0.107662
0.256049
1.242615
3.485699
0.524834
2.094692
0.747584
2.669220
0.446562
0.872359
0.654523
0.512108
0.729732
0.359513
2.534434
0.556600
1.943841
0.349879
0.672462
0.824357
0.501009
0.234683
1.029159
1.454420
0.675234
0.074525
0.092569
0.451930
0.315914
1.904115
1.436862
0.466724
0.080063
0.641882
0.419029
0.664149
0.431693
2.031074
0.537824
1.240521
0.599368
2.266181
0.118261
3.467434
0.220991
0.032760
0.503599
0.056701
0.396688
2.164551
0.958693
1.278469
0.099132
0.300158
0.669433
0.880296
0.402143
0.858999
2.974776
0.921286
0.557673
1.242259
3.686494
0.701990
0.204528
0.381634
4.574675
0.766920
0.205869
0.520325
0.282795
1.013082
0.359486
0.442951
0.930655
0.693630
0.494445
0.001354
0.810501
1.264241
2.176408
0.188707
0.578182
3.959579
0.564350
2.618447
0.835330
1.437106
0.700168
0.724039
0.453153
2.673045
0.256802
0.414484
0.571567
0.530087
1.068784
0.553473
2.937563
1.849186
1.776219
0.214842
0.653035
0.142357
0.801160
0.089095
1.002202
2.835018
0.090575
0.208618
1.075371
3.617343
0.446703
0.103043
3.080744
1.567991
0.025314
0.734685
0.807261
0.751824
0.036201
2.504712
0.615173
0.303855
0.297894
2.252013
1.119260
2.455669
0.385461
0.968858
1.413990
0.163209
1.681013
0.269666
0.333062
0.454141
0.388028
2.479373
0.365700
0.524588
0.110372
3.355791
0.480210
0.625049
0.065104
0.408603
0.296119
0.092144
1.936314
1.661907
0.958468
2.219339
1.303882
0.079014
0.166469
4.279043
3.533092
1.753481
2.305974
0.343405
0.592965
1.070513
0.582027
0.302631
2.239917
1.289203
0.983861
0.242249
1.023636
2.694512
0.976412
1.367327
2.278311
0.004698
0.235694
3.233304
0.415680
0.627882
0.049820
0.217999
0.323658
1.093981
0.091231
0.005039
1.351283
0.275153
4.729625
1.244370
0.069751
2.221084
0.002530
0.722963
0.795569
0.586558
1.495290
0.583770
0.184249
0.514084
1.071039
1.655404
0.407031
0.329459
0.807880
0.263860
0.335996
1.444668
0.213803
0.982117
0.261955
0.275874
1.722364
0.707158
2.366703
2.391959
0.717404
1.042145
0.161453
0.699473
0.445007
0.243943
0.501967
0.448957
1.313623
2.870639
1.637160
0.707190
0.487021
3.639690
2.396060
0.043841
1.526590
0.278789
0.390942
0.410864
0.644775
0.938933
0.106581
1.101753
0.267145
0.402798
2.394734
0.057411
1.823307
1.687473
3.333841
0.431540
0.620485
0.120404
1.921719
1.723147
0.400337
0.285426
0.202365
0.063006
0.212752
4.480442
0.839408
0.860831
3.281047
0.648093
0.967802
1.367024
1.273888
2.876417
0.085621
0.217506
0.804344
0.202308
1.989158
1.546730
0.723007
1.478377
1.850563
0.435747
0.884322
1.646078
1.216418
0.050580
2.533677
0.814987
2.046540
0.288401
1.638153
0.055536
0.373387
5.916341
0.043632
2.117226
0.854477
0.005118
0.440977
0.216388
1.387257
0.079964
0.148779
1.785572
0.317905
1.173960
0.015576
0.145625
0.649928
0.755373
2.380658
0.386792
2.148860
0.682239
0.136924
0.884534
0.784909
0.049817
0.156009
0.535558
0.355441
2.997932
0.632390
0.943500
2.945321
0.716156
0.674074
0.737954
0.726659
1.877086
1.260495
0.310226
2.574595
1.929141
0.104270
0.218335
0.788748
0.121572
0.402961
0.023784
1.034617
0.273348
0.422008
0.750820
1.323087
0.639103
0.122296
0.325075
0.735701
0.300514
1.178254
1.714613
0.235308
0.175382
0.563354
0.170892
1.115465
2.539260
1.136302
0.209136
1.461189
0.503325
0.607766
1.177185
0.287961
0.808449
2.189246
1.588637
1.105409
0.248026
1.710914
0.376240
0.614026
0.178613
1.842524
0.213837
1.010065
3.139533
0.634967
0.170356
0.243677
0.177013
3.755106
0.555007
0.390225
0.523076
0.874714
5.367077
0.398064
0.303832
0.203399
0.101391
1.071477
1.020212
1.552470
2.382788
0.215588
1.127859
1.215719
1.986736
2.262738
0.739826
0.194095
0.438144
1.159552
0.018167
0.792498
0.388871
3.676951
0.017487
0.651648
0.211906
0.197922
0.607732
0.959436
0.698484
1.985741
0.223031
0.689142
0.212082
0.619758
1.145833
0.339007
0.127178
0.387904
0.078824
0.027505
0.724546
1.394618
1.311681
0.475319
1.044144
0.292274
0.809082
0.002778
2.810240
0.850354
0.798645
0.303795
0.792826
0.837933
1.350160
1.340922
1.374217
0.218426
0.438950
0.287180
0.060746
0.810123
1.376807
0.287735
0.017270
0.561519
0.771243
0.146813
1.391026
0.950261
0.178737
0.310113
0.454811
2.247221
1.035493
0.013530
0.159868
0.222746
0.016346
0.091625
1.480245
0.835344
0.430076
0.385448
0.143491
0.094686
0.060015
2.125556
0.337655
0.533645
0.139557
0.423878
3.465203
2.102700
0.905193
4.258409
0.367493
0.142830
0.130564
0.060506
1.372227
0.336976
0.393557
0.118660
0.198916
3.516473
0.133908
0.397683
0.186303
0.152618
0.537303
2.854162
1.230376
1.449100
0.304150
1.841926
1.934894
0.386398
1.280572
0.153290
1.324396
1.913103
0.668680
1.213249
1.310268
0.086814
1.166758
0.038516
0.243666
1.666140
0.101474
3.288993
0.102142
0.547909
0.077528
0.325011
0.497809
0.223054
0.930404
0.825803
0.417746
0.021513
0.702213
0.050544
1.544128
1.455698
2.214353
1.027397
0.091307
0.949066
1.533317
1.722042
0.626004
0.317175
0.742482
0.217569
0.438426
0.239138
0.265675
0.846763
0.024005
0.400190
0.763372
0.128763
1.392916
0.937787
0.507993
0.155238
1.652528
0.003911
1.223854
0.162408
0.025510
0.236251
0.222135
1.669662
3.780133
0.094276
0.604682
0.066613
1.213573
0.271721
2.169295
0.184094
0.712799
0.527312
0.452039
2.000107
0.974197
0.908775
0.572486
1.039090
2.614417
3.499469
1.456894
1.134570
0.863446
0.180730
1.727256
0.488947
0.185418
0.751060
0.769237
0.216206
1.341518
1.331150
0.006139
1.257837
1.747526
0.615948
1.514922
0.752180
1.196681
1.096365
1.193377
0.232607
0.078748
0.062380
0.074954
1.198098
1.071358
0.709464
0.422290
0.877663
0.649856
0.118218
0.304742
0.057812
0.324120
0.088738
0.585012
0.590735
0.949455
3.889017
1.023070
0.433247
1.256535
1.040240
0.069705
0.779047
0.112611
1.880631
0.072376
1.631204
0.720360
1.455101
0.011912
0.889527
1.755030
0.087799
0.338810
0.662724
0.896849
0.999233
0.071283
0.072599
1.359985
0.402700
0.134902
0.020379
0.538543
0.841878
0.627832
0.029892
0.795477
0.112903
0.479730
0.306519
1.399960
0.594898
1.635537
1.965362
0.350817
2.079212
1.091242
1.657106
1.026090
1.127141
0.508262
0.632414
1.427519
1.157860
3.062882
0.434241
0.382257
0.022295
0.548648
0.062957
0.436238
0.795110
0.084674
1.469406
0.125074
0.792837
1.606382
1.097219
1.061905
0.198985
2.662083
0.523568
0.991064
1.329346
0.311280
2.586351
0.942432
2.683737
1.324318
0.290239
0.935816
0.142112
1.275139
0.458598
1.705497
1.120413
1.273232
0.146181
1.190411
0.153553
0.219419
0.050704
1.173809
0.326011
1.711345
1.652247
1.746654
0.964340
0.643563
0.653633
1.605459
0.518825
2.184305
0.558653
0.150974
0.168343
0.434987
1.388100
0.090612
0.090737
0.002369
1.185356
0.247459
1.283645
0.064212
0.038259
0.505555
1.524491
0.190597
0.097318
2.585117
0.462908
0.153352
0.955619
1.046264
3.258390
0.551313
0.643207
0.868251
2.286614
3.084416
0.477258
0.361215
1.843184
1.647860
0.585730
5.690791
0.174670
0.215363
0.086922
0.283701
0.218303
1.503341
0.627783
2.514444
1.831380
0.700700
0.379682
0.973062
1.131022
0.525354
0.791176
0.049029
0.800347
0.176874
1.192698
0.718212
0.881699
0.187528
0.097273
0.662252
0.133803
0.639055
1.548728
3.408978
0.328154
0.262382
3.311762
0.579842
0.552575
0.047930
1.161619
0.969302
1.739623
0.166346
0.775973
1.091302
1.070052
1.935623
0.337288
0.406926
0.306960
1.789674
0.481513
1.688193
5.318485
0.082025
0.396788
0.869935
0.287342
0.545097
0.067565
0.469976
2.229553
1.916062
0.418410
0.188949
0.087299
0.364500
0.947225
0.709544
0.434259
0.355540
0.137865
0.194397
0.602306
1.104211
1.838160
0.115929
0.742744
0.136034
0.586570
1.553594
3.223194
1.748243
0.925483
3.107159
2.350424
2.676309
0.768503
0.167728
0.432936
0.920364
0.753746
0.279478
0.605943
2.050328
0.537841
0.772272
0.194512
0.028581
0.047269
0.752937
0.396577
0.192314
1.223114
1.513375
1.854573
0.790931
2.200896
0.458350
1.120136
0.405061
0.169825
1.004950
0.173145
1.426480
0.889671
0.065772
1.174513
0.134106
0.245993
0.043355
1.298754
1.376232
0.337222
0.200366
0.964376
1.211475
1.271561
1.587395
1.310886
1.451475
0.392393
0.059539
2.825617
0.030716
1.817909
1.533441
0.859974
1.298031
0.164735
0.288471
0.061870
0.368269
2.158730
0.247154
0.070333
0.641955
0.332172
1.422739
0.914392
0.694565
1.616340
0.395072
0.285258
0.091705
0.709149
2.017099
1.560020
0.258180
1.086195
0.734567
5.008516
4.347656
0.862958
2.718815
0.017463
0.537380
1.266754
0.901744
0.153914
2.041277
1.862589
0.226461
0.196266
1.306590
0.547540
0.282526
0.226895
1.218291
0.005083
1.620680
0.229379
1.642197
0.137659
0.603587
2.244990
1.012090
0.385828
1.151822
1.995727
4.052091
0.228441
1.947742
3.495846
1.524703
1.567583
4.341942
0.220693
0.712752
0.870188
0.416563
0.477784
0.554877
0.783817
0.816560
0.168555
3.351530
1.630525
0.443341
1.106345
1.656757
0.174767
2.073119
0.956303
0.341014
0.396546
0.712861
2.596859
1.042627
0.215299
1.558640
0.994487
0.507376
1.041237
0.915700
0.198745
0.577025
0.883708
0.475262
2.959216
0.183778
1.269290
0.397474
0.900755
0.304230
2.171864
1.381716
0.257836
1.171855
0.113128
2.268305
0.692051
0.311034
1.472810
0.122327
0.812522
0.103230
0.980566
0.657308
1.368662
1.707057
0.316539
0.471028
0.244019
2.504891
3.705143
0.505454
0.441221
0.825892
1.491860
0.363685
1.309465
0.681248
1.002051
0.391226
1.411916
0.731699
0.075398
4.110628
0.234606
0.197950
2.121223
1.232952
0.592218
1.052210
1.735624
0.003168
1.381963
0.595315
0.663430
0.682143
0.310899
1.411620
2.041047
0.661144
1.122600
1.867630
2.124507
0.031817
0.523685
1.065819
0.409784
0.148154
0.162013
3.476367
0.618920
2.363329
0.669410
0.763784
2.202705
1.194376
1.250677
1.467987
0.520331
0.175056
0.545496
0.260568
0.178831
0.185560
1.133195
1.046034
1.090134
2.904233
0.519066
0.763432
0.560277
0.082829
0.477144
0.370277
0.117442
1.546994
3.352737
0.592423
2.587805
0.121694
0.538016
0.488232
0.020687
2.344284
2.530608
2.407621
0.919273
1.005337
1.138129
0.006891
1.583129
0.105392
0.269519
3.180169
0.313874
2.456324
0.934183
2.706312
1.962261
0.012090
0.629522
0.340251
0.095969
1.874707
0.910969
0.226042
1.004339
0.827542
1.047909
0.817641
1.131523
0.067663
2.897117
1.197106
3.490301
2.004018
0.936248
0.845598
0.691720
0.338955
0.861724
0.348075
0.490229
1.681043
0.290855
1.069740
1.302213
1.962325
0.891890
0.885593
2.051713
0.058979
2.086982
3.296654
2.342088
0.642083
0.180693
0.771296
0.037372
1.685447
0.101053
1.252255
2.120786
0.041794
0.531153
1.894264
2.365953
0.020180
0.545194
0.519910
0.367394
6.136416
1.201909
1.187367
1.669494
3.031480
0.433678
0.775938
1.667197
2.847292
0.136116
1.147939
7.225213
0.003203
1.037620
2.334543
0.648179
1.666071
0.581126
0.720898
0.982565
0.769697
0.258544
0.704639
0.862228
1.021370
0.438946
0.661493
1.078446
1.494123
2.201344
3.421583
1.484533
0.888495
1.085645
0.879596
0.777577
0.014297
0.133278
0.433411
3.127983
0.290401
0.035022
3.111501
0.294685
1.139807
1.956242
1.317651
0.675565
0.355737
0.282258
0.124183
1.809046
0.641972
0.974171
0.534383
0.120638
3.806708
2.281694
1.485105
1.399718
1.547565
1.350390
0.748079
0.471542
0.516134
0.118530
2.482218
0.540206
0.269911
0.312178
0.467712
0.670582
0.360345
0.399034
1.361888
4.056113
0.207815
0.646378
0.642102
0.667452
1.280066
0.893054
0.390344
0.217817
0.239643
1.336153
0.370155
0.211795
1.007951
0.086533
2.886039
0.548646
1.735881
0.636632
1.600622
0.257388
0.873958
1.254113
1.033678
1.710674
4.064001
0.018031
0.367946
0.336011
0.426027
0.053051
0.312068
0.764739
0.750201
1.354343
0.021766
0.287295
0.404185
0.422672
0.589575
0.788713
0.085396
1.405721
1.333476
1.261903
1.818334
1.141448
0.149839
1.083111
0.164370
2.770714
2.192755
1.325296
1.055708
0.760773
0.806387
1.007513
0.799763
1.975998
2.528964
2.277562
2.442372
0.208657
0.565652
0.581202
2.662263
0.604296
1.172744
0.304746
1.600713
0.146091
1.651615
2.121087
2.213938
0.786800
0.908779
1.303553
0.255336
1.332328
0.494122
0.473074
1.119388
0.326125
0.117874
0.393894
1.665903
1.092800
3.230150
0.448704
0.746760
2.126171
0.299769
0.578295
0.071532
1.174484
2.119600
7.186720
0.156142
0.844910
0.303720
2.861376
1.225280
0.072778
1.731090
0.908956
0.954235
0.544542
0.393768
1.834067
0.169639
1.256613
0.244819
1.769318
5.062281
0.398011
0.168567
1.632958
4.971776
0.122816
0.181754
0.732241
5.594182
0.553742
3.177639
0.067545
0.123554
1.821619
0.066736
0.302172
0.525331
0.395253
0.227652
0.122128
0.505313
0.026865
1.244865
0.011644
0.591314
0.038232
1.909288
0.922386
1.397937
0.071462
0.565601
1.372638
0.506358
0.884566
0.801204
0.494924
1.212948
1.263742
2.402985
1.200516
0.153863
2.023957
1.445090
0.299534
1.224532
1.765114
0.733190
0.121880
0.168801
1.284549
0.260989
0.802976
1.385224
2.842674
0.829157
0.218321
3.874739
0.536823
1.602280
1.317268
0.662356
0.262073
0.651423
2.134351
1.701836
0.030364
0.317538
0.734661
1.375606
0.200421
0.247556
2.206584
0.050748
4.108546
0.161062
1.408896
1.673449
1.103785
2.042780
3.433437
0.496941
0.105408
0.733408
0.152386
0.042670
0.086990
0.411698
0.021237
0.690573
0.146228
1.398962
4.079036
0.456628
0.263762
2.000666
0.203630
0.303475
0.147128
1.219317
0.009106
0.383356
2.575198
2.292527
0.458727
2.379786
0.048927
0.131818
1.272361
1.259260
5.088300
1.163326
0.114006
0.098577
0.232292
0.286470
0.145774
0.343335
0.883258
0.170385
1.557369
1.282316
2.405804
1.480107
0.093421
0.152744
1.013742
0.319415
0.516512
1.487033
3.816440
0.531823
0.096938
2.321312
0.373177
0.616741
1.656974
0.445048
0.876586
0.753142
0.078332
0.861874
0.244202
0.202226
1.113232
0.551571
0.565950
1.645849
1.253707
0.018924
3.319008
0.700908
1.352287
2.068449
0.323312
1.775151
0.015387
2.446381
0.109779
0.542439
1.162675
0.085517
1.778675
1.512940
4.123810
0.153845
0.274487
1.575530
0.696755
1.736345
0.388929
0.860722
0.513274
0.774114
1.428086
0.075771
3.292627
0.213704
2.121287
1.131339
0.237190
1.857477
0.199994
3.047249
1.264262
0.611598
1.528101
1.319838
0.463481
2.180551
0.164276
0.060028
3.473211
4.053053
1.820159
3.053361
0.133789
0.081252
1.370036
0.986248
2.321515
0.070551
0.228369
0.361461
0.933965
3.335470
0.472108
0.843625
0.170568
0.296301
0.284023
0.458823
0.105773
0.559517
0.386374
1.703327
2.171837
0.109298
0.800164
0.296981
4.662490
1.211457
0.378634
3.207436
1.154763
0.166295
2.434287
1.661222
0.262979
1.073652
0.574688
0.142851
1.295948
1.025239
0.573516
0.405519
0.930621
1.675437
2.335323
1.437612
0.071722
0.163074
0.139813
0.185825
0.865091
0.599589
4.382378
0.625523
0.808556
0.772729
1.279993
0.787581
0.275076
0.037873
0.702381
2.594993
0.211176
0.539458
1.329713
0.547507
0.078153
0.189426
0.809068
1.617163
1.681232
4.731503
0.144920
0.543946
1.629439
0.038875
0.200957
2.064914
0.208995
0.374739
0.043693
1.459239
1.441782
0.030723
0.264754
0.382715
0.840500
3.091502
1.988133
1.655436
4.795208
0.458304
1.325556
0.201014
1.535168
0.634485
0.925606
1.964386
1.028223
0.172493
1.082632
0.609199
0.162075
1.590642
2.085542
3.070092
1.797783
0.059551
1.753042
0.023202
0.462582
2.036426
1.563135
0.143684
2.300208
0.023399
0.601172
0.631614
3.802885
0.378162
0.324704
3.487553
1.147358
0.011671
0.164313
0.629433
0.656613
1.407444
0.395808
0.132107
2.449554
4.436375
0.867420
0.065382
1.534175
0.608304
0.017018
0.964171
0.720599
1.855515
1.026205
2.153164
1.248738
0.565911
0.017881
0.949060
0.607492
0.634036
0.084646
0.567358
1.534489
0.443823
0.514838
0.629158
0.462074
0.807270
2.719098
1.906627
0.369844
0.302363
3.695792
0.252091
0.286471
0.809992
0.337035
0.034030
0.010925
0.360956
1.056008
0.743188
0.158548
0.347848
0.524736
1.964336
1.294449
0.555144
0.639884
0.199959
2.259182
0.807008
0.952473
1.139429
2.433039
0.016756
0.158946
0.331641
0.845233
0.084495
0.143494
2.117771
0.418480
0.115238
0.108171
0.894150
1.090599
0.492074
0.979504
1.123469
1.176464
0.323877
0.222212
1.821706
0.845029
0.935329
1.197333
0.351554
0.034130
0.187110
0.649403
2.646737
1.289011
0.096353
0.939345
1.012491
0.114820
1.410891
2.512591
1.136364
1.814606
0.054051
0.818068
0.197295
0.176096
1.082472
1.470096
1.745529
0.051173
0.501864
0.693742
1.352930
1.112488
1.202481
0.866950
0.276696
0.366863
0.325412
0.772454
0.416499
0.594965
0.015889
0.314392
0.189799
0.113864
2.110999
1.658430
0.243466
1.007741
1.303809
2.254843
0.638763
1.519234
0.604819
1.052989
2.857413
0.122246
0.546804
1.461148
0.180270
1.691745
0.312423
2.369510
0.667601
3.438276
0.666003
1.304816
0.321550
1.443976
0.310472
0.956135
0.238803
0.332210
2.166232
0.486630
0.494761
1.445087
0.216749
0.932362
0.509546
2.568791
0.696126
2.050168
1.219060
3.108092
0.738968
1.041500
0.072983
2.875224
0.536324
0.268322
1.424614
1.150221
0.152932
0.282974
1.053581
0.989007
3.698464
2.607597
0.497690
0.277253
0.780696
0.927597
0.744021
0.557401
4.585599
2.466094
0.212672
0.204162
0.737019
0.893576
0.114336
0.023216
0.620077
1.674159
3.828719
4.166289
0.615463
0.049869
2.632295
2.077163
0.334054
1.163104
0.816780
0.554772
2.717289
0.235041
0.055355
2.398930
0.145893
0.590442
0.164076
1.132157
0.051730
1.127392
0.110895
0.041048
0.894547
0.351752
0.254746
0.119537
2.183522
0.404858
0.145740
0.429942
0.157195
0.120903
0.406380
0.929053
0.177365
0.303852
0.653517
0.591513
2.986086
0.038673
2.058128
2.149536
0.284217
2.605829
1.573331
0.483123
0.465336
2.881853
0.062736
0.549030
0.967827
0.181253
0.621212
0.237369
0.620494
1.163452
0.391515
0.430287
0.020736
0.615419
1.201078
0.181505
0.852063
0.033633
1.474286
1.331775
0.349704
0.288809
0.201507
0.280532
0.340774
0.056369
0.137058
0.768251
3.961607
2.534857
2.517299
0.435476
2.000232
3.918626
1.494028
0.663178
0.157716
0.272124
1.191017
0.937077
2.601453
0.020260
3.167854
2.925404
0.653238
1.070131
0.119169
0.054570
1.171537
2.149011
1.556369
4.213997
0.144154
3.561432
0.261146
0.549958
0.026766
0.443030
3.199135
0.007406
0.326615
2.108050
0.446947
0.154708
1.956565
0.146131
0.989193
0.004575
0.468717
0.391875
0.948796
0.356717
0.422002
0.845598
0.282876
1.736758
0.258428
0.444304
2.095714
2.499151
0.277243
1.096965
2.333644
0.472207
1.015335
0.142589
1.606450
1.091032
0.674917
1.421317
1.113246
1.467244
1.013709
0.032452
2.439263
0.684755
0.183786
0.778483
0.693849
0.781064
2.003291
0.120072
1.845865
0.234934
1.151517
0.092662
0.033853
2.425644
0.592809
2.411331
1.768575
1.169112
0.859016
1.318569
0.067993
0.240977
2.005239
2.003477
2.105956
0.440325
0.977471
0.798019
0.134232
0.302279
0.871582
0.039144
1.413272
1.384684
0.865802
0.297066
0.344857
0.587698
0.462271
0.143628
1.060659
0.055504
0.251399
1.161740
3.368847
1.107196
0.909720
1.584720
0.444528
0.190900
0.749669
0.552700
0.490900
0.498978
0.342125
0.309513
1.382390
2.447369
1.692686
2.076527
0.191581
0.506977
2.442114
2.673663
0.159328
0.677883
0.208262
0.577967
2.759943
0.816795
0.850391
0.892762
0.947127
1.584942
0.325087
0.862080
0.624659
2.078633
0.466349
1.734032
0.049908
2.304476
0.285066
0.573780
0.346778
0.771705
1.213363
0.042970
0.600121
0.731429
2.485248
0.982435
2.482497
1.770301
0.813289
0.065872
0.388649
1.364957
0.698584
0.299393
0.360630
0.078462
1.891861
2.464035
2.044102
0.135527
0.678507
0.408058
0.001645
2.004986
0.172556
0.051638
1.450414
0.521758
0.667353
0.060350
2.887762
0.210399
0.106055
0.503443
1.232778
0.017471
0.021382
0.980786
1.877565
0.862177
1.167104
0.185204
0.389149
0.212505
0.558262
0.981174
0.310483
0.324355
0.776612
0.147817
0.517097
0.033210
0.639550
0.519858
2.282803
0.996847
0.608295
1.089243
0.038203
2.858708
1.280470
4.005331
0.142020
1.730013
0.473748
1.838313
1.832816
0.508314
0.627169
1.161793
3.740140
0.167982
1.938919
0.354699
0.424763
0.333989
2.573669
0.949285
0.823129
0.623216
1.387869
3.343753
0.686067
0.252139
0.462180
0.501617
1.922934
1.747625
0.059727
2.219209
1.463046
1.514453
2.064251
2.311285
0.923289
0.288245
1.353945
0.584879
1.046723
0.232788
0.139150
0.981263
0.449903
4.271751
2.574110
1.232321
0.314684
1.880742
0.387675
1.777414
0.372958
0.074466
1.587779
1.648976
0.349025
0.181176
0.225901
0.160693
4.770591
0.301349
0.040563
1.427094
0.041085
2.439992
1.081345
1.030136
0.178243
0.515238
0.089781
1.672242
0.942430
0.243054
0.575075
3.598309
0.225413
0.448032
1.142611
0.638269
0.234001
0.002385
0.360567
0.733854
0.077036
0.103518
0.397048
0.460081
0.306596
0.754811
0.728182
0.295145
1.561036
0.814108
0.015694
1.773921
0.634509
1.128346
0.641267
1.002571
0.082375
0.819263
0.589219
1.169229
1.491718
2.141970
1.084779
3.764784
0.279307
0.420130
0.595333
0.602084
0.423763
1.391670
3.585451
0.543976
1.894992
0.356638
1.552734
0.120736
1.771220
0.364629
0.460939
0.967469
1.984214
0.485938
0.598364
0.403940
0.063272
2.572624
3.363344
0.151271
0.659536
0.528684
1.770660
0.298302
0.347003
0.676886
0.267553
0.769789
1.800851
1.150026
4.530074
0.198772
0.570420
3.256992
0.915859
0.334623
0.303093
0.491282
0.507705
0.095789
1.183204
1.458581
1.242370
0.812417
0.165245
0.176249
2.194012
0.240323
0.089111
1.923547
0.436974
0.839710
0.307249
0.203085
1.749202
0.815833
1.125760
0.062767
0.099399
0.714240
1.363395
0.087562
1.173440
0.197136
0.046394
0.343232
0.622342
0.366443
1.135333
1.976442
0.507745
0.465835
0.991210
0.115916
2.639526
1.519536
0.316137
1.699014
5.261576
0.440516
1.111845
0.428977
2.583099
2.742342
0.760604
1.388488
0.679855
0.233460
1.668049
0.886557
1.268143
0.811018
1.114030
0.526524
1.326200
1.262664
1.203545
0.220434
0.024195
0.475710
0.061097
0.548275
1.390084
1.165203
0.758227
1.138030
0.633610
1.622239
0.686543
0.623883
0.172973
0.183605
1.676459
0.086975
0.109052
0.424008
1.794853
0.907890
0.806969
1.036295
0.204020
0.318056
0.224179
1.940166
1.145023
2.738668
0.851957
0.480709
0.142916
0.909627
1.427998
0.213739
0.019570
0.715714
2.125123
0.800472
0.211595
0.430643
0.436069
1.162812
1.682272
0.717987
1.931914
0.986214
0.905269
3.180742
3.597034
0.561093
0.809840
0.747364
0.077582
1.345630
1.603579
0.322241
0.906203
0.655097
0.236761
0.185565
1.982412
0.421584
1.455389
0.974118
0.768807
1.542106
0.143445
0.539596
0.410909
0.392064
1.456395
1.172408
0.011803
0.869822
0.226457
2.016375
0.233179
1.600544
1.744731
0.199162
0.258290
0.478647
1.227480
0.359933
0.127837
0.704804
0.862166
1.258596
4.297892
1.553879
2.165545
1.888267
0.142217
1.055562
0.637034
1.105640
0.576383
0.928295
0.089943
1.491769
2.646659
1.916928
0.626246
2.827608
0.569013
1.102775
1.648744
1.026954
0.627855
1.002439
1.728713
