0.295428
0.019309
-0.651928
-0.542561
0.754550
0.666316
0.931537
-0.488783
-0.296656
0.708190
-0.500320
0.962769
-0.771753
-0.561782
-0.494436
-0.401868
0.512534
0.718643
0.164432
-0.184560
0.885847
-0.748325
0.652497
-0.791972
0.422617
-0.678007
0.347159
-0.484686
0.688415
-0.091490
0.028287
-0.016156
0.927819
0.376358
0.441284
0.682368
0.042675
0.372820
-0.806415
0.746019
0.081009
-0.306735
0.708788
0.309256
0.131483
-0.785649
0.907389
-0.355983
0.932994
0.071821
0.459457
0.818842
0.323497
0.111954
-0.973130
-0.253887
0.433948
0.374029
0.261426
0.122363
-0.717461
-0.710287
-0.893793
-0.789641
0.666071
0.547490
0.892726
-0.291254
-0.079689
-0.913689
-0.545235
-0.998679
-0.220423
-0.836448
0.310577
0.911060
-0.622097
0.217966
-0.444923
-0.689102
-0.710214
-0.985466
-0.870260
0.613283
0.126488
-0.843390
-0.640605
-0.439565
0.530639
0.620822
0.682798
0.813178
0.910535
0.789004
-0.976463
0.576607
0.336495
0.916263
-0.714647
-0.743194
-0.997425
-0.259881
-0.741873
-0.217848
-0.096329
0.568705
-0.306788
0.281574
-0.213330
0.248289
0.592471
0.076455
0.262824
0.722211
-0.310262
-0.610688
0.878822
0.049133
-0.050253
0.409462
-0.330045
-0.367456
0.222641
-0.419510
-0.578451
0.246178
-0.842903
0.758045
0.162442
-0.557550
-0.985150
0.165018
0.182569
-0.727023
0.947170
-0.913760
0.841682
-0.359618
0.367814
-0.371650
0.888671
-0.039714
0.704806
0.151495
-0.317502
-0.605456
0.540807
-0.438680
0.443677
-0.509446
0.970782
-0.886369
0.123098
0.193422
-0.305878
0.544648
-0.560399
-0.148781
0.302691
0.602042
0.293669
0.317542
-0.232940
-0.523762
0.590519
-0.285770
-0.437522
0.432201
0.354612
0.930292
-0.939450
0.243283
-0.109421
0.765356
-0.605222
0.573076
-0.840100
0.935584
-0.865603
0.603576
-0.573861
-0.894821
0.717207
0.549236
0.298602
-0.588671
0.093885
0.738202
0.262547
-0.603424
0.340245
-0.443783
0.714119
-0.892696
0.032456
0.304637
-0.178466
0.594934
-0.263162
-0.823854
0.525227
-0.202612
0.419428
-0.584195
-0.437256
0.814206
0.988883
-0.277357
0.749791
-0.876721
-0.673781
-0.824070
-0.771542
-0.956573
0.725168
0.527058
-0.545244
-0.180949
0.265261
0.717303
0.215627
-0.394495
-0.726480
-0.070254
-0.287191
0.305975
-0.765617
0.534343
-0.099090
-0.028780
0.710489
-0.573864
0.768609
0.129917
-0.158059
-0.668648
-0.055876
-0.169176
0.053995
-0.306085
-0.045897
0.380215
-0.130156
0.182561
0.423642
-0.404988
-0.290381
0.878398
0.414063
0.974881
0.595701
-0.370309
-0.419615
0.869222
0.559436
0.293194
0.175197
0.793820
-0.172462
-0.923893
-0.234960
-0.461974
-0.497757
-0.466351
0.667943
0.344185
-0.134999
-0.387933
-0.824992
0.918996
0.305982
0.129111
0.299211
-0.824173
-0.688329
-0.277147
-0.229162
0.021291
-0.398750
-0.815099
-0.003828
-0.803048
-0.185408
0.576557
-0.933827
-0.625971
-0.130249
0.241371
-0.832152
0.697287
0.317478
-0.067112
-0.764686
0.819721
0.466536
0.903258
0.163907
-0.668463
-0.484676
0.338914
-0.749467
0.821307
-0.531974
0.549743
0.997132
-0.220303
-0.727404
-0.232029
0.800988
-0.126153
-0.047127
-0.202841
0.070799
0.767465
-0.626285
0.136972
-0.858507
0.243465
-0.621657
-0.690659
-0.059246
0.695821
0.242229
0.176067
0.515542
-0.291234
0.079325
-0.320551
0.040303
0.594650
-0.981637
0.290836
0.415955
-0.513612
-0.159421
0.413088
0.266086
0.113176
-0.818941
0.067074
0.987022
0.133932
0.864232
0.057822
-0.098604
-0.762052
-0.805206
0.042889
0.481414
-0.426864
0.352230
-0.577833
-0.731043
-0.405540
0.598235
0.784500
0.303225
-0.322440
-0.536052
-0.656471
-0.727791
-0.517689
0.634365
0.688163
-0.031300
-0.525055
0.101251
-0.765215
0.588120
0.282311
0.301858
0.575143
-0.583758
0.166091
-0.367035
0.317639
0.404039
-0.172241
-0.639472
-0.114548
0.400895
0.712758
0.307619
0.669852
-0.692782
-0.094146
0.454352
0.610444
0.583414
0.918300
0.953972
0.855622
-0.599390
0.588338
0.543787
0.369309
-0.936718
-0.354962
0.604094
0.651403
0.927348
-0.094048
0.226547
-0.656409
-0.927957
0.859512
0.661230
0.476082
-0.312728
-0.978243
-0.638467
-0.911833
0.734516
0.669153
0.758020
-0.958266
-0.424994
0.212371
0.652178
-0.841580
0.130671
0.606150
-0.985958
0.531280
0.194487
0.557829
-0.099411
0.257770
-0.797133
-0.495317
-0.090827
-0.869784
0.410635
-0.864280
-0.526193
0.482678
0.995232
-0.864963
-0.041241
-0.317497
-0.843206
0.320292
-0.229330
0.891309
-0.010556
-0.471310
0.933042
0.564450
0.741060
0.585220
0.722869
-0.128269
0.191372
0.736913
-0.596989
-0.614141
0.294742
0.303601
0.643628
0.497608
0.808284
-0.447198
0.627824
0.218919
-0.311478
-0.898369
-0.298403
-0.316246
-0.763332
0.660356
0.366257
-0.606538
-0.019351
-0.863072
-0.715228
0.970092
-0.334383
-0.782185
0.534544
-0.593323
0.803035
0.257414
0.278409
-0.005594
-0.005674
0.681419
0.380265
-0.710933
-0.014980
0.023894
0.786675
-0.206696
0.576695
0.414499
-0.987777
-0.734782
0.516130
-0.286180
-0.051028
0.752798
-0.625824
-0.684770
-0.853741
0.354825
-0.547842
-0.568969
0.324917
0.117775
-0.351155
-0.140539
0.524452
-0.548119
-0.883126
-0.197139
0.446288
0.111201
-0.515720
-0.173447
0.400267
0.469300
0.850447
0.186943
-0.737396
0.427142
-0.398558
-0.725173
0.692360
-0.882429
-0.011353
-0.358667
0.870368
0.362823
-0.043437
-0.983372
-0.282353
0.408721
-0.552341
-0.957435
-0.473504
0.096504
-0.097974
-0.949051
0.548385
0.018901
-0.146191
-0.005328
-0.869899
0.338090
0.821225
0.530369
-0.192610
0.671672
-0.282688
0.069993
0.098815
0.318754
0.344820
-0.208825
0.436326
-0.666533
0.432509
0.306694
0.696289
-0.610928
0.323322
-0.586063
0.797794
0.770980
-0.543497
-0.675711
-0.132515
0.358529
-0.624762
-0.584130
-0.622571
0.229047
0.410542
-0.492470
-0.432864
0.231768
-0.962101
0.374525
-0.096560
-0.244790
-0.555481
-0.997746
-0.926036
0.789339
-0.206571
0.510289
-0.877195
-0.774062
-0.183017
0.819095
-0.384991
-0.859695
-0.766967
-0.587197
0.911286
-0.310465
-0.262908
-0.221229
-0.951936
0.112329
0.194640
-0.574507
-0.658624
-0.394816
-0.066977
-0.091488
0.836951
-0.029078
-0.716962
-0.259609
0.726132
-0.272444
-0.257356
0.800096
-0.483105
0.536075
0.310385
-0.360299
0.762012
-0.872632
-0.541204
-0.622979
-0.732327
-0.308172
-0.210177
-0.821041
0.381364
0.526915
-0.042271
0.429428
-0.360756
-0.847630
0.854919
-0.019380
-0.242446
-0.212057
0.889133
-0.405495
0.758866
-0.827829
0.334897
0.484998
-0.100272
-0.922459
0.285094
0.416623
0.613615
-0.404520
-0.943676
0.375626
-0.277151
-0.484881
0.752649
-0.009478
0.206947
-0.457528
0.169481
-0.411689
-0.930613
-0.872790
-0.982262
-0.291369
-0.720420
0.872659
0.689253
0.037133
-0.339399
0.578385
0.631639
-0.580533
0.750556
-0.033464
0.904465
-0.349716
0.044077
0.189560
-0.933094
-0.342308
0.785039
-0.876770
-0.966681
-0.492112
-0.361651
0.785967
0.498411
0.845297
-0.671561
-0.332109
-0.566392
-0.602173
-0.204900
-0.548654
0.106458
0.074680
-0.675995
-0.204289
-0.888186
-0.015394
-0.625904
0.743452
0.404073
-0.875349
-0.290012
0.308538
-0.225065
0.754065
-0.501904
-0.158159
-0.588243
-0.716864
-0.034928
-0.554923
-0.208976
0.603421
-0.768956
-0.710565
0.448717
-0.440517
-0.042674
0.882326
-0.042690
0.752426
-0.666328
-0.936232
-0.172893
-0.342324
-0.140521
-0.061079
0.642283
0.233575
-0.317626
0.046354
0.358226
0.392361
-0.645108
-0.866839
0.146427
-0.147012
-0.024998
0.558184
0.136124
0.940074
-0.996739
0.927148
0.543495
-0.765695
-0.783417
-0.007788
-0.206212
0.173909
-0.125463
0.751098
-0.073665
0.208208
0.814867
0.753443
0.865884
-0.325655
-0.307637
0.508167
0.907919
0.374737
-0.445479
0.266145
-0.232901
-0.090587
0.399306
0.913525
0.762401
-0.625692
0.471710
-0.101475
-0.685618
0.474971
-0.174327
0.857877
0.709275
0.042256
-0.149913
-0.496936
-0.783836
0.724624
-0.745839
0.142498
-0.067168
-0.930972
-0.104059
-0.201283
-0.256627
0.588303
-0.693116
-0.348708
-0.036960
-0.138595
0.917437
0.730138
0.770817
0.316743
0.643664
0.533219
0.691051
0.115374
-0.568257
-0.994568
-0.409655
0.257416
0.863308
-0.700380
-0.700329
-0.286605
-0.197316
-0.484165
-0.561980
0.056845
0.658333
0.370852
0.125874
-0.445726
-0.830431
0.869246
-0.857422
-0.523548
-0.479463
0.105618
0.337857
-0.562026
-0.164243
0.108675
0.754716
-0.520579
-0.358106
0.445767
0.594795
0.073637
0.451201
-0.814860
-0.668947
0.314508
-0.515240
-0.369275
-0.972097
0.287444
0.146559
-0.534077
-0.655711
-0.195107
0.836775
0.470163
0.359167
-0.993657
0.339409
0.501746
-0.517204
0.859945
-0.392636
0.820653
-0.702080
0.443121
-0.070673
-0.947364
0.922542
0.571220
0.498403
0.517336
-0.355142
-0.050397
0.702475
-0.024090
-0.735888
-0.812764
0.606635
-0.707985
0.474680
-0.246806
-0.242062
0.818970
0.558088
-0.405287
0.289132
-0.082745
-0.398944
-0.371460
-0.581000
0.083851
-0.511515
0.026364
-0.095496
-0.213595
-0.530515
0.833831
-0.160959
-0.607974
0.405050
-0.662555
0.909362
-0.950092
0.287049
0.611838
0.025819
0.551160
0.799074
-0.367547
0.843176
0.273754
0.385647
-0.398886
0.092723
-0.056266
0.195826
-0.618145
0.860989
0.796882
0.010395
-0.720010
-0.119266
0.498880
0.306354
0.785237
-0.714715
0.775838
0.619067
0.124326
-0.832136
0.024118
0.461772
-0.922774
0.074027
-0.251180
0.689063
-0.900155
-0.700020
0.488137
-0.267701
-0.856844
-0.238109
-0.882054
-0.255730
0.854613
0.061680
0.940097
-0.763531
-0.077331
0.736979
0.246865
0.202659
-0.382288
-0.254255
-0.490987
-0.597050
0.031030
-0.715149
-0.977983
-0.844644
-0.547285
0.046136
0.617127
-0.470059
-0.879837
-0.634053
-0.780996
-0.779992
-0.334072
0.707141
-0.047694
-0.190916
-0.530967
0.070252
0.553354
-0.676353
-0.868068
0.493450
-0.439884
0.054602
0.230429
0.806980
-0.742739
0.848141
-0.447275
-0.233726
-0.748909
0.583754
0.051124
-0.726892
0.739111
0.503839
0.319244
0.356239
-0.966220
0.439407
0.722187
-0.747216
0.659415
-0.611885
0.959925
-0.388279
0.197198
-0.571042
0.681972
-0.249448
-0.247395
0.813905
-0.755998
0.312721
-0.131493
0.474431
0.119700
0.125768
0.322573
0.672426
0.892041
0.573663
0.256181
-0.056835
0.846772
-0.004708
-0.552995
0.166015
-0.648468
-0.519215
-0.394578
-0.926282
-0.266430
-0.735163
-0.538167
-0.306505
-0.123442
0.659032
0.122454
-0.441469
-0.590417
0.875059
-0.627564
-0.346414
0.187779
0.240944
-0.871982
-0.692520
-0.633289
0.450591
0.979906
-0.741248
0.024255
0.236086
0.201917
-0.128973
-0.768621
0.648923
-0.962958
-0.417090
-0.870292
-0.357536
-0.343371
-0.136723
-0.092699
0.118462
0.556773
0.783859
-0.222507
-0.320774
-0.657609
0.187076
-0.445716
-0.285173
0.840662
0.742063
0.955770
0.968680
-0.950456
-0.677518
0.419271
-0.970551
-0.418765
-0.556475
0.265535
0.783153
0.314552
0.496915
0.432075
0.351595
-0.920175
0.561783
0.994059
-0.263545
-0.574940
-0.098639
0.854916
0.981833
-0.314780
-0.367591
-0.338941
0.027610
0.819486
0.215343
0.742438
0.660149
-0.042593
0.698209
0.628829
0.006950
-0.979310
0.048098
0.036400
-0.398075
0.491624
-0.698065
-0.614923
-0.193825
0.798849
0.817153
-0.842230
0.878676
0.378936
-0.848171
-0.384870
0.803996
0.053190
-0.529954
0.785828
0.738409
0.102456
-0.553113
-0.233981
-0.078059
0.662230
-0.491543
-0.417911
-0.380363
-0.793335
-0.789083
0.626587
-0.772644
0.259016
-0.337013
-0.170719
-0.249361
-0.035078
0.214358
0.556815
-0.236228
0.031510
0.714585
-0.357552
-0.589554
0.866414
0.257577
-0.785558
-0.080397
0.727624
-0.999729
-0.341987
-0.169921
-0.552842
0.424032
0.752021
-0.890612
0.932490
-0.665890
-0.270975
-0.860846
-0.454973
-0.644387
-0.633490
0.804043
0.018600
0.195791
-0.445318
0.983522
-0.589851
-0.888502
-0.252705
0.441660
0.826083
0.389742
0.852106
0.692497
-0.352680
-0.933453
-0.387899
-0.625056
-0.933182
0.270113
0.205024
-0.486024
-0.305854
-0.042956
-0.376635
-0.373365
0.291154
0.352390
-0.234210
0.836182
0.708004
0.132299
0.640225
-0.273397
-0.671910
-0.805094
-0.289875
-0.261761
-0.693596
0.457419
-0.820102
-0.867512
-0.152838
-0.967996
0.824986
0.494483
-0.901449
-0.562914
0.869426
-0.834631
0.707199
0.074450
-0.320655
-0.598654
-0.968506
0.302709
0.027980
0.322647
-0.344901
0.793769
0.158828
-0.636898
-0.073930
-0.200948
0.089705
0.254160
-0.006041
0.799830
0.992398
0.300363
0.257250
-0.827703
0.432850
-0.895588
-0.795699
0.257835
0.598894
-0.697149
0.694921
0.468320
-0.531780
0.402121
-0.457229
0.147565
0.803467
-0.425735
-0.549726
-0.168552
0.896912
0.105373
-0.374783
0.055740
0.468475
0.551287
0.854793
-0.441820
-0.194554
-0.151248
-0.641990
-0.202155
-0.850886
0.615260
-0.029858
0.581964
0.719671
0.174443
-0.160200
0.318567
0.477294
-0.465278
-0.213112
0.945514
0.936843
0.329659
0.093080
0.740310
0.903924
0.543353
-0.428242
0.800836
-0.351274
0.196976
-0.143424
-0.882799
-0.251737
-0.288631
-0.324619
0.553709
0.560121
0.033391
-0.648445
0.709235
-0.351349
0.321697
0.291200
-0.631677
-0.503860
-0.869000
0.686889
0.973434
-0.334278
-0.526223
0.918948
-0.397436
0.803435
0.012028
-0.657125
0.707360
-0.444618
-0.085366
0.508194
0.204108
-0.888391
-0.635228
0.321309
-0.140128
0.076141
0.996691
-0.586418
-0.363738
0.030081
-0.234863
-0.654503
0.678731
-0.913167
0.636697
-0.952946
-0.417027
0.767696
0.733943
-0.443593
-0.566582
-0.792280
-0.524644
0.035982
-0.988844
0.487384
0.378857
0.718516
-0.957234
-0.706509
0.226710
0.246873
-0.594900
0.591483
-0.431817
0.264972
-0.332377
-0.435127
0.678553
0.303885
0.594954
-0.556310
0.649383
0.273685
-0.469476
0.286079
0.320739
0.113497
0.053776
0.054682
0.669904
0.487194
0.262402
-0.854740
-0.476824
0.273559
0.632645
0.902033
-0.007926
0.675410
-0.804476
-0.781216
-0.077716
-0.399376
0.810267
0.490467
0.865595
-0.522111
-0.944660
0.544149
0.781775
0.650294
0.987839
0.431157
-0.076022
-0.481637
-0.282764
-0.755283
0.631860
0.771012
0.299399
0.301763
0.258206
-0.438199
0.447023
0.781381
0.835359
0.079666
0.683416
-0.172566
-0.244923
0.878939
0.046218
0.677360
-0.520437
-0.143515
0.167827
-0.654841
0.334374
0.223167
0.889307
0.116149
-0.126539
0.877147
-0.452694
0.797440
-0.604490
0.264542
-0.957844
-0.972631
0.035555
0.341556
0.329132
-0.706239
0.903357
-0.223846
-0.924857
0.738716
0.855821
0.758558
-0.433849
-0.389102
0.637499
0.612368
-0.711741
-0.882938
-0.531146
0.456086
-0.537780
0.803228
-0.320746
-0.648472
-0.080624
0.552715
-0.771325
0.466683
0.350153
-0.375815
-0.268776
0.392310
-0.348446
0.766779
-0.266134
0.980686
-0.939460
-0.362776
-0.243160
-0.864317
-0.624060
-0.387338
0.894241
-0.057908
0.223561
0.531740
-0.445540
0.511820
0.648801
0.023314
-0.032094
-0.888978
-0.173458
0.647161
-0.537450
0.745917
0.199875
-0.308775
0.212600
-0.449971
0.315411
0.943824
0.942340
0.966964
0.710603
-0.323794
0.947649
0.771143
0.313429
-0.295510
0.906826
0.689369
0.317152
0.801067
-0.368539
-0.459288
0.332807
0.185922
-0.947468
-0.018392
-0.790765
0.020438
0.092631
0.035776
-0.332401
0.555180
-0.218306
0.867473
-0.753595
0.994294
-0.582497
0.561816
0.938120
-0.640157
0.528780
0.648723
0.036049
0.476430
0.419866
-0.650523
-0.819079
0.326691
-0.961153
0.498074
0.127759
-0.329693
-0.961214
-0.539434
0.856229
-0.908682
0.442175
-0.934537
0.111756
-0.465195
0.101239
0.779355
-0.910015
0.882934
0.646828
-0.663610
0.877228
-0.935668
0.898206
0.815346
-0.575825
0.426987
0.464070
0.460223
-0.096583
-0.116065
0.809700
0.084339
-0.789373
0.848547
-0.417588
0.338386
-0.481146
-0.378802
0.798952
-0.624917
-0.287484
0.241126
-0.559454
0.824272
0.775930
0.541786
0.603627
0.865914
0.424720
0.250456
-0.797695
0.301949
0.314788
-0.899488
0.117296
0.738963
0.527498
-0.418635
0.199186
-0.569084
0.465300
0.008885
0.515254
0.675927
-0.142567
-0.902334
0.014313
0.376287
-0.281136
-0.186736
0.751370
0.431380
-0.945610
-0.808083
0.255654
0.830321
0.733702
-0.140719
0.696235
0.158423
-0.890263
0.898540
-0.539629
0.424525
0.999052
0.577667
0.163488
0.526550
-0.840968
-0.637327
0.957467
0.624331
0.371559
0.472720
0.300259
-0.771008
0.570387
-0.685429
0.605280
-0.710749
0.127835
0.356650
0.720631
0.182225
0.548566
-0.023715
0.012546
0.282269
0.835565
-0.291218
-0.559308
0.945302
-0.392678
-0.098937
0.369827
-0.393626
-0.521270
-0.466685
-0.867075
-0.362238
-0.104012
-0.909609
-0.737906
-0.732452
0.563111
0.562352
-0.503460
0.133498
0.876924
-0.898181
0.422749
0.004758
0.458469
0.143380
-0.813016
0.007035
-0.880335
0.199530
-0.710697
0.955231
0.908312
-0.270005
0.900533
-0.484366
0.631058
0.270360
0.122008
-0.890212
0.803675
0.254933
-0.252451
-0.300337
0.345324
0.009643
-0.032789
-0.091565
-0.428005
0.463751
-0.958066
-0.551081
0.565570
0.464682
0.453678
0.024039
-0.391937
0.640663
-0.968927
-0.272273
-0.159808
-0.679624
-0.317042
-0.251497
0.050371
-0.416510
0.264136
-0.318571
0.853849
-0.613856
-0.208784
0.657524
0.641078
0.538765
-0.642813
-0.013599
-0.451591
0.324398
0.894836
0.120404
-0.211851
0.936771
0.569323
-0.646280
0.401452
0.023001
0.377758
-0.990485
-0.336338
0.408831
-0.262757
0.503854
0.729207
0.420201
-0.747643
-0.220422
-0.996309
0.516494
0.461006
0.857540
0.902638
-0.747778
0.515065
0.543716
0.790988
0.872252
-0.469884
-0.660603
0.196650
-0.575047
0.459801
0.984800
-0.638276
0.029123
-0.661481
0.763177
-0.947876
0.716277
0.772692
-0.284213
0.125108
-0.490066
-0.780359
-0.145685
0.930135
-0.528002
0.633894
0.933826
0.988491
0.094900
0.791366
0.891129
0.347123
0.306430
0.434846
0.138110
0.178682
0.964963
0.477507
-0.624667
-0.610085
-0.062692
-0.639868
-0.248361
0.966431
-0.301349
-0.485185
-0.981445
-0.585071
-0.712494
-0.265658
0.540037
-0.202559
-0.046017
-0.605647
-0.272425
0.425981
-0.971754
-0.338599
0.414473
0.123147
-0.547233
0.305603
-0.529731
0.759198
-0.259551
0.608380
-0.062121
-0.294589
0.085887
0.313212
0.095326
-0.976805
0.673344
0.846966
0.989627
-0.628004
-0.638220
-0.991819
-0.213076
-0.350713
-0.257477
-0.673039
0.446728
0.696507
-0.278687
-0.825697
0.122486
-0.250440
-0.164296
-0.463040
0.872706
0.288471
0.842562
-0.657025
0.047668
-0.416988
0.951355
0.985548
0.288423
0.037242
0.298760
-0.616251
0.060437
-0.027895
-0.769285
0.050063
0.344101
-0.407505
0.058245
-0.868975
0.241782
0.800768
-0.542015
-0.311491
0.497274
0.179299
-0.137188
-0.380239
0.928858
0.698515
0.156721
0.801566
-0.013014
-0.000717
-0.855459
-0.965346
0.582296
-0.904104
-0.979799
-0.129282
0.133138
0.318962
0.254468
-0.806425
-0.708934
0.485183
0.243638
0.635167
-0.922322
-0.698116
0.766191
0.319459
-0.897348
-0.775823
-0.992031
0.599926
0.403476
-0.129220
-0.780313
0.332335
-0.430705
0.376408
0.133900
0.556280
-0.624308
0.278441
0.590934
0.957988
0.374337
0.611135
-0.171294
-0.492525
-0.069903
-0.916826
-0.298949
0.221164
0.568356
0.944689
-0.143669
0.646035
-0.753427
-0.377478
-0.034505
-0.650775
-0.153301
-0.026536
0.949152
-0.749825
0.844244
-0.831162
0.582512
-0.586462
0.545246
-0.283589
0.969818
0.920937
0.994853
0.560753
0.878924
0.369190
0.171888
-0.292370
0.876665
-0.898015
-0.209196
-0.422285
0.323149
-0.640839
-0.477595
-0.820521
-0.994804
-0.231022
-0.197999
-0.029310
0.118203
0.648700
0.944155
0.067355
0.898876
0.788398
0.236193
0.481386
-0.798064
-0.218561
-0.802202
-0.828246
-0.297624
-0.807350
0.732506
-0.418700
0.561839
-0.095605
0.288931
0.438505
0.006380
-0.920265
-0.983780
-0.670472
-0.561104
-0.461376
-0.490993
-0.555908
0.307602
0.311009
0.414783
-0.574194
-0.040291
0.358936
0.493161
-0.141415
0.147334
-0.270647
-0.660029
0.349269
0.510792
-0.462230
0.521025
-0.786832
-0.269580
0.253531
-0.205532
-0.707740
-0.842074
-0.916602
0.730764
0.164306
-0.836867
0.746985
0.493834
-0.397971
-0.714392
-0.997158
0.046121
0.593211
0.313851
-0.539097
-0.980983
-0.726441
0.819839
0.512177
0.132144
-0.032826
-0.758470
0.472115
-0.683557
0.752321
-0.990115
0.837467
0.965489
-0.259695
0.090998
-0.240043
0.032565
0.248924
-0.156645
-0.236672
-0.586771
0.006488
-0.489687
0.907063
0.608518
-0.204079
0.909904
-0.345362
-0.610868
0.223755
0.115541
-0.591852
0.497315
-0.064619
0.920324
-0.370541
0.902554
-0.838145
-0.898425
-0.781003
0.914176
-0.888540
-0.943536
0.879664
-0.148235
0.147463
-0.360378
0.884330
-0.603614
0.482976
-0.352342
-0.190385
-0.510535
0.157971
-0.283322
-0.902017
0.953892
-0.373417
-0.247379
-0.656977
0.850338
0.868162
-0.248828
0.347654
-0.196458
-0.328504
0.977112
-0.293904
-0.166649
-0.921313
-0.074907
-0.252472
-0.809854
-0.018443
-0.372808
0.041911
-0.870980
0.266814
-0.073759
-0.474594
-0.250208
0.573899
0.335020
0.239257
-0.268130
-0.948302
0.337239
-0.314239
-0.321718
-0.910140
0.028785
-0.471380
0.958021
0.779957
0.876273
-0.238437
-0.548547
0.853386
0.467660
0.284804
0.932072
-0.607248
-0.967668
-0.877781
0.374309
-0.340475
0.164130
0.503329
0.926339
-0.909630
-0.971265
-0.323869
0.664269
0.363755
0.915388
-0.603861
0.415454
0.252627
0.081900
-0.906265
0.342487
-0.889315
-0.377645
0.300510
0.890641
-0.501371
-0.937927
-0.657905
-0.647985
0.529731
0.626900
-0.715913
0.922484
0.659231
-0.593694
0.296794
-0.681244
0.570436
-0.199877
-0.754905
0.660806
-0.171142
-0.078774
0.325075
-0.807387
-0.163386
0.721215
0.608066
-0.910758
-0.196885
0.701801
0.431730
-0.086200
-0.675843
-0.267761
-0.195559
-0.177215
-0.205688
0.146536
0.174800
-0.675957
-0.226565
0.458886
-0.753473
-0.567334
0.865192
0.543320
-0.248579
0.435628
-0.656556
-0.003484
0.096433
0.172302
0.917741
-0.578492
0.364915
-0.245644
-0.857278
-0.027019
-0.156403
-0.054164
-0.325217
-0.724672
0.859635
-0.001060
0.007567
-0.335923
0.821726
0.801879
0.810612
-0.003476
-0.874078
-0.415952
-0.544589
-0.627550
0.016713
-0.679397
0.915771
0.768135
0.756231
-0.740785
-0.235350
-0.147337
0.431516
-0.317608
0.274172
-0.203568
0.436748
0.416893
0.769414
-0.719654
-0.637271
-0.555804
-0.444327
-0.777635
0.443136
0.563241
-0.113558
0.264860
0.365118
-0.302946
-0.738616
0.491040
0.281101
-0.283205
0.863490
-0.702185
0.037399
0.779261
-0.934051
-0.206372
-0.961524
-0.169401
0.646291
0.469992
0.512991
-0.079536
-0.733576
-0.050261
-0.662643
-0.964163
0.230085
-0.299914
-0.519967
0.785758
-0.077550
0.923169
0.348998
0.808891
0.188027
-0.285883
-0.494054
0.449411
-0.794842
0.787048
-0.833793
-0.931351
-0.915138
0.203605
0.847910
-0.849189
0.997234
0.886385
-0.018590
0.643526
0.356378
-0.505598
-0.436010
0.622802
0.444140
-0.098653
0.658640
-0.325775
0.601432
-0.861328
-0.540017
-0.476117
-0.938160
0.808980
-0.667225
0.249868
-0.476903
-0.161279
-0.300721
-0.271745
-0.374231
-0.134514
-0.203096
-0.289369
-0.930909
-0.355186
-0.138557
-0.933675
-0.468801
0.842853
0.709853
0.887577
-0.662745
-0.726158
0.510380
0.781396
0.175188
0.169019
-0.544379
-0.223379
0.307691
-0.084396
0.300504
0.369532
-0.275416
0.633280
-0.380601
0.247682
-0.527999
0.318679
0.975938
0.097769
-0.815835
-0.227159
0.808401
-0.746744
0.417655
-0.330156
-0.680418
0.948853
-0.487303
-0.970567
0.836431
-0.150048
-0.696725
0.346810
-0.368653
0.478463
-0.484171
0.086968
-0.744915
0.823521
-0.997429
0.555589
0.193053
-0.272845
0.188869
0.812451
0.974836
0.660869
0.131130
0.950774
-0.241361
0.315295
-0.276386
-0.432960
0.568551
-0.858731
0.236884
0.888132
-0.909877
0.749581
0.917565
0.926553
-0.400468
-0.779159
0.273363
0.230880
0.699305
0.789192
-0.682153
0.954390
0.612712
-0.679582
0.509978
-0.194236
0.047573
-0.301153
-0.381784
0.022410
-0.640283
0.749346
-0.026817
0.118356
0.064640
0.696797
0.685397
-0.366809
0.838066
-0.077719
-0.478677
0.928189
-0.328138
-0.561111
0.854743
0.271394
-0.340270
0.128105
-0.497727
-0.640966
-0.082703
-0.179879
-0.686577
-0.469990
0.140539
0.823402
0.335774
-0.811888
-0.477750
0.953990
0.210521
-0.118033
0.703335
-0.816296
-0.999676
-0.232025
0.880503
0.685721
0.401167
0.718568
-0.391998
0.922490
0.646757
0.279864
-0.638621
0.501499
-0.448742
0.021108
-0.370395
0.053532
0.380142
0.546902
0.873651
0.693566
-0.923088
0.014191
0.516967
0.412686
0.202303
-0.960783
0.366676
-0.587176
-0.078816
0.070011
-0.403471
-0.078493
0.837986
-0.522969
-0.392771
0.239153
-0.804401
0.215231
0.161643
0.842356
-0.504906
0.523021
0.343856
0.046352
-0.455870
0.973462
-0.900116
0.924273
0.520363
0.973537
0.617837
0.597275
-0.012273
0.134805
0.009960
-0.809970
0.174022
-0.623364
-0.397145
-0.904795
0.446647
0.199384
0.016713
0.284633
0.676414
0.623941
-0.476213
0.872015
-0.160828
0.685429
0.714371
0.334266
0.208451
0.058226
-0.619381
0.752580
0.031688
-0.519497
0.676854
-0.447950
-0.545960
0.294691
-0.850675
0.441767
-0.570504
0.159286
0.631798
0.603517
0.535923
-0.765348
0.698722
-0.017430
0.434036
-0.284564
-0.732797
0.110451
-0.660623
-0.209011
-0.017535
0.178548
-0.523581
-0.303164
-0.487185
0.684870
0.755062
-0.106566
0.437451
-0.213251
0.373937
0.114304
0.338799
0.827976
-0.591005
0.488125
0.269744
-0.161510
-0.352589
-0.098459
-0.557993
-0.816666
0.136193
-0.859270
0.165903
-0.429771
-0.143835
0.433106
0.680680
0.195541
-0.775904
-0.336856
-0.625910
-0.299486
0.359979
-0.113094
-0.614616
0.115041
0.780340
0.822835
0.901791
0.154276
-0.062860
0.240590
-0.017747
0.346135
-0.271284
-0.748004
-0.815376
0.376127
0.153536
-0.373369
0.559461
-0.710271
-0.232639
-0.274636
-0.140042
0.623526
-0.841530
-0.459363
-0.180932
-0.617435
0.203781
0.193159
0.083079
-0.436240
-0.919936
0.468464
0.678802
0.860403
0.291300
0.580592
0.014679
-0.771561
-0.178818
0.996932
0.574573
0.549898
-0.751072
0.759197
-0.073976
0.402465
-0.614171
-0.514515
0.692194
0.153190
0.210848
-0.447849
-0.223283
0.369319
0.092788
0.595786
0.751883
-0.703431
-0.211057
-0.165037
-0.139671
-0.130993
-0.696573
-0.460871
-0.270590
0.594726
-0.880280
0.744089
0.823165
-0.059098
0.741020
0.397738
-0.509201
0.989949
0.156935
0.416823
0.392413
0.542765
0.902309
0.084606
-0.304045
0.113158
0.636758
0.472672
-0.517524
-0.270454
0.068457
-0.765640
0.026114
0.857401
0.069322
0.886443
-0.273592
0.372749
-0.574428
0.455817
-0.032525
-0.454708
0.199906
-0.209360
0.486194
-0.059073
-0.811622
0.976993
-0.069124
0.345314
0.393817
-0.676711
-0.111923
0.296126
0.407896
0.584032
-0.590716
0.044653
0.056704
-0.108240
0.774199
-0.874840
0.126120
-0.199686
0.982560
-0.804558
-0.313243
-0.291032
0.568192
0.112328
-0.835215
-0.464334
0.657621
0.364693
0.326307
0.143815
-0.694381
0.514685
0.120808
0.236496
-0.140003
-0.485374
0.559784
0.748073
0.810752
-0.032320
0.332106
-0.779963
-0.987667
-0.611191
0.111798
0.786534
-0.486030
-0.762083
-0.413153
-0.503470
-0.566641
0.273603
0.205499
-0.998449
-0.614068
0.370283
-0.462783
-0.956447
-0.265025
0.863524
0.187368
0.040594
0.378207
-0.691824
-0.722910
-0.761796
-0.177197
0.836874
0.986277
-0.366445
-0.195447
0.318383
-0.146409
-0.183113
0.707192
0.965389
-0.396581
-0.778837
-0.796694
0.190266
-0.282307
-0.363334
-0.536130
0.923190
-0.361784
-0.150198
0.293473
0.175433
-0.106646
-0.971551
0.038956
-0.919277
0.069043
-0.582837
-0.611101
0.346133
-0.344634
0.211701
0.183008
-0.358356
0.845256
0.987561
0.960027
-0.301153
-0.195553
0.667221
-0.335763
0.407868
0.888384
-0.132458
-0.401866
-0.393924
0.504207
0.062003
-0.470734
-0.857577
0.911806
0.822741
0.317856
-0.194840
0.851189
-0.643188
-0.114117
-0.079766
-0.226025
0.274781
-0.733633
0.429341
-0.513518
0.449375
-0.929015
-0.668262
0.436935
-0.968988
0.030586
-0.758617
0.698233
0.694823
0.649251
0.586616
-0.437635
-0.752616
-0.807308
-0.933428
0.309387
-0.278042
-0.791005
0.221192
-0.455301
0.526852
-0.973648
-0.604111
0.883663
-0.087766
0.316122
-0.342361
-0.812985
0.582489
-0.913021
-0.326502
0.031863
-0.842036
0.005236
-0.531201
-0.811024
-0.964178
-0.289818
0.887209
0.730645
-0.640568
0.473827
-0.706991
-0.393184
0.666518
-0.640419
0.916202
-0.611523
-0.431423
0.137395
-0.066824
-0.904571
0.163746
0.329064
0.979092
-0.924019
-0.354813
-0.363270
-0.737004
-0.772324
-0.276290
-0.063506
0.259540
-0.118327
0.941730
0.728338
0.070650
0.977553
-0.561480
-0.042140
0.708197
-0.202048
-0.568314
-0.998793
0.404768
-0.901796
-0.639212
0.320970
-0.513319
-0.070635
-0.541635
0.419857
0.024794
0.622112
-0.251078
0.003886
0.698092
0.394109
0.640617
0.961089
0.621785
-0.635674
-0.102417
-0.118676
0.246000
-0.160687
-0.390338
-0.683351
-0.183134
0.048183
0.274509
-0.474937
0.846135
0.706196
-0.473730
0.250902
0.804398
-0.112943
-0.428127
-0.708920
0.816423
0.030238
0.710937
-0.158784
-0.347650
-0.540142
0.845101
-0.649558
0.853966
0.485718
-0.688469
0.475751
0.850044
0.209113
-0.642925
0.096043
-0.951573
-0.033263
0.412692
-0.134708
-0.985080
-0.312799
0.390355
0.861054
-0.606604
0.916624
0.111958
-0.802205
-0.196318
0.683832
-0.511125
-0.379896
-0.285930
-0.800188
0.461320
0.366420
-0.340330
0.306421
0.716862
-0.486364
-0.207861
-0.971607
0.989388
-0.357819
0.237507
-0.653538
0.738224
0.285934
0.313199
0.150916
-0.848774
0.328120
0.838116
0.541580
0.189174
-0.768487
0.458205
-0.698867
-0.570692
-0.738113
0.984965
-0.081817
-0.118009
-0.300965
0.117994
-0.656689
-0.934545
0.777664
0.649733
0.782317
-0.708699
-0.558130
0.810710
-0.719312
0.084051
0.048218
-0.372850
-0.177725
-0.665849
0.940350
0.973191
-0.514623
0.268470
0.811308
-0.973042
-0.542356
-0.957179
0.485162
-0.241223
-0.527872
0.747051
-0.256259
0.390311
-0.370959
0.442776
-0.491695
-0.027648
0.508231
-0.714030
-0.377916
0.290548
-0.422729
0.063954
0.101258
-0.142041
-0.851994
-0.850524
0.485109
-0.029718
-0.516373
0.425459
-0.056527
-0.030996
-0.306072
-0.245219
-0.004039
0.151572
-0.202399
-0.518875
0.910349
0.269730
-0.771825
-0.345910
-0.339959
-0.142784
-0.903134
0.168346
0.829569
0.605097
0.454317
-0.548348
-0.104356
-0.968413
0.515606
0.996902
-0.110454
0.663612
-0.853621
-0.625345
-0.366106
-0.369994
0.800114
0.577366
0.599011
-0.505958
-0.667853
-0.405028
0.645615
0.129748
0.076097
0.555964
-0.600522
0.304272
-0.789946
0.059518
-0.838512
-0.693080
-0.772135
0.991056
0.912018
0.682181
-0.557292
-0.192337
0.713768
0.958315
-0.195434
-0.396686
0.621926
-0.049056
-0.022031
-0.744180
0.580950
-0.221916
0.833186
0.179961
0.272127
-0.834667
0.774932
-0.082259
0.295081
-0.148971
-0.526296
0.694558
-0.844700
-0.316242
-0.245923
-0.683212
-0.009321
-0.018059
-0.692156
-0.097303
-0.335878
-0.249448
0.710359
-0.622110
-0.291133
-0.485076
-0.018796
-0.669207
0.465869
0.959174
-0.413388
0.046819
-0.262742
-0.580201
-0.773221
-0.990616
-0.414869
-0.998289
-0.072875
0.880213
-0.147260
0.400829
0.574771
0.008040
-0.915412
-0.671152
0.324829
0.075267
0.310789
0.632672
0.977962
0.974911
-0.616775
0.688322
-0.647199
0.092092
-0.796755
0.334004
0.422885
0.669113
0.293179
-0.990502
-0.284068
-0.969564
-0.570704
-0.057288
-0.960180
0.014428
-0.055578
-0.033055
-0.105360
0.797163
-0.632226
-0.530589
-0.194797
-0.547638
-0.201741
-0.869968
0.527629
-0.890952
0.762704
0.505592
-0.916041
-0.854070
0.193913
-0.563240
0.238022
0.397158
0.770764
-0.339093
0.066272
0.063942
-0.329595
0.782205
0.094378
0.099701
-0.275085
0.134198
-0.885871
0.669338
-0.898857
0.008769
0.466501
-0.531083
0.478181
-0.728296
-0.078721
-0.723560
-0.598265
-0.551092
-0.614511
-0.835560
0.954500
-0.530553
-0.689629
0.148413
-0.093793
0.548394
-0.454429
-0.323029
-0.790699
0.611843
0.740914
-0.120294
0.394047
-0.164708
0.979407
-0.881037
0.969489
-0.906464
0.788301
-0.929367
0.102306
0.254801
-0.460451
-0.419513
0.526504
0.460828
-0.143072
0.928239
0.909736
0.242416
-0.907320
0.864236
0.711863
-0.596949
0.012649
-0.381930
0.951445
0.558220
0.295042
-0.839255
0.170064
0.035955
0.040451
-0.435889
0.871247
0.019858
-0.316926
0.840737
0.113394
-0.528625
0.911370
-0.784300
0.726175
-0.549081
-0.203813
0.252680
0.911748
0.653115
0.180920
0.821483
-0.104468
0.273601
0.685721
-0.392606
0.676652
-0.301631
0.225465
0.628098
-0.743411
-0.479493
0.788841
0.426653
0.556463
-0.170706
0.990763
0.427711
0.849152
-0.326162
0.268448
-0.037454
0.145214
0.179818
0.178246
-0.128611
0.630737
0.974433
-0.875930
0.542486
0.627549
0.304990
0.363969
-0.476920
-0.421409
0.049689
0.130475
-0.744757
0.748058
-0.644060
0.883341
-0.995353
-0.123553
0.672182
0.431300
-0.567090
-0.498525
0.422064
0.860621
-0.649373
-0.904098
0.129069
0.313173
0.241115
-0.691113
-0.508581
-0.887495
0.939624
-0.534147
-0.763426
0.482109
-0.906599
0.541565
-0.153921
-0.383518
-0.879845
0.895768
0.746957
-0.624602
0.643826
-0.897104
-0.741262
0.648473
-0.020656
0.930921
0.079772
0.412254
-0.567604
-0.498164
0.272874
-0.216977
-0.402261
-0.598057
-0.903804
0.838853
-0.289171
-0.412385
0.951359
-0.349547
0.053468
-0.812067
-0.867437
0.146868
0.729498
-0.021358
0.763350
0.849653
-0.125590
0.510306
-0.774948
-0.481765
0.613202
-0.516210
-0.833292
-0.407454
-0.585290
0.246481
-0.995200
-0.152893
0.748316
0.277674
0.630129
-0.653945
0.679618
0.726326
-0.815091
-0.609554
-0.686060
-0.863732
0.040899
0.367407
-0.675799
0.173463
-0.485724
-0.946301
-0.847895
-0.722375
0.903351
0.026515
0.787931
-0.871596
0.544750
0.401134
-0.387806
0.711457
0.993680
0.026904
-0.042062
0.998481
0.874009
-0.293746
0.276154
0.504140
0.052309
-0.044229
0.230465
0.237219
0.346218
0.544404
0.373486
-0.612882
-0.088189
0.697688
0.560581
0.426087
0.751387
0.712685
0.703712
0.654739
-0.260800
0.491644
0.783142
-0.716050
-0.107222
-0.604663
0.995407
-0.113541
0.422240
-0.046655
-0.115061
0.296250
0.659599
-0.838907
-0.199611
-0.288091
0.116864
-0.969146
0.949128
-0.536918
0.575258
0.322614
-0.149800
-0.512931
0.020303
-0.589220
0.913156
-0.228310
-0.876534
0.616868
-0.573571
-0.137335
0.108512
-0.790428
0.146615
-0.998710
-0.395092
0.142022
-0.112252
-0.972852
-0.904633
0.772686
0.323399
0.754967
0.933779
-0.876212
-0.533125
0.050644
-0.845358
-0.583997
0.513726
0.729901
0.738617
-0.636074
-0.783030
-0.241080
-0.225294
-0.869874
0.530610
-0.101828
0.746995
0.957038
0.760837
-0.144494
-0.833389
-0.092548
-0.143204
-0.228481
-0.950526
0.744544
-0.201333
-0.855159
0.517231
-0.877934
0.899807
0.451010
-0.754146
-0.633317
-0.498346
-0.599504
-0.217314
-0.984620
-0.869603
-0.478696
-0.620694
-0.652633
0.280224
0.154013
-0.522507
-0.189167
-0.947816
-0.775513
-0.232128
0.813022
0.079994
-0.065517
-0.279527
0.936788
0.706001
-0.230052
0.681333
-0.495331
-0.085212
0.198564
-0.373265
-0.185404
-0.350426
-0.127410
0.181280
0.151229
0.273086
0.963965
0.166609
0.403483
-0.514731
0.545915
0.750850
0.765493
-0.300072
-0.771657
-0.423673
-0.247888
-0.547170
0.344199
-0.434866
0.532823
-0.721319
0.285607
0.469613
0.984683
-0.944446
0.150946
-0.510647
-0.029657
-0.650490
0.116087
0.784939
-0.000915
0.988676
-0.033782
-0.849686
0.261763
-0.069817
0.316923
-0.334754
0.415452
-0.137161
-0.583904
0.180945
0.562767
-0.355561
0.757271
-0.685121
0.097268
0.101471
-0.119987
-0.369909
0.380151
-0.834380
-0.900297
0.364835
-0.778826
0.250650
0.854187
0.191517
0.600159
-0.029725
-0.023543
-0.400755
-0.041048
0.942676
-0.250441
-0.779285
-0.127141
-0.933518
-0.114039
-0.711689
-0.070679
0.302057
0.469256
-0.507912
0.946495
0.226528
-0.193032
0.043763
-0.672002
0.686980
0.673855
0.708150
0.852600
0.773557
0.072985
-0.926225
0.024207
-0.072829
0.265292
-0.375634
0.897447
-0.758251
0.223611
-0.143601
-0.815576
0.973170
0.077114
0.057282
-0.960348
0.963075
0.345592
-0.031026
0.265132
-0.185151
0.461063
0.211627
-0.958623
-0.731970
-0.744610
-0.630625
0.955012
0.929244
-0.922475
0.807611
0.702800
0.150509
0.881387
-0.272992
-0.922319
0.146678
0.351374
0.975128
0.388428
-0.425015
-0.168473
0.572851
-0.451845
0.908640
-0.369867
-0.412193
0.871717
0.975727
0.556781
0.136848
-0.209425
0.017844
-0.651525
-0.168048
0.285873
-0.396136
0.201326
0.240884
-0.466892
0.278851
0.048495
-0.764091
-0.570639
-0.070118
-0.037083
-0.492958
-0.923440
-0.685709
-0.517831
0.464988
-0.110724
0.313697
0.037838
0.437431
0.222338
0.667971
-0.974761
0.094053
0.643697
0.582019
-0.769099
-0.565728
-0.400138
-0.420624
0.266224
0.885736
0.183241
-0.532449
0.126620
0.716349
0.746401
-0.824885
0.952259
-0.824238
0.104997
-0.084825
-0.317196
0.181557
0.229466
0.164973
-0.353455
-0.881258
-0.521330
0.684383
0.556174
0.701008
0.352355
0.581412
-0.204939
-0.003948
0.163432
0.025962
0.430324
0.763293
0.605339
-0.303451
0.649030
-0.211420
0.164099
-0.224350
-0.495072
-0.089499
-0.049234
-0.542813
0.086263
-0.944238
0.372362
0.769067
0.237319
-0.398173
-0.065959
0.883864
-0.279430
0.412712
0.568247
-0.723257
0.113719
-0.079397
0.858155
0.908780
0.916654
0.021586
-0.065257
0.346979
-0.215120
-0.459918
-0.956473
-0.566090
0.328660
0.207627
0.209559
0.833589
-0.881873
-0.839675
-0.709224
0.204390
-0.783913
0.663138
-0.026542
0.453407
-0.735035
0.907499
0.337270
-0.014466
0.320210
-0.094483
0.262277
-0.566070
0.826119
0.120432
-0.657290
0.742774
-0.857982
0.277453
0.089753
-0.073101
0.817535
0.133280
0.360809
0.146195
-0.659093
-0.429632
-0.020215
-0.540966
-0.269307
0.270561
0.663424
-0.053220
-0.066303
-0.363118
-0.599814
0.198662
-0.455618
0.737456
-0.815803
0.864592
-0.357027
0.446474
-0.701477
-0.530908
-0.433094
-0.358767
-0.788134
-0.291076
0.918687
0.301619
0.635823
0.736221
-0.565101
-0.003368
-0.117583
-0.224194
0.567000
0.862201
0.234840
-0.702307
0.132762
-0.101736
0.244473
-0.933540
0.535146
0.644659
0.265123
-0.920472
0.382115
0.449320
0.944120
-0.974912
-0.104207
-0.757357
-0.505820
0.462699
-0.116124
-0.293954
-0.828376
-0.197438
-0.992335
0.807447
-0.461217
-0.557436
-0.195922
0.421199
0.218369
-0.628922
0.283402
-0.546791
-0.331229
-0.583836
0.351473
0.913244
-0.517376
-0.113381
0.557902
0.747748
-0.033854
-0.059983
0.197067
-0.089733
-0.034894
-0.907140
0.152910
0.459286
0.555559
-0.963214
-0.834669
0.727184
-0.160652
-0.827004
0.534630
0.378131
-0.384440
-0.661292
-0.200669
0.833930
-0.290214
-0.917267
-0.712862
0.378557
-0.501103
0.638611
0.291801
-0.018478
-0.474770
-0.150297
-0.270730
0.491376
0.789722
0.926337
-0.598357
-0.245173
-0.980804
0.554553
-0.785888
0.574756
0.591340
-0.620557
0.301940
-0.569313
-0.447561
-0.163431
0.808819
0.167998
0.175277
-0.391849
0.001928
0.885063
-0.309116
0.289066
0.263621
0.189781
-0.072323
-0.444578
-0.828697
0.452907
0.405125
-0.099428
-0.055717
0.194847
-0.173091
0.345926
0.949672
-0.153895
-0.099520
-0.836215
-0.579139
-0.508182
-0.456772
0.722801
-0.077494
0.095667
-0.440629
-0.268675
-0.736335
0.734649
0.339474
0.265592
0.619712
-0.969641
-0.445341
-0.116667
0.220139
0.482336
0.438755
0.391443
-0.064757
-0.156120
-0.707984
0.879525
-0.961274
0.118925
0.225451
0.988400
0.965029
-0.874069
-0.847816
-0.614108
-0.382251
-0.304589
-0.891307
0.540255
0.791077
-0.331937
-0.728421
-0.945257
-0.597288
0.611055
0.320336
-0.977576
0.641413
0.874995
-0.094244
-0.138447
0.357331
-0.655489
-0.747004
-0.707427
0.188391
-0.454988
-0.827901
0.227118
0.663938
0.397551
0.215517
0.628967
0.523482
0.367701
-0.985141
-0.858769
-0.936888
-0.876448
0.681486
0.854190
-0.208385
0.953065
0.908932
0.194327
0.564120
0.229268
0.216751
0.205532
0.104263
-0.877492
-0.932915
-0.538406
-0.532981
-0.679918
-0.245833
0.655411
-0.134906
-0.073734
-0.117472
-0.470968
-0.676184
-0.901956
-0.842001
0.847298
0.465744
-0.827142
0.988529
0.528857
-0.703590
0.670016
0.383046
0.088025
0.623081
0.291979
-0.717648
0.187201
-0.478752
0.499103
-0.607267
0.625511
0.621611
-0.540182
-0.912895
-0.911371
-0.220100
-0.158728
0.744040
0.644995
0.767537
-0.373433
-0.825974
-0.908646
-0.275389
-0.667975
0.938653
-0.809644
-0.495117
0.927181
0.719212
-0.198706
0.597197
0.102258
0.889318
0.220277
-0.605762
-0.828329
-0.592523
-0.084514
0.670773
-0.199790
-0.459003
0.292383
0.260028
-0.371898
0.381013
-0.960072
0.469374
0.125053
0.684922
0.236911
0.751620
0.858949
0.328266
-0.523768
-0.809026
0.266917
-0.333412
-0.304143
0.194098
-0.614200
0.497151
-0.208705
0.488058
0.386469
-0.988428
0.882298
0.558141
-0.580951
-0.202217
0.228913
0.219259
0.338781
-0.478703
-0.520713
0.966883
0.902310
-0.480784
0.436257
0.027363
-0.795862
-0.326832
-0.221017
-0.936913
-0.998567
0.255215
-0.745940
0.268350
0.921802
-0.050082
-0.537551
-0.692397
-0.552932
0.253744
0.795661
0.833538
0.265315
0.677959
0.391678
0.684364
-0.524259
-0.379408
-0.096377
0.814522
0.141888
0.382910
0.781403
0.044199
0.902126
0.217660
-0.928438
-0.893736
0.890827
-0.149454
-0.830649
0.892261
-0.894239
-0.576589
0.160611
-0.972436
0.373330
0.623058
-0.664834
0.820398
-0.123198
-0.869173
0.653935
-0.857882
0.808785
0.045613
0.826483
-0.715473
0.666204
-0.269894
-0.900952
-0.191907
-0.886983
0.880452
0.852293
-0.984857
0.098112
0.923855
-0.878593
-0.011061
-0.225599
-0.709242
-0.118801
-0.119838
-0.285830
-0.958190
-0.092275
-0.912501
0.664869
0.242891
0.907896
-0.458329
0.373718
0.561832
-0.316212
0.182504
-0.392555
-0.489729
0.467030
-0.726350
0.240377
0.566079
0.081744
0.353392
0.446531
-0.065964
0.368535
-0.455358
-0.142110
0.489943
0.533580
0.632292
0.780701
-0.585220
-0.487547
-0.505128
-0.543410
0.420178
-0.417630
-0.878541
-0.336931
-0.509733
-0.336870
-0.963212
-0.947901
0.346918
0.219292
-0.340456
0.857189
-0.313677
-0.066806
0.097565
-0.747598
-0.985063
-0.549042
0.698933
-0.051027
0.819494
-0.756426
0.806865
0.309437
0.777156
0.439155
0.090139
-0.808065
0.951609
0.585011
-0.351475
0.371787
-0.832620
-0.230016
-0.965144
-0.342352
0.433113
-0.928356
-0.290254
-0.219968
0.290936
0.369290
-0.362779
0.977258
-0.697516
0.734786
-0.770339
-0.682578
-0.814255
0.928592
0.266395
-0.994761
-0.827833
0.073259
0.314676
0.949321
-0.487585
-0.595186
-0.858743
-0.535976
0.989824
-0.210218
0.835811
-0.842795
0.559767
0.870667
-0.185148
-0.007119
0.942310
0.524599
0.772912
0.233247
-0.106111
-0.589866
0.210506
0.196373
-0.855080
0.440166
0.513794
-0.669335
0.368759
-0.219810
-0.664096
0.540925
0.853449
0.650579
0.490247
-0.634136
-0.944607
0.631505
-0.170112
-0.954782
-0.578713
-0.334302
-0.797578
0.981054
-0.463635
0.017275
-0.026066
-0.521325
-0.458127
-0.253153
0.711921
0.435761
0.156980
-0.077573
-0.367866
0.301901
-0.637407
-0.854071
0.632566
0.731351
-0.073881
0.968469
0.272277
-0.220432
0.619048
-0.237476
0.145432
0.674442
-0.605971
0.975320
0.719659
-0.184683
-0.358981
0.922082
-0.203630
0.177383
-0.060644
0.770306
0.656058
0.481229
-0.482848
0.367981
-0.083010
0.674133
-0.709592
0.549125
-0.023967
-0.346999
0.695053
-0.391402
-0.615648
-0.378828
-0.422932
0.656628
0.400741
-0.803884
-0.580847
-0.453828
0.870559
-0.186818
-0.478507
0.590218
0.628498
0.162511
0.512299
-0.575132
-0.660105
-0.548345
-0.804827
0.995954
0.932884
-0.287675
0.363934
-0.150127
-0.613543
0.654342
-0.601002
0.362490
-0.692657
-0.905949
0.971089
-0.308305
-0.284776
-0.451844
-0.651677
-0.884036
-0.255727
-0.232525
-0.337864
-0.385169
0.580656
0.183629
-0.794951
0.209155
-0.653860
0.717348
0.634023
-0.313966
-0.830997
0.829197
-0.318012
-0.898113
-0.458478
-0.954078
-0.048239
-0.072022
0.700263
0.350758
-0.709531
-0.992394
0.444811
-0.738443
-0.300700
-0.839966
-0.190287
0.047623
-0.724003
0.553986
0.815099
-0.061866
-0.831183
0.395756
-0.878238
-0.626134
-0.395089
-0.532098
-0.908786
-0.761065
0.153937
-0.739783
-0.931869
0.835925
-0.637896
-0.390347
0.881846
0.313864
0.537631
0.582110
-0.335377
0.828100
0.589716
-0.890567
-0.910342
-0.710984
-0.730534
-0.100629
0.336640
-0.454536
-0.546643
0.151739
0.483596
-0.377826
-0.452504
0.605359
-0.003960
0.152406
-0.926739
0.087254
0.391341
0.227198
0.347471
0.459473
0.063121
0.709574
-0.930874
-0.055033
0.023439
0.606758
-0.472924
0.688062
0.434858
-0.883208
0.797495
0.524516
-0.594191
-0.933039
-0.576112
0.742448
-0.387575
-0.122755
-0.105813
-0.903978
0.499420
0.441683
0.701381
-0.504540
-0.405910
0.774643
0.582714
0.985431
0.001839
-0.069815
0.444904
-0.935039
-0.360240
0.514030
0.009927
0.663200
0.120788
0.537004
0.351261
-0.444353
0.653796
0.148755
-0.919836
-0.940396
0.215717
-0.495948
0.802052
0.828142
0.381297
-0.303759
0.924163
-0.119284
-0.862076
0.625545
0.376177
-0.267985
0.400188
-0.041109
-0.282554
-0.597974
0.889077
-0.837650
-0.533013
-0.471164
0.676381
0.476915
-0.807965
-0.202830
0.013918
0.543296
0.352817
-0.332286
-0.307948
0.432980
-0.272682
0.907770
0.937033
-0.470628
0.735912
0.318329
0.225613
0.660076
-0.800954
0.363537
0.285621
0.575222
-0.904449
-0.314192
-0.465886
-0.187003
0.087835
-0.576810
-0.024653
0.554821
-0.047974
-0.348272
0.031735
0.144061
0.448898
-0.954346
-0.312643
-0.198286
-0.286632
0.379409
-0.765305
0.440687
0.287178
-0.828273
0.970058
0.023090
0.490057
0.195672
-0.316834
0.689102
-0.440792
0.968786
0.264326
-0.345241
-0.345405
0.798439
0.467755
0.742429
-0.778371
-0.556897
0.297249
0.173654
0.094831
-0.671015
-0.682285
-0.456271
-0.625361
0.005072
0.345443
0.088007
-0.615519
0.580138
-0.471306
0.671660
0.751865
-0.501248
-0.305250
0.241922
0.694425
0.377916
-0.068975
-0.746368
0.346703
-0.804649
-0.091609
-0.998703
0.993790
-0.623853
0.743726
-0.784582
-0.180750
0.040976
0.389072
0.914080
0.369961
0.706788
-0.542190
0.744600
-0.288140
0.803253
-0.167392
0.096342
0.383390
0.361301
-0.231999
0.135256
0.860053
0.462751
-0.622822
0.554477
-0.159333
0.308203
0.808108
-0.812631
0.503553
-0.283500
-0.811334
0.497343
0.092647
0.932393
0.712762
0.911896
-0.026632
0.101835
0.825977
-0.656670
-0.191377
-0.716213
-0.912070
0.520483
-0.912960
-0.079463
-0.383175
0.470430
-0.718162
0.384827
-0.394314
-0.858108
-0.152422
-0.017135
0.696369
0.688244
-0.708932
0.504478
0.875614
0.794622
-0.779022
-0.935720
0.291965
0.313625
0.996673
0.004726
0.225521
-0.029959
-0.893439
0.051498
0.313371
-0.084816
0.335286
0.401301
-0.564332
0.422325
-0.678162
0.052494
-0.107245
-0.396323
-0.562680
0.498442
-0.254432
0.284898
-0.518694
-0.558063
-0.026859
-0.227626
0.946415
-0.151245
-0.433005
-0.832607
-0.086965
0.858960
0.481017
-0.090292
-0.136314
-0.293462
0.879749
-0.029752
0.758036
0.193121
0.885432
0.093321
-0.405579
-0.678900
-0.484353
-0.083741
0.373593
0.408401
0.519936
0.810913
-0.093157
-0.734496
0.095810
0.388149
-0.292559
-0.931048
-0.839477
-0.346144
-0.082293
-0.272482
-0.178751
0.830742
-0.413522
-0.697734
-0.259550
0.450163
0.008804
-0.379800
-0.579589
-0.233161
0.813320
-0.694157
0.860161
-0.592258
-0.373057
-0.624193
0.324001
-0.999464
0.784209
-0.156062
0.811449
-0.308948
0.109442
-0.092741
-0.920798
0.816883
-0.023789
-0.760275
-0.529261
0.893917
-0.032757
0.291988
0.724660
0.553720
0.594254
-0.534890
0.003885
-0.396943
0.085311
0.424295
0.369896
-0.101370
0.730138
0.230057
0.306372
-0.642919
0.605864
-0.369627
-0.642383
0.390071
0.474312
-0.830934
-0.918876
-0.416247
0.076326
-0.839674
-0.599364
-0.947464
-0.599950
-0.128624
0.946454
0.367293
-0.836636
0.671114
-0.078986
0.757617
-0.863776
0.924898
-0.639325
0.221534
0.349194
0.730572
-0.879836
0.079332
-0.039372
0.426536
0.436413
-0.433508
-0.943090
0.794029
0.956565
0.531221
0.963097
-0.962312
-0.885027
0.039421
-0.801986
-0.484391
0.091958
-0.401936
0.386985
0.038412
0.965358
0.550349
-0.290475
-0.113629
0.307966
-0.154251
-0.188731
0.668642
-0.932718
-0.839538
0.399213
-0.812553
0.239794
-0.640159
0.613983
-0.323794
-0.073667
0.670893
-0.529764
-0.117103
0.202112
-0.566667
-0.079415
0.317085
0.472754
0.118599
0.832694
-0.435288
0.716663
0.219680
0.603124
0.682020
-0.229972
-0.687352
-0.431608
-0.922005
0.158397
0.379660
0.746637
0.225679
0.540123
0.145849
0.413126
-0.220084
0.505690
0.027109
0.456123
-0.567977
-0.301999
0.926360
0.314920
0.900115
-0.640308
-0.764494
0.217200
0.832447
0.354104
0.049895
-0.602840
0.070768
-0.730425
-0.999717
-0.247212
0.039603
-0.687068
0.321180
0.117598
0.471329
-0.299160
-0.135766
-0.302992
-0.759037
-0.989917
-0.889865
0.020879
0.515772
0.137244
-0.522998
0.947795
0.835245
-0.596638
0.262716
0.735359
-0.236945
0.498222
-0.047441
-0.404499
-0.147673
-0.997546
-0.007339
0.923096
-0.727971
-0.007056
-0.324117
0.311632
0.305876
0.997062
-0.570770
-0.222795
-0.302097
0.293464
0.474214
-0.061135
0.303547
0.584350
0.959745
-0.180679
-0.278407
-0.563254
-0.232883
-0.443162
-0.159892
-0.970166
-0.707802
0.603162
0.528056
0.244757
-0.801336
-0.619616
0.247210
0.191325
-0.696521
0.519240
-0.815731
-0.020638
-0.169128
0.490146
-0.023575
0.260103
-0.732649
0.674327
-0.446434
0.741565
-0.386807
0.857113
0.325914
-0.427063
-0.323566
-0.952492
0.009683
0.443551
-0.395654
0.849792
0.473385
-0.103457
0.452953
0.001441
-0.858700
0.651618
0.381825
0.388511
-0.157059
0.685304
-0.092250
0.027211
-0.335334
0.738623
-0.482644
0.641091
-0.001276
-0.215292
0.315419
0.552290
-0.473727
0.928611
0.409404
0.852187
-0.498452
-0.914161
0.899695
0.511230
0.529390
-0.495959
0.361022
0.002776
0.400585
-0.186024
-0.995782
0.541886
-0.534408
0.386043
-0.069604
0.308534
0.071346
0.838145
-0.664255
0.736013
0.576768
-0.146899
0.377103
-0.424507
0.637809
-0.307478
-0.872217
-0.835919
-0.378867
0.537187
-0.983731
0.122681
0.623027
0.915965
-0.366088
0.152418
-0.579995
0.994934
-0.844806
0.820591
-0.191090
-0.840589
0.362475
0.274502
0.545455
-0.707128
-0.416964
-0.383200
-0.868982
-0.081220
-0.647187
0.707787
0.771880
0.729917
-0.716721
0.409689
-0.577561
-0.588938
0.573770
0.043572
0.948249
0.590038
-0.833747
0.571276
0.506003
-0.199835
-0.276306
0.926009
-0.204900
-0.121112
0.746598
0.604009
0.038299
0.109075
-0.121490
-0.416247
0.401947
0.461547
0.200554
0.532966
-0.619674
0.553368
0.240751
-0.847793
0.283284
0.524030
0.561896
0.705723
0.935093
0.135666
-0.250704
0.883343
-0.274296
-0.084451
0.454618
-0.768293
0.715714
-0.821687
-0.842284
-0.489187
0.057200
0.904315
-0.885178
-0.904500
0.013390
-0.006667
-0.320747
-0.584664
-0.545121
0.879807
0.948302
-0.164796
0.433173
0.189053
-0.012589
-0.283543
-0.286917
-0.450694
-0.577819
-0.351825
0.684972
0.171476
-0.468483
-0.589324
-0.912976
0.986136
-0.357617
0.802737
-0.835552
-0.199901
-0.686449
0.221649
-0.295587
-0.571627
0.317149
0.717803
0.421705
0.996401
-0.866860
0.876584
0.876207
-0.918559
-0.288212
0.309381
0.270494
0.699199
-0.974162
0.983578
-0.751495
-0.551982
-0.368248
0.933477
0.619495
0.163270
-0.655847
0.706518
0.149406
-0.013464
0.509257
0.313853
0.786635
0.822808
-0.464498
-0.508952
-0.748819
0.852650
-0.791148
0.672886
0.849052
-0.658009
0.549470
0.725259
-0.576568
-0.738742
0.034640
0.693926
0.960456
0.060477
0.677503
-0.791038
0.508496
-0.690744
-0.857561
0.127990
0.472526
-0.513408
-0.165492
-0.378069
0.473127
-0.656235
0.935785
0.259762
-0.833427
-0.528713
0.750811
-0.582247
-0.676063
0.959662
-0.909360
-0.827011
-0.698346
0.640110
0.898248
-0.274914
0.901367
-0.067114
-0.580988
0.861825
0.993363
-0.903485
-0.929213
0.501860
-0.594229
-0.786774
-0.370151
0.878296
-0.300183
0.464357
-0.499772
-0.827055
0.808123
-0.563988
0.432708
0.974695
-0.092701
0.183518
-0.607552
0.231237
0.143180
-0.516912
0.404226
0.444834
-0.876803
0.302474
-0.830080
-0.975435
-0.764640
-0.411068
0.886390
-0.771276
-0.314553
0.957177
0.730583
0.091219
-0.829596
-0.639568
-0.030485
-0.129779
0.824789
0.469742
0.043167
0.632911
0.905755
-0.524126
0.607606
-0.186946
0.659392
-0.999946
-0.955709
-0.197427
-0.516859
0.448517
-0.752594
-0.393661
-0.249011
-0.582674
-0.369096
-0.013651
0.006258
-0.482705
0.215073
0.691705
-0.525528
-0.054343
-0.217077
-0.355124
0.306088
0.752438
0.515098
0.130878
0.222181
-0.441735
-0.236211
0.127936
0.034139
-0.628606
0.940990
-0.306469
-0.628552
0.985280
0.496104
-0.145410
0.433797
0.743510
0.460928
-0.815214
-0.839165
-0.908167
0.171135
0.167093
-0.390872
-0.613791
-0.141202
0.083600
0.331865
0.641721
0.728478
-0.362047
0.394159
0.243575
0.768830
-0.383660
0.801840
-0.467381
0.744275
-0.164021
-0.095986
0.685266
0.529511
0.275462
0.670545
0.025614
-0.869948
0.104341
-0.230877
0.590980
0.289128
-0.070041
0.682814
-0.539737
-0.902948
-0.708058
-0.153529
-0.044151
0.375542
-0.821663
-0.402429
0.104019
-0.183710
0.991729
-0.652406
-0.414880
-0.391930
-0.850565
0.117739
-0.647654
-0.014586
-0.978247
-0.962389
-0.485075
0.297214
0.708156
0.540539
0.427267
-0.187502
-0.690338
0.018248
-0.898374
0.239622
-0.298939
-0.438111
0.336672
-0.006996
0.408360
-0.707477
-0.631454
0.586698
-0.109907
0.472566
-0.597013
-0.118177
0.820160
-0.011893
0.489893
0.969594
-0.894153
0.842238
-0.044992
-0.872400
0.879848
0.469932
0.424814
0.588006
0.010472
-0.147919
-0.599496
0.320134
0.870329
-0.497870
-0.440245
-0.428610
0.064019
0.896428
0.564393
-0.527620
-0.811050
0.932940
-0.940923
0.079044
0.405504
-0.537936
0.960866
0.225663
0.450172
0.450759
0.195258
0.556018
0.292998
-0.849734
0.683618
0.172847
0.620199
0.108432
-0.239147
-0.369330
0.960513
0.161357
0.950803
0.830842
0.663487
-0.489442
-0.597767
-0.272494
-0.593015
0.966628
0.199886
-0.404065
0.899566
0.258964
0.674978
0.305071
0.721029
0.635844
-0.469266
0.171199
0.086604
0.725992
-0.272782
-0.620399
0.876258
-0.589164
0.552448
0.496457
0.519267
-0.686699
-0.872873
0.479781
0.474658
-0.922070
0.310624
0.138145
-0.411512
0.712856
0.865651
-0.004527
0.679483
0.065537
0.591408
0.579048
-0.675499
0.266386
-0.115881
-0.954471
-0.097769
0.414854
0.216728
0.988835
0.140845
0.943946
-0.631564
0.017103
-0.645218
0.920885
-0.486440
0.874049
-0.765814
-0.359313
0.353831
0.708844
-0.281383
-0.335546
-0.153010
0.307106
-0.622690
-0.287360
-0.697422
-0.943207
0.778178
0.893985
0.635841
-0.897322
0.160373
-0.480040
-0.851793
-0.937397
0.934814
0.364936
-0.948562
0.075659
0.308880
-0.580126
-0.907238
0.663662
-0.659241
-0.393678
0.537713
-0.425055
0.247008
-0.108457
-0.716211
0.965625
0.555997
0.130778
0.272730
0.933305
0.843419
0.575309
0.990099
0.621597
0.469294
0.625940
0.724274
-0.370333
-0.854100
0.872481
-0.307730
-0.919286
0.237416
-0.256292
0.156372
-0.453703
0.163582
0.249134
-0.790040
0.504341
0.855455
0.747671
-0.920714
0.102463
-0.360785
-0.636925
0.068089
-0.804789
0.493854
-0.659180
-0.871483
0.337271
0.916127
-0.881384
-0.041133
0.385423
0.744556
-0.316858
-0.984911
0.890456
-0.444377
-0.292641
0.971170
0.793039
0.451067
0.127542
-0.660664
-0.385350
-0.623325
-0.450705
-0.881009
-0.767869
-0.703033
-0.801723
0.334594
-0.063818
-0.438648
-0.597316
0.131393
-0.944795
-0.256496
0.259910
0.392477
-0.340368
0.378525
-0.648656
-0.954945
0.123081
0.034485
-0.939856
0.013537
0.590108
-0.232496
-0.015293
0.383147
-0.781429
-0.887751
0.722484
-0.166779
-0.511076
-0.728221
-0.047787
-0.278945
-0.431254
0.150489
-0.944350
0.504928
0.711841
-0.541666
-0.363679
0.767046
0.201838
0.896231
0.159522
0.861471
0.274757
0.510866
0.906525
-0.602163
-0.454647
0.966669
0.411375
-0.864539
-0.265826
-0.603918
0.518608
-0.047255
-0.491670
0.241091
0.785966
-0.002745
0.512870
-0.261822
0.718310
-0.918385
0.888667
0.773960
0.586543
0.600510
-0.767707
-0.777136
0.367555
0.434131
-0.880906
-0.472922
0.295602
0.393851
-0.962056
0.202127
0.791688
-0.416703
0.168796
0.203062
-0.281242
0.902971
0.599145
-0.762634
-0.144285
-0.892525
0.478457
-0.358319
0.104729
-0.008674
0.379859
-0.176961
0.072942
0.268527
-0.403002
-0.340515
-0.130964
-0.170710
-0.117651
-0.763409
-0.736578
0.001443
-0.236331
0.559023
-0.604707
-0.198387
-0.238851
-0.813019
0.384910
0.929944
0.390044
-0.896332
0.832916
-0.010812
-0.658966
-0.311370
0.096663
0.819490
0.330312
-0.798607
-0.189183
-0.289829
0.024432
0.883759
0.978698
0.621430
-0.456757
-0.152266
-0.549280
0.425592
0.084324
-0.285858
-0.572965
0.847995
-0.726836
-0.177671
-0.350392
0.034313
0.009310
-0.965482
-0.035741
-0.600646
-0.861814
-0.202826
0.388543
-0.520780
0.485804
-0.514794
-0.701290
-0.183885
-0.313401
0.109527
0.526286
0.711031
-0.006714
0.504984
0.332460
0.536529
-0.647283
0.783180
-0.037878
0.437041
-0.502678
0.389157
0.285035
-0.229514
-0.788514
0.934644
0.804799
0.220796
0.969160
-0.230942
0.620151
-0.892653
0.566233
0.008693
-0.413434
0.052036
0.493899
-0.114723
0.868151
-0.819502
0.994805
0.394436
0.891528
-0.011909
-0.100581
0.223988
-0.475380
0.252136
0.007169
0.486742
-0.310821
0.504490
-0.124100
0.974214
-0.725023
0.087385
0.908856
-0.920224
-0.691819
0.878018
-0.151165
0.928332
0.985364
-0.584934
-0.062976
-0.428069
0.467102
-0.569077
0.457208
0.335254
-0.388579
0.452012
-0.270310
-0.497051
-0.559898
0.629109
0.726937
-0.035278
-0.118753
-0.265895
-0.548535
0.570425
-0.761404
0.327364
0.544639
-0.486427
-0.585251
0.453495
-0.406651
-0.277070
0.331513
0.442183
-0.348739
0.316877
0.857251
0.588286
0.888808
0.324352
-0.980792
0.346016
-0.340394
-0.369371
-0.201971
0.389296
0.133577
0.238131
0.018406
-0.139486
-0.797146
0.899651
0.594620
-0.345681
0.470076
0.833217
0.981682
0.014714
-0.653211
-0.603568
-0.531790
-0.059861
0.119362
0.799724
-0.617678
0.770623
0.116602
-0.760427
0.358908
0.005410
0.563926
0.378116
-0.648574
-0.776469
-0.991255
0.149455
0.612826
0.142322
-0.612414
-0.368768
-0.997164
-0.409560
-0.469117
0.597456
0.244759
-0.999040
0.430673
0.226442
0.015675
0.777461
0.622873
0.483884
-0.282399
-0.257765
0.283608
0.099923
-0.487141
-0.599790
0.339496
0.871768
0.405620
-0.096578
0.249883
0.757046
0.126953
0.258628
-0.093498
-0.260221
-0.599051
0.294088
0.371011
-0.596214
0.884528
0.901894
-0.998758
0.129287
0.902855
0.431914
-0.644272
-0.081472
0.209377
0.978601
-0.597587
0.926978
-0.279163
0.686021
0.026901
0.233696
-0.913769
-0.633603
0.105463
0.491852
0.269819
-0.644654
0.248898
-0.603229
0.613974
-0.844600
0.136551
-0.985077
0.449488
-0.492439
-0.581292
0.334016
-0.590544
-0.580049
-0.536697
-0.687691
0.851865
-0.180969
0.230838
0.061242
-0.202367
0.633250
-0.011780
0.518470
0.319271
-0.984879
-0.247834
0.405502
-0.618482
0.857629
-0.102647
0.651337
-0.787025
-0.853749
-0.951892
0.826949
-0.698349
0.184659
0.841872
0.751139
0.692220
-0.739420
0.085154
-0.898324
-0.319470
0.548457
-0.586015
-0.467604
-0.632512
0.644822
0.593638
0.165120
0.278073
-0.418142
-0.316409
-0.402656
-0.403021
0.435757
-0.997154
-0.021503
0.293387
-0.099801
-0.370166
0.506362
0.046450
-0.322058
0.333309
0.348100
0.862602
0.175181
0.099239
0.554822
0.435761
-0.815607
0.656497
-0.883708
0.732850
-0.929517
-0.351312
-0.899663
0.715305
-0.757674
0.265457
-0.006622
-0.175816
0.949048
0.590722
0.421162
0.384805
0.593567
-0.600341
-0.321809
-0.506234
0.029493
-0.815447
0.540215
0.707435
0.517863
-0.111684
0.570035
-0.306956
0.987555
0.124857
-0.871195
-0.828052
-0.218645
-0.754903
0.904798
-0.148162
-0.106216
-0.994865
-0.432857
0.136110
0.270592
0.560522
0.960293
0.219641
0.151243
0.381456
-0.395555
-0.255190
0.781114
0.282637
0.238576
-0.189392
0.467189
-0.221208
-0.481957
-0.014948
0.667108
-0.911921
0.678097
0.654663
0.212936
0.806901
0.826611
0.994292
-0.948001
0.731410
-0.153870
-0.054217
0.736544
0.413273
-0.918107
0.007138
-0.026206
-0.957813
-0.773221
-0.874963
0.423643
-0.168776
-0.130153
0.204757
-0.886139
-0.891577
-0.984635
0.581050
-0.112785
-0.466592
-0.433898
-0.445678
-0.378513
-0.755802
-0.791015
0.834423
-0.948900
-0.964403
0.828714
-0.896902
0.767007
-0.325155
0.048881
0.503552
-0.911883
0.130774
-0.489311
0.061911
0.172961
-0.262532
0.186948
-0.403397
0.568692
-0.943205
0.801360
0.682553
-0.834782
0.816726
0.263603
0.052433
-0.649867
0.829706
0.606754
-0.028379
-0.926097
0.815740
-0.193957
-0.874997
0.851337
-0.365241
-0.771899
0.618344
0.309603
0.276982
0.121896
0.397721
-0.592244
0.632586
-0.540368
0.580716
-0.629947
0.646580
-0.822679
0.938746
0.703374
0.978680
0.621298
0.868592
0.795408
-0.115098
-0.078975
-0.854459
-0.285393
-0.472220
0.117160
-0.211490
-0.656480
0.923205
-0.086488
-0.805142
-0.442037
0.141613
0.813202
0.867566
-0.581406
-0.064903
0.265287
-0.173649
-0.432318
0.724919
-0.592932
-0.062265
0.371499
-0.415611
-0.123519
0.074874
-0.436930
-0.502220
-0.056534
-0.641523
0.382681
0.864491
-0.495983
-0.902712
-0.607729
0.621178
-0.114202
-0.264209
0.544383
0.799310
-0.069352
-0.897654
-0.059078
-0.256149
0.969913
0.359517
0.678948
0.235200
-0.814133
-0.753370
-0.039881
-0.407065
0.184365
-0.668382
0.177324
-0.939153
0.406491
0.740393
-0.441374
-0.650043
-0.901129
0.941308
-0.785552
-0.397112
-0.961404
-0.393281
-0.775934
-0.075607
0.342510
0.768450
-0.276297
-0.726841
0.870794
0.664624
0.017009
0.840708
0.024141
-0.304043
0.075907
0.210008
-0.057414
-0.963974
0.802945
-0.873048
-0.632356
-0.019733
-0.812201
0.774135
-0.279339
-0.253575
-0.875907
-0.180467
-0.312267
-0.661459
0.422421
-0.273671
-0.054741
0.646487
0.650721
-0.712230
0.414936
-0.625577
-0.439071
0.285731
-0.960952
0.577937
0.126439
0.063189
-0.726106
-0.797654
-0.726802
0.216481
-0.761628
-0.923858
0.343433
-0.393984
0.056410
0.531231
-0.619848
0.777072
-0.722343
-0.495755
-0.403396
-0.034611
-0.157215
-0.980975
0.691717
0.788046
0.665511
0.342439
-0.924185
0.080447
0.716862
-0.363257
-0.633822
0.755910
-0.785319
0.492617
-0.180901
-0.511425
0.694962
0.092297
0.705055
0.933334
0.168438
0.048488
-0.460650
-0.775152
-0.420280
-0.080498
-0.998080
-0.142623
0.423747
-0.401476
0.822766
-0.733468
-0.382452
0.514485
-0.945422
-0.716940
-0.143077
-0.869607
0.363507
-0.426214
-0.232864
0.729685
-0.670304
-0.018183
0.222302
0.148796
0.470392
-0.082735
-0.758907
0.175447
-0.149401
0.409531
-0.776065
0.389949
0.634379
-0.196345
-0.690548
0.636299
0.661032
0.733198
-0.765177
0.483798
0.999730
-0.147629
-0.001716
-0.945692
0.135431
0.855207
-0.815299
-0.501062
-0.571007
-0.048162
-0.771376
-0.241311
0.933655
0.450926
0.907484
0.404046
-0.631809
-0.851423
-0.420506
0.218790
0.558108
-0.196570
-0.391261
0.192488
0.607085
-0.081809
-0.171213
0.268117
-0.348611
0.063610
-0.248084
-0.348880
0.915982
0.750200
-0.294572
0.051413
0.605407
-0.109871
0.550352
-0.965602
0.841967
0.778976
-0.206913
0.775623
0.229903
-0.299429
0.179668
0.598093
-0.150852
0.759163
-0.183117
-0.592744
-0.437409
0.425622
0.599743
-0.830324
-0.656187
-0.571468
0.437793
-0.004798
0.492143
-0.810291
0.646321
0.408125
0.939909
-0.648251
-0.540461
0.545316
0.241879
-0.990109
0.579713
0.083845
0.788867
-0.627200
-0.140532
0.018769
0.073371
-0.960864
-0.383137
0.922519
0.798299
0.433745
-0.670225
-0.639110
-0.140633
0.929518
-0.469434
0.203180
-0.641950
0.968359
-0.801618
0.850192
-0.841931
0.844703
0.258317
-0.902022
-0.803548
0.717856
0.643293
0.438331
0.727747
0.223005
-0.477824
0.516614
0.595806
0.381643
-0.464617
-0.330823
0.420780
0.152245
-0.408304
0.219078
-0.414010
-0.078530
0.579967
0.445358
-0.149011
-0.889466
-0.351461
0.209039
-0.921106
-0.153080
0.059231
-0.763038
-0.308377
-0.682452
-0.665060
-0.111925
-0.964596
0.978233
-0.673595
0.763150
0.201239
-0.151419
0.279765
-0.202956
-0.769776
0.815146
0.466221
0.651003
-0.032607
-0.942083
-0.129918
0.553383
-0.020612
-0.549950
-0.001259
0.830377
-0.439416
0.647280
0.039416
-0.360522
-0.505801
-0.901353
-0.123560
0.185822
-0.583804
0.211380
-0.926103
-0.548400
0.189613
-0.599698
-0.785249
-0.609149
0.248884
0.494516
0.187895
0.479108
0.309663
-0.345884
0.130111
-0.722945
-0.287966
-0.999806
0.830438
0.691421
-0.549756
-0.170821
0.521799
0.010828
-0.523543
-0.438786
0.650307
-0.029344
-0.340139
-0.473253
-0.843521
0.076057
0.738127
-0.769624
0.527657
-0.072260
-0.369322
0.742408
0.318590
0.879561
0.236923
-0.493514
0.358669
-0.453413
0.160602
-0.511220
-0.176358
0.872636
-0.511026
-0.345920
0.564059
-0.060782
0.483258
0.085857
0.950046
0.959715
0.647070
0.600351
-0.069627
-0.693069
-0.872901
0.086852
0.382988
0.865226
0.317228
-0.089355
-0.207035
0.947905
-0.346947
-0.888444
0.827466
0.889978
-0.381958
0.186135
-0.563436
0.778646
0.674915
0.260206
0.651281
-0.836111
0.914287
0.215339
0.103106
0.397545
-0.698804
0.053153
0.357262
0.948267
-0.346495
-0.712366
-0.744802
-0.219397
0.374485
0.638185
-0.354172
-0.308287
-0.451169
0.438792
-0.360382
0.201885
0.550349
-0.532916
0.091862
-0.831610
0.653219
0.528426
0.947036
0.328134
-0.211367
0.598317
0.492023
-0.297081
-0.186343
-0.404870
-0.899536
0.114853
0.648281
0.457725
0.063119
-0.698214
0.745359
0.318317
0.082390
0.119845
-0.043497
0.728217
0.811558
0.505335
0.167010
-0.548825
-0.292781
-0.282642
-0.081741
0.799081
-0.114251
-0.428522
0.327508
-0.167216
0.899613
-0.883860
-0.568899
0.391636
-0.180941
0.244757
0.986766
-0.080477
-0.640390
0.635048
-0.622751
0.422728
0.936835
-0.877391
-0.258955
0.019224
0.242454
0.697549
-0.252559
0.054010
0.202883
0.914452
0.505186
0.910101
-0.368190
-0.576556
0.709182
0.517559
-0.005078
0.036691
-0.649657
-0.105466
0.152832
-0.218556
-0.713830
0.971891
-0.973798
-0.727064
-0.108586
-0.614189
0.907984
0.268664
0.808541
0.844819
0.391272
-0.450414
-0.135958
-0.366274
-0.752866
0.611482
0.687736
0.450017
0.525933
0.192921
0.360119
-0.842257
0.616366
0.069302
0.675302
-0.388712
-0.894007
-0.974355
0.505822
0.258824
-0.192911
0.791993
0.230715
-0.166709
-0.935072
-0.877871
0.219102
0.972911
0.390792
0.027642
0.817729
-0.217935
0.577227
-0.318229
0.415791
0.824362
-0.706746
0.103527
0.274378
0.819188
-0.703552
-0.365503
0.976930
0.912813
0.703799
0.652232
-0.475900
0.809791
0.677877
-0.970078
0.068615
-0.515033
0.821915
-0.700671
0.318258
0.886843
-0.578542
-0.462640
0.859754
0.812250
0.565002
0.677484
-0.405685
0.142229
-0.640745
-0.989895
-0.033410
-0.347491
0.113631
-0.759032
-0.528303
0.410080
-0.124535
-0.551372
0.322892
-0.420737
-0.899139
0.846993
-0.610945
0.778738
0.876914
0.457670
-0.736295
0.698829
0.756999
0.581963
0.585672
-0.821544
-0.880678
0.445426
0.990708
0.684324
0.122910
-0.414979
-0.173447
0.482165
-0.404873
0.793143
-0.865325
0.708759
-0.965889
-0.393628
0.118837
-0.090424
0.055000
-0.558270
0.488840
0.155861
-0.711277
0.877894
-0.065401
-0.834361
0.335563
0.198304
0.864469
0.092562
-0.219734
0.450140
0.271018
-0.100411
-0.104434
0.261725
-0.416088
-0.981525
0.846746
0.410463
0.500641
-0.558127
0.203606
0.635315
-0.849368
0.237718
-0.758313
0.269470
-0.852707
0.296687
0.711201
0.636132
-0.547453
0.999924
0.514026
0.387147
-0.834438
-0.150411
-0.414550
-0.969969
0.942151
0.365716
0.480170
0.213169
-0.734695
-0.624264
-0.525106
-0.150783
-0.605788
-0.678360
-0.740320
0.894853
-0.236486
0.463287
0.530167
-0.085854
-0.298996
0.771855
-0.816384
-0.151703
0.068542
0.894817
-0.515571
0.521088
0.894741
0.998455
-0.091765
-0.939697
-0.151956
0.493686
-0.909667
-0.209805
-0.140597
0.570503
-0.996636
0.124708
0.946240
-0.521742
0.973923
-0.659548
-0.200102
-0.766396
-0.764695
0.563411
0.696890
0.765472
-0.522442
-0.602105
0.537327
-0.338826
0.246192
-0.394131
-0.444010
0.730621
-0.873042
-0.549269
0.729076
0.035193
-0.488967
-0.422880
-0.471121
-0.398634
0.367315
0.388282
-0.828129
0.370679
-0.487011
-0.881889
0.848936
-0.513087
-0.541437
-0.351166
-0.279483
-0.306132
-0.787754
-0.582592
-0.540660
-0.310197
-0.184697
0.996667
0.350977
-0.938506
-0.397465
0.906967
0.792114
-0.270506
-0.642301
0.521190
0.764687
-0.131268
-0.901689
-0.706434
0.470098
0.465626
0.681848
0.641969
-0.163697
-0.805163
0.760080
-0.314760
-0.318250
-0.781357
0.334074
0.402267
-0.087490
0.546319
0.819674
0.371850
-0.763877
-0.365023
0.368518
0.587101
-0.303529
0.971054
0.494069
-0.511415
-0.299454
0.851767
-0.990224
-0.534768
-0.279501
-0.891913
-0.241202
-0.809403
0.573712
-0.559354
0.832566
-0.589983
-0.364517
0.592647
0.095256
0.317233
0.811288
-0.570670
-0.280501
-0.276201
0.975649
-0.460826
-0.904351
-0.788228
0.174150
0.464167
0.798873
0.870620
0.435219
0.292942
-0.640794
-0.864235
0.144709
-0.631017
-0.399003
0.865207
-0.522930
0.359795
-0.944196
-0.949218
0.800442
0.888370
-0.539201
-0.564076
0.481016
0.556056
0.753157
0.292305
0.985386
-0.527344
-0.983896
0.961035
0.011830
-0.888247
-0.827193
-0.814021
0.575920
0.971680
-0.943400
0.011139
0.264622
-0.584195
0.146904
-0.590670
-0.215212
0.747902
-0.725463
0.261858
0.107697
-0.669659
0.312640
-0.091862
-0.781289
0.773438
0.344062
0.699726
0.329494
0.097219
-0.007969
0.314878
0.569875
0.008135
0.275913
-0.418296
0.119887
0.448720
-0.232317
-0.304192
0.420400
-0.175717
0.706947
-0.314978
0.240089
-0.146150
0.094351
-0.975123
-0.398249
0.368887
0.286734
0.709447
0.699228
-0.400626
-0.382415
0.917939
-0.627187
0.961648
0.617666
0.702307
0.058867
-0.390303
0.017185
-0.371258
0.617832
-0.706902
0.210445
-0.262280
0.741818
0.978128
0.433527
0.162218
-0.197589
0.140474
0.847239
-0.957500
0.994324
-0.058410
-0.932623
-0.403925
-0.689522
0.354111
-0.694477
-0.990293
0.953485
-0.076892
0.927645
-0.673702
-0.115244
0.545313
-0.971395
0.943622
-0.844990
0.045791
-0.427636
0.772842
0.338889
0.782809
-0.489437
0.080708
0.760937
0.944090
-0.757075
-0.436650
0.084564
-0.909835
-0.394150
0.078888
0.031755
-0.326773
0.674963
0.342234
-0.972662
0.980486
0.351941
0.980823
-0.096407
0.279587
-0.692878
0.788350
-0.175101
-0.664273
0.731971
-0.020091
0.381517
-0.695665
-0.247249
-0.279594
-0.912856
0.263314
0.801114
0.848082
0.207403
-0.955961
-0.588568
-0.708032
-0.865796
0.017282
0.370857
0.165959
0.690508
0.045820
-0.491807
0.717846
0.026305
0.860133
0.698669
0.929898
0.139720
-0.994209
0.718248
0.964619
-0.658483
0.450220
-0.055473
0.723035
0.754555
0.697279
-0.556559
0.841698
-0.039408
-0.755445
0.689781
-0.832005
-0.711406
-0.898787
-0.540037
-0.577202
0.118495
0.830820
0.588757
-0.190996
-0.123361
-0.903050
-0.473150
0.902944
0.957083
-0.774481
0.832843
0.096804
-0.768690
0.551092
0.061422
-0.427173
0.001311
-0.994051
-0.704138
-0.244135
0.703228
-0.260697
-0.402436
-0.336181
-0.016141
-0.712655
-0.168186
0.272453
-0.611442
0.291778
0.695252
0.507053
0.122596
0.284009
-0.683943
0.999236
0.380959
-0.157092
0.902181
0.338043
0.068427
0.735024
-0.565154
0.299737
0.286115
0.496268
0.872565
-0.712574
0.502217
-0.831574
0.043291
0.205445
-0.092270
0.640855
0.869263
0.891589
0.928200
-0.298922
0.164042
-0.683242
0.992855
-0.140707
0.823811
0.115451
-0.856698
-0.860131
0.114688
0.524262
-0.017224
0.016868
-0.137696
-0.948797
-0.248107
0.297150
0.350941
-0.961992
-0.206582
0.223504
-0.674566
-0.704364
0.391930
0.368726
0.501080
-0.700340
0.009580
0.370345
-0.808751
-0.062220
-0.928578
0.355290
0.254538
-0.935724
-0.785417
0.078349
0.179727
-0.642115
0.218218
-0.705586
0.882145
-0.799005
0.311283
-0.255550
-0.747802
-0.936825
-0.958401
0.603138
-0.898817
-0.164983
-0.173357
-0.573383
0.130653
-0.781427
0.795343
-0.368267
-0.481766
-0.195077
-0.997922
-0.290518
0.742703
-0.926501
-0.935227
-0.002760
-0.862225
-0.720644
-0.924410
0.317502
-0.362759
0.293808
0.611917
-0.480613
0.494803
-0.076801
0.263836
0.747002
-0.013626
0.305436
0.350140
0.087557
-0.859547
-0.823218
0.514174
0.271106
-0.604644
0.309517
0.902839
-0.086410
-0.885560
0.904917
0.623071
0.857143
0.978417
0.687844
-0.145618
-0.883808
0.967200
-0.070028
0.433694
-0.395560
-0.776220
0.045610
0.123826
0.718583
0.968810
-0.612337
0.465585
-0.044817
0.693098
-0.184276
-0.957260
0.833552
-0.007494
0.556915
0.104657
0.387862
-0.133568
0.007497
-0.698549
-0.019129
-0.087585
0.924523
-0.161987
-0.109168
0.612367
0.692396
0.007023
0.579566
-0.377633
-0.559284
-0.815994
-0.153854
0.486327
0.307832
-0.435271
0.455136
0.695496
-0.969687
-0.589682
0.388595
-0.153964
-0.546941
0.222146
0.838543
-0.990027
-0.673196
0.226404
-0.123596
0.334300
0.527856
0.857277
-0.753284
0.452378
-0.304711
0.137547
0.064744
-0.612316
-0.855430
-0.355690
0.010050
-0.414714
-0.171684
0.856198
-0.928387
-0.863851
-0.579073
0.526748
0.831644
-0.548760
0.937067
0.220238
0.297277
-0.609874
-0.557615
0.135819
-0.599901
-0.230811
-0.637776
0.276503
-0.896510
0.890078
0.133779
-0.649795
0.342457
0.829067
0.487752
-0.592800
-0.783249
0.632323
0.051510
0.226802
-0.782391
0.879826
0.082999
-0.710778
-0.984026
0.503926
0.815971
0.847618
0.955166
0.753038
0.067857
0.252443
-0.856837
0.510242
-0.611738
-0.456738
-0.720569
-0.249514
0.819765
-0.617079
-0.359436
-0.046455
-0.266874
0.983020
-0.217388
-0.779122
-0.609780
-0.000637
0.853201
0.441729
-0.773834
-0.929191
0.321555
0.309166
-0.639969
0.337529
-0.186908
-0.823999
0.185149
-0.231742
0.929039
-0.746994
-0.979299
-0.927798
0.763249
-0.591037
-0.384536
-0.957321
0.159449
-0.564771
-0.574400
0.800014
0.388774
0.158726
0.783034
-0.828614
0.379604
-0.826746
0.170750
0.232804
0.614983
0.396916
0.303614
-0.063462
-0.293919
0.663644
-0.725932
0.519173
0.839646
0.459216
-0.712569
0.768685
0.712221
-0.691868
0.840886
0.475469
-0.282904
-0.543650
0.518150
0.876545
-0.108421
0.943748
0.676557
-0.719646
0.102474
0.459591
-0.548260
-0.517922
0.632844
0.622490
0.714884
0.247828
0.019406
0.018496
-0.815634
0.725488
-0.317860
-0.541566
0.244661
-0.478214
0.917649
0.532092
-0.709530
0.629872
0.840226
-0.868644
0.105341
-0.442680
-0.412294
-0.376510
-0.566135
0.479285
-0.432761
-0.889578
0.759640
0.669714
0.570013
-0.788620
-0.848208
0.202858
0.833871
0.866674
-0.549315
-0.146723
-0.114829
-0.364949
-0.421235
0.567311
0.093484
0.823426
-0.910903
0.011134
0.355519
-0.620434
-0.358995
0.195745
-0.489078
0.746345
0.753066
0.098628
-0.630164
-0.813070
-0.422086
-0.062925
-0.702648
-0.662446
-0.393212
0.867365
-0.451066
-0.241420
0.070222
-0.617195
-0.374746
0.520907
0.236081
0.510425
-0.844042
0.814847
0.077736
0.249443
0.638274
0.166832
-0.739423
-0.006207
0.546399
-0.098418
-0.810463
-0.942679
-0.352072
0.942602
0.155950
0.017764
-0.870467
0.733864
0.954840
-0.573115
-0.928583
-0.438373
-0.705750
-0.379649
0.320207
0.364473
0.003156
0.945461
-0.114620
-0.760762
0.455885
0.041339
-0.945915
-0.466379
-0.709218
0.692359
0.700454
-0.448641
-0.313848
0.246852
0.452942
-0.124311
0.304173
-0.899131
-0.181709
-0.539878
0.118634
-0.052175
-0.806014
0.073472
0.374709
-0.734597
0.635099
0.668959
-0.114246
-0.044694
0.033433
0.888910
-0.099233
0.918814
-0.871852
-0.643347
-0.039848
-0.817767
-0.109726
0.250934
0.874590
-0.409272
0.802292
-0.439257
0.837579
0.255233
0.436432
0.141753
0.356102
-0.745277
0.601876
-0.525265
0.202547
0.795862
0.548208
-0.422743
-0.938735
0.183307
-0.753784
-0.052982
-0.861387
0.279648
-0.164071
0.039380
0.198462
-0.035924
0.396032
-0.841387
0.146309
-0.713694
0.409547
0.020901
-0.122966
0.211838
0.581643
-0.285385
-0.532928
0.018075
0.856369
0.823173
0.272797
0.458244
-0.702091
-0.524655
0.254106
0.846116
0.052602
0.315370
0.029423
0.298817
-0.737611
0.168035
-0.421533
0.098317
-0.792585
0.776928
-0.937606
0.603448
0.935542
0.208703
0.889753
0.345088
-0.770397
-0.233213
-0.443073
0.811246
0.481402
0.023998
-0.170680
0.337770
-0.152828
-0.897882
-0.203986
0.145080
-0.422538
-0.949881
-0.008804
0.630064
0.365490
-0.979381
-0.071117
0.627879
0.188655
0.507349
-0.273804
0.396070
0.284277
-0.211409
-0.000483
0.219819
0.997294
-0.110730
-0.435093
-0.773103
0.656058
0.121834
-0.961858
0.137459
-0.854168
-0.132537
-0.524771
-0.006996
-0.030420
0.271242
-0.861917
0.547043
0.321362
0.129280
0.177108
-0.313148
0.149899
-0.894011
-0.685270
-0.661446
0.613338
0.040928
0.734623
-0.102384
0.829517
-0.265859
-0.882565
0.826812
0.623410
-0.317658
-0.946292
0.279468
0.804176
-0.908150
-0.583073
0.950007
-0.040687
-0.107844
-0.056989
0.928893
-0.836602
0.081095
0.475936
0.484760
-0.789625
-0.346957
-0.828388
0.360274
-0.240968
-0.513658
0.698827
-0.627629
0.527269
0.433452
0.269986
0.356787
-0.832409
0.387422
0.183598
0.791002
-0.930236
0.237307
0.070470
0.873940
0.329156
0.487398
0.823948
-0.711531
-0.620447
-0.233040
-0.782638
-0.457048
0.848054
0.693298
-0.972288
-0.941571
-0.653660
-0.800677
0.418702
0.105372
-0.314335
0.117529
0.477743
-0.787065
-0.449019
-0.252270
0.569721
-0.281428
-0.864849
-0.246680
-0.490426
-0.795086
0.990626
0.580045
-0.921146
0.319783
0.067442
0.902801
0.608252
0.446995
-0.330239
0.825614
0.989947
-0.482184
0.518912
-0.982340
-0.423755
0.865252
-0.783017
0.994946
-0.029376
-0.097351
0.112477
-0.551633
0.115583
0.663457
0.196096
-0.314695
-0.617970
0.331247
0.438626
-0.108396
0.536162
0.429252
-0.528351
0.615015
-0.250965
0.539091
0.517817
-0.642713
-0.013913
-0.812421
-0.817099
-0.023965
-0.294605
0.701813
-0.006306
0.281640
0.567065
0.210678
0.276587
-0.462311
-0.886675
-0.610937
-0.013945
0.228908
-0.947479
-0.817848
0.914212
-0.565449
0.513399
0.352839
0.326154
0.049561
-0.217910
0.797804
-0.335424
0.531124
0.336894
-0.817606
0.888412
-0.677018
-0.630027
-0.928688
0.299016
0.075367
0.773124
-0.707290
-0.642993
0.340188
0.503388
0.633593
0.877876
0.616713
-0.977343
-0.136068
-0.154379
-0.924822
0.046085
-0.240166
-0.490271
-0.440516
-0.887327
0.835884
0.609046
-0.105237
0.633687
-0.726379
-0.574114
-0.029418
-0.543985
-0.685703
0.293563
-0.174012
-0.614391
-0.407421
0.901356
-0.841267
-0.114710
-0.741638
0.498922
-0.611323
0.891956
0.376798
-0.994610
0.914612
-0.759270
-0.148989
0.989790
0.286815
0.610845
-0.500481
0.846299
0.723519
-0.664598
0.455344
-0.381719
0.969089
0.728964
0.044167
-0.060329
-0.815021
0.358465
-0.766766
0.010968
0.744073
-0.174187
-0.087678
0.902807
0.711103
0.170685
0.401729
-0.900220
0.062641
-0.221474
-0.894830
-0.022746
0.019256
-0.043818
-0.032957
-0.693929
-0.432973
0.466562
-0.847631
-0.709454
0.801964
0.607712
-0.091173
0.771055
0.336676
0.952993
-0.289275
0.521656
0.311458
-0.056041
-0.467376
0.055531
0.769773
0.444946
-0.041661
0.480875
-0.384369
-0.639933
0.580655
0.678273
0.138593
0.685825
-0.344474
-0.842150
-0.357992
0.622570
-0.536079
0.209035
0.089132
-0.383710
0.499582
-0.108903
-0.775998
-0.591592
-0.337849
0.560679
-0.638599
0.372875
0.082335
0.672859
-0.683166
0.614960
-0.271609
-0.913394
0.059906
0.686729
0.567481
0.675538
-0.953204
0.148136
0.353809
0.185389
-0.166037
-0.990664
0.343238
0.475970
0.631905
0.807159
-0.314995
-0.278963
-0.576551
-0.815414
0.612135
-0.352549
-0.407006
-0.725715
-0.791870
-0.045606
0.647159
0.290466
-0.372747
0.963994
-0.094575
0.355643
-0.949400
0.965330
0.042372
0.618081
0.640868
0.089169
-0.233782
-0.005323
-0.725442
0.600180
0.004013
0.617797
0.076149
-0.364082
0.424955
0.761154
0.356955
0.848405
0.945740
-0.030911
-0.504145
-0.461266
0.243373
-0.296014
0.493128
-0.109467
0.994452
-0.879619
-0.145473
-0.100124
0.476024
-0.094872
-0.134792
-0.481602
-0.476791
-0.493925
0.607566
0.289426
0.500753
0.882124
-0.110393
-0.495234
0.499921
0.965757
0.140684
-0.075124
0.726911
-0.502360
-0.226720
0.672652
0.466728
0.269136
-0.788615
-0.289897
0.973122
0.704513
0.600636
0.967574
0.824895
-0.544836
-0.132549
0.300919
0.360292
0.732657
0.819317
0.883501
-0.761267
0.426883
0.172927
0.739487
0.309007
-0.937467
-0.755748
-0.191072
-0.971710
0.384936
0.733803
0.755201
0.882576
-0.492917
0.427852
0.349306
0.776219
0.639237
-0.940592
0.749341
0.343750
0.660044
0.716915
0.168644
-0.884792
-0.415635
-0.530437
0.475500
-0.682976
-0.711121
0.359000
-0.444243
0.715762
-0.468073
-0.704757
0.024769
-0.405540
-0.460504
0.833695
-0.377250
0.924433
0.567499
-0.622050
0.807009
-0.925417
0.805803
0.156315
0.850802
0.445039
0.215722
0.600143
-0.211211
-0.124234
0.317059
0.957434
-0.009025
0.901424
-0.573004
-0.533525
-0.781552
-0.284125
0.825475
-0.225795
-0.568363
-0.642598
0.069449
0.456407
-0.048138
0.608944
0.290102
0.574612
0.533377
-0.142399
0.952562
0.340385
-0.067816
0.758365
-0.503300
-0.217013
0.203404
0.712423
-0.616870
0.992193
-0.411811
0.700189
0.949625
0.579165
0.601614
-0.623379
-0.954361
0.820063
0.092496
0.871114
-0.405733
0.524134
-0.771484
0.663715
-0.019460
0.180379
0.272659
-0.729358
-0.245009
-0.193965
0.128243
-0.292447
-0.853579
-0.939573
-0.534083
-0.356879
-0.156587
0.669321
-0.644457
0.226544
0.661514
-0.056268
-0.073267
0.611139
-0.477103
-0.471653
0.987760
-0.431464
-0.651591
0.080257
-0.560349
-0.057324
-0.395609
-0.331833
-0.393609
0.584930
0.848546
0.879052
0.855572
-0.396465
-0.314914
-0.016184
0.311088
-0.168493
0.044242
0.777005
0.474627
0.887655
0.446327
0.830171
0.114198
0.107840
-0.226096
-0.959069
-0.281021
0.296801
-0.430723
-0.293260
0.865338
-0.082314
0.786996
-0.695012
0.860362
-0.608612
-0.026846
-0.533246
0.976317
-0.178300
-0.654196
0.831890
0.425236
0.030891
-0.184294
-0.263677
0.862397
0.859947
-0.486671
0.337025
0.747603
0.959654
0.167196
-0.138199
0.067495
0.941101
-0.097268
0.786475
0.237901
0.472009
-0.506786
0.103238
-0.610305
-0.719790
0.408225
-0.749943
-0.328402
-0.618620
-0.283189
-0.352084
0.203080
0.062615
-0.520193
-0.371684
-0.906494
0.295512
0.364639
0.955903
0.155461
0.877968
0.292928
-0.096937
0.837624
-0.539876
0.764863
-0.094882
-0.598776
-0.332404
-0.308407
0.639124
-0.860395
0.184806
-0.257637
-0.470699
0.465017
-0.849411
-0.220642
-0.863385
-0.468031
0.496170
-0.215469
0.735048
-0.441216
0.264339
-0.636636
-0.347710
-0.440149
0.728003
-0.391807
0.715311
0.605970
0.901120
-0.381626
0.443594
-0.638755
-0.616762
-0.651287
-0.237531
0.050834
0.040305
-0.598405
0.190439
-0.774888
0.143958
0.719740
0.690128
0.294546
-0.500902
0.826744
0.826516
0.995268
-0.388725
0.561564
-0.445949
0.875612
0.924927
0.206341
-0.564536
0.652931
0.814535
-0.849225
0.258901
0.715655
-0.230852
-0.297505
-0.923099
0.152386
0.051208
-0.160630
-0.796780
-0.908487
0.240965
0.393658
-0.683375
-0.615077
0.113399
-0.993246
0.679468
0.612497
0.833497
0.505984
0.607764
-0.555228
0.067548
-0.838184
-0.679615
-0.007524
0.368158
-0.244152
-0.354593
0.182692
-0.093377
0.904307
-0.101654
0.675771
-0.393197
-0.024753
-0.171842
0.658012
0.814617
0.031377
0.749525
0.055582
-0.574964
-0.933850
0.440504
0.538434
-0.927096
0.119974
0.150932
0.906401
-0.374042
-0.241305
-0.648827
0.693506
-0.079489
-0.328442
-0.314019
-0.711331
0.427407
0.331387
0.471360
-0.665971
0.235696
-0.630293
-0.990200
0.842498
0.344953
-0.162042
0.500510
0.159571
0.869334
0.250035
-0.784847
-0.705629
0.316185
0.655657
0.832806
0.389088
-0.224369
-0.016263
0.295489
0.401590
0.742433
0.646662
0.095095
-0.337055
-0.681780
0.781077
-0.048387
0.745626
0.112464
-0.577027
-0.920345
-0.651841
-0.207320
-0.910544
-0.809343
-0.862367
-0.072587
0.691168
0.297204
-0.203252
-0.058799
0.512357
0.091119
-0.742615
0.168016
-0.076075
0.646473
0.943647
0.907662
-0.058038
0.345237
0.650096
-0.411375
-0.559669
-0.686960
-0.093155
-0.778592
0.264652
-0.347529
0.333872
0.687625
-0.267874
0.682031
-0.519694
-0.178418
0.872689
-0.382061
0.748995
0.563855
0.915143
-0.454257
-0.494943
0.427501
0.636862
-0.237558
-0.404484
-0.439213
-0.591085
-0.460838
-0.531551
0.350877
0.884398
-0.881456
0.939502
-0.675270
-0.568416
-0.153654
-0.453862
0.696237
0.498817
0.880010
0.383862
-0.769057
0.562041
0.864167
0.052525
0.434728
-0.517894
-0.198480
-0.001417
-0.602751
0.347263
0.503641
0.824749
-0.015874
-0.733918
-0.579736
0.544912
-0.325004
-0.040574
-0.986638
-0.974126
-0.156176
-0.868094
0.965377
0.168554
-0.436511
-0.188278
0.714691
-0.740274
-0.689460
0.594701
0.643587
-0.458517
0.156742
0.507754
0.594009
-0.408530
0.989860
-0.604472
0.590054
-0.612891
0.742792
0.093693
-0.788143
-0.273083
0.359775
-0.367879
-0.728170
-0.965228
0.591546
-0.714809
-0.939354
-0.564629
-0.582903
-0.973978
0.603926
-0.019414
-0.162254
0.318618
0.240312
0.148286
-0.086681
-0.116101
0.689770
-0.929939
-0.608347
0.283777
-0.338469
-0.618487
0.679305
-0.748414
-0.231378
0.422098
0.345279
-0.019521
-0.850986
-0.294945
0.612601
-0.579156
-0.260174
0.204147
-0.293965
-0.199527
0.639518
0.123133
-0.173505
0.243444
-0.896281
0.664241
-0.437938
0.344031
-0.187474
0.475382
-0.772070
-0.497706
0.545444
-0.380417
0.786073
-0.793025
0.001097
0.465378
-0.541439
0.769718
-0.112525
0.803839
-0.249803
0.036489
-0.491106
-0.637202
0.457333
0.248720
0.566945
-0.836631
-0.950807
0.206463
0.286501
-0.124311
-0.550092
0.390220
-0.460071
0.011970
-0.265749
0.352455
-0.512648
-0.037818
0.854749
-0.967205
0.581765
0.640822
-0.760230
-0.417138
0.106198
-0.301670
-0.647420
0.993674
-0.497830
0.102778
0.030163
0.011065
0.465576
-0.512504
-0.740215
0.032521
-0.349135
-0.691021
-0.761016
0.937368
0.184668
-0.311109
0.327587
0.724597
0.700860
-0.938161
0.077051
-0.811787
0.024021
-0.068200
-0.778992
-0.394214
-0.427378
-0.539222
0.188648
0.678820
0.159109
0.541228
0.672494
0.661278
-0.355994
-0.297343
-0.327657
-0.890418
0.190152
-0.067872
0.142102
0.841017
0.241106
0.381086
0.778384
-0.574226
-0.930023
0.105972
-0.849630
0.770839
0.167811
0.227421
0.959051
-0.808168
-0.840779
-0.819942
-0.202382
-0.268157
-0.359164
0.986265
-0.589337
0.799943
0.527494
-0.916843
0.461222
-0.828501
-0.214187
-0.866435
-0.718919
0.975966
0.065693
0.423183
0.816984
-0.693200
-0.195731
0.595369
-0.267427
-0.125755
-0.298660
-0.117056
-0.354917
0.869151
-0.889636
-0.395866
-0.939017
-0.730415
-0.215808
-0.141399
0.001428
0.425029
-0.155134
0.412092
0.224972
-0.627641
0.495248
-0.313805
-0.456141
-0.718937
-0.180239
-0.175061
-0.742971
0.885453
-0.751878
-0.925986
-0.807747
0.052390
0.669383
-0.075173
0.926635
-0.629277
0.807770
-0.428281
-0.760125
0.918135
0.175853
-0.699142
-0.812280
0.960045
0.159459
0.189148
0.385073
-0.995675
-0.398760
-0.389953
-0.623315
-0.903512
0.296242
-0.079456
-0.622449
-0.883998
0.745483
-0.365420
-0.998544
0.993604
-0.291406
-0.806291
0.045995
-0.622024
0.118537
-0.027369
-0.251301
-0.073693
0.544350
-0.011426
-0.155559
-0.279797
0.289431
0.032161
-0.319753
-0.551109
-0.778691
-0.934679
-0.546784
-0.177451
-0.324632
-0.170099
-0.080964
0.971609
0.750443
0.296588
-0.912388
0.495927
0.931168
-0.910932
0.489532
-0.360238
-0.717222
-0.464473
0.017738
0.401314
0.508158
0.766436
-0.672379
0.052507
-0.244990
0.172062
0.772710
-0.955558
-0.795778
-0.547043
-0.506667
-0.574469
-0.481722
-0.053450
0.248079
0.193647
0.776450
-0.832885
0.165256
0.526895
0.463702
0.252868
0.022822
0.394871
0.341936
-0.487647
-0.965368
0.624715
0.047880
0.052370
0.026028
-0.443962
-0.181193
0.353648
0.608545
0.573817
-0.474290
0.381255
0.618261
-0.270068
0.834211
-0.888406
0.155463
-0.647510
0.058143
-0.596458
0.546136
-0.165407
-0.429342
-0.288607
-0.638512
-0.965640
0.964261
0.384309
0.429230
0.306197
0.896663
0.463864
-0.069089
-0.055457
-0.483766
0.956938
0.500581
0.335041
0.310587
0.109126
-0.091141
0.836297
-0.509620
-0.472881
-0.433771
-0.675408
-0.361287
0.721693
-0.322919
0.696856
-0.874765
-0.776782
-0.468551
-0.304108
-0.065390
-0.107064
-0.269748
-0.101129
-0.722754
-0.840517
-0.794932
-0.826091
0.623347
0.135979
0.118452
-0.860420
0.092918
-0.380967
0.474621
-0.596495
0.728158
-0.616520
-0.760198
-0.781461
-0.089401
-0.193968
-0.456870
0.549312
-0.472275
0.220213
0.246168
-0.347041
0.443430
0.777616
0.348851
-0.621960
-0.329447
-0.920897
0.276910
-0.052201
-0.761414
0.481979
0.121708
0.861933
-0.382043
-0.759841
-0.998487
0.710875
-0.140808
0.476135
-0.885620
-0.412649
0.859614
-0.645817
-0.194111
-0.229787
0.160215
0.349021
-0.680475
0.687939
-0.430767
0.565692
-0.659102
-0.987338
0.343309
0.689749
-0.609298
-0.986138
0.768853
0.667613
-0.038340
-0.992561
0.149590
-0.916632
0.869371
0.767548
-0.676473
0.870884
0.478422
0.182719
0.347019
0.592803
0.770070
0.206633
0.946985
-0.424040
0.976847
0.107199
0.924979
-0.703628
-0.204861
-0.505788
0.862063
0.136037
-0.493125
0.205373
-0.174213
-0.102423
0.219234
-0.405361
-0.434811
-0.819105
-0.397922
0.714779
-0.735737
-0.528550
0.482327
-0.412210
-0.657665
-0.039252
0.770509
0.689354
-0.446449
0.540579
-0.104013
-0.499465
-0.883461
-0.127166
0.607735
-0.958480
0.169205
-0.597127
-0.464268
0.031270
0.538910
0.042607
-0.763357
-0.635303
0.940185
0.455878
-0.040664
-0.494627
0.636772
0.561413
-0.779848
0.901036
-0.967137
0.702479
-0.511174
-0.624802
-0.336773
-0.740665
-0.935448
0.216778
0.799915
-0.039461
0.717314
0.916455
0.833373
0.325049
0.957974
0.002577
0.727921
-0.506294
-0.966152
0.266832
0.536313
-0.729510
0.631528
0.476497
0.726367
-0.409136
0.981871
0.363140
-0.847723
-0.797978
0.264176
-0.814859
0.904501
0.753001
-0.439661
-0.432272
-0.987663
-0.375109
0.784505
0.812252
0.585429
0.501819
0.728706
0.418801
-0.173133
0.686680
-0.578621
-0.445212
-0.819614
-0.544773
0.821620
0.716699
-0.274283
0.453148
0.193196
-0.547915
-0.955988
0.175066
0.815225
-0.803711
0.377087
0.079401
-0.618570
0.281587
-0.167597
-0.058231
0.849315
-0.155260
0.566659
0.633821
-0.343009
0.152088
0.135641
-0.614302
-0.429111
0.962508
-0.927623
-0.007731
-0.482704
-0.747237
0.447496
-0.661084
0.969462
-0.826787
0.792064
0.162657
-0.374703
0.836075
-0.662277
-0.559477
-0.967635
0.714810
0.519924
-0.586204
-0.003601
-0.647674
0.355565
-0.154287
0.197066
-0.077776
-0.520465
0.854057
-0.925688
0.615175
-0.760246
-0.354798
0.577683
-0.687868
0.637471
-0.905021
-0.435105
0.084967
-0.566105
-0.465643
0.258180
-0.774041
0.697016
0.883476
-0.937965
-0.965261
-0.676000
-0.905600
0.749549
0.843923
-0.491804
-0.254053
-0.803750
0.863760
0.591661
0.393316
-0.214015
-0.928804
0.247372
-0.139703
0.686372
0.487127
0.505499
0.264054
0.799258
0.142970
0.359033
-0.635847
-0.772064
0.792926
-0.101489
0.486116
-0.981114
-0.404474
0.369592
-0.919080
-0.369736
0.693593
-0.824680
-0.620186
0.537516
-0.316484
0.125761
0.733766
-0.452723
-0.282579
0.127081
0.333261
-0.211382
-0.625547
-0.806442
-0.525012
0.861579
0.699057
0.739042
0.660838
-0.157974
0.098074
-0.975009
0.069963
-0.108998
-0.076498
-0.443922
-0.090112
0.519029
0.925670
-0.009191
-0.850707
0.619263
0.166128
-0.470894
0.156780
0.849646
0.654868
-0.109454
-0.603078
-0.627711
-0.982374
0.730183
0.160907
-0.607921
0.923742
0.635895
-0.746342
0.622799
0.374937
0.914496
-0.535174
-0.526988
0.939488
0.534789
0.364014
-0.137011
-0.909133
-0.726098
-0.617982
-0.983461
0.264710
-0.468690
0.635802
-0.569161
0.060417
-0.207418
-0.719516
-0.284716
0.683128
-0.322594
0.087573
0.700755
-0.592411
-0.751520
-0.907166
-0.668668
0.884375
-0.653508
0.954130
0.259312
-0.739011
-0.581043
0.732323
-0.799524
0.953745
0.096338
0.063466
-0.955387
0.370239
0.445483
-0.938849
-0.365051
0.976794
0.696953
0.065788
0.037210
-0.510464
0.346272
0.752494
-0.827336
-0.976322
-0.159932
0.873419
-0.568733
0.088546
0.966252
-0.237402
-0.027078
-0.687255
-0.283271
-0.767768
-0.426267
0.135685
0.964556
-0.225791
0.089431
0.060893
0.837675
0.134043
-0.568868
0.283158
0.195195
0.066081
0.259951
-0.107852
-0.868132
-0.702839
0.381684
0.478139
-0.950344
0.554348
0.501818
-0.110277
0.427768
0.933085
0.978269
0.394019
-0.304317
-0.048809
0.706764
0.412412
0.183423
-0.719502
-0.451902
0.147979
0.054707
0.637529
-0.791128
-0.107618
-0.228428
-0.359997
-0.824461
0.966767
0.706085
0.435490
-0.141085
0.837953
0.732652
-0.759401
0.316093
0.782308
0.794948
-0.182090
-0.327970
0.222714
-0.249005
-0.349700
-0.383266
0.446678
0.601491
-0.676501
-0.140910
-0.215087
-0.396003
0.407188
0.932892
0.658705
0.044715
-0.858236
-0.448914
0.816287
-0.218232
-0.273374
0.783053
-0.512148
-0.837884
-0.358032
-0.674196
0.894768
-0.117433
0.641897
0.677075
-0.322486
-0.540193
-0.650895
0.900229
0.210802
-0.000595
-0.483036
-0.342520
-0.399104
-0.159537
0.516570
0.385809
0.444459
-0.076244
0.318702
0.103164
0.968473
0.460465
0.654251
0.784759
-0.757766
-0.619125
0.567812
-0.269915
-0.457009
-0.790220
0.055890
-0.562241
0.092347
-0.302213
-0.885166
0.769861
0.157593
-0.536060
0.670089
-0.631604
0.463344
-0.812947
0.025875
-0.935760
0.027516
-0.457555
0.450049
-0.528025
0.466202
-0.231249
0.575140
0.434673
-0.770783
0.229389
0.219433
-0.528549
0.610264
-0.212754
0.201537
-0.846744
-0.002974
-0.742573
-0.408984
-0.910628
-0.044787
-0.294150
0.859233
-0.887193
0.169789
0.529323
-0.518797
-0.366866
0.716376
0.507079
-0.302626
-0.256108
-0.950477
-0.852577
0.215867
0.515725
-0.083826
-0.208994
-0.049601
0.145391
-0.979605
-0.830168
0.616843
0.630661
-0.042923
-0.181620
0.783916
0.954103
0.075806
-0.625068
-0.956525
-0.968981
0.080781
0.902708
-0.856174
-0.749430
0.432030
-0.374971
-0.116296
0.148406
-0.867893
0.581077
0.892298
-0.818370
0.728500
0.108165
0.697355
-0.355326
0.899170
-0.352246
0.790065
0.919566
-0.182415
0.406909
0.550227
0.774662
-0.774712
0.334143
0.728765
0.301094
0.709075
0.772240
0.332114
-0.210145
0.674948
0.475940
0.040426
0.106978
-0.899031
0.924131
-0.744614
-0.766924
0.505207
-0.852316
-0.585293
0.233708
0.255848
-0.887938
0.878383
0.155019
-0.240185
0.668449
0.074586
0.577400
0.075358
-0.375188
0.352064
0.300645
0.958955
0.080829
-0.398261
0.668028
-0.146932
0.933853
-0.542116
-0.471984
0.409793
0.498311
0.634996
0.510764
0.422439
0.890381
0.743839
-0.072353
-0.961935
-0.841454
-0.838646
0.293913
-0.729392
-0.960263
-0.551067
0.030423
0.708185
0.523520
-0.392176
-0.216457
-0.851669
0.959888
-0.915812
-0.892714
0.040716
-0.314073
0.775316
0.893784
-0.380219
-0.766801
-0.578199
-0.970426
0.731509
-0.943204
0.540337
0.153948
0.947178
0.284176
-0.918405
0.985243
0.442723
-0.757051
0.279156
0.713331
-0.717314
0.728089
-0.256247
0.990871
0.251609
0.351577
-0.225586
0.399941
0.311465
-0.141399
0.507226
-0.647819
0.544529
0.282541
-0.754035
-0.835691
0.515741
-0.332234
-0.806116
0.247249
-0.275438
0.734221
-0.598803
-0.328261
0.018397
-0.517208
-0.343018
-0.538880
-0.274259
0.936138
-0.825550
0.008427
0.664228
-0.081796
-0.000702
-0.084163
-0.730219
0.773713
-0.684223
0.581246
-0.367686
0.823003
0.933427
-0.823158
0.105545
-0.820608
-0.658848
-0.378715
-0.152843
-0.464964
0.868534
0.571719
-0.730744
-0.730269
-0.756542
0.287654
-0.247477
-0.099560
0.748774
0.478264
-0.163421
0.923224
-0.513308
-0.499194
-0.158572
0.485990
0.416643
0.111210
0.259703
0.732420
-0.307545
0.892016
0.555424
-0.374118
-0.931141
-0.339031
-0.194726
-0.589990
0.282254
0.652430
-0.054954
0.150788
0.224151
0.214302
0.420519
0.467608
-0.498044
-0.826958
-0.631951
-0.749270
0.651305
0.204627
-0.826046
-0.862002
0.705433
0.015381
0.623989
0.122076
-0.873409
-0.116309
-0.145504
-0.180954
-0.224293
-0.590081
0.444929
-0.155434
0.070888
-0.749798
0.254577
-0.646858
0.902634
-0.800378
0.503929
0.126784
0.413925
-0.075551
-0.405608
0.915880
0.097490
-0.037558
-0.833390
-0.251203
-0.832931
-0.659437
-0.113205
0.872501
0.355944
-0.489217
-0.005422
0.482536
0.394474
0.849074
-0.698418
-0.829818
-0.741007
0.746511
0.014748
0.329881
0.996713
-0.730676
0.683022
0.899345
-0.531054
0.186953
0.026130
0.882870
-0.888599
0.620522
0.798750
0.208892
-0.417037
0.965361
0.957690
-0.249968
-0.694076
-0.155516
-0.377466
0.661870
0.355267
0.617113
0.144405
-0.250259
0.466186
0.445987
-0.080077
0.725178
0.192498
0.934671
0.055060
0.189210
-0.796004
-0.261918
0.088556
-0.327058
0.925035
-0.885314
-0.444187
-0.963563
0.735208
-0.645436
0.245328
-0.681829
-0.680075
0.203018
0.068203
-0.374151
-0.952498
0.690738
-0.712281
0.402769
0.307849
0.432123
-0.847489
-0.225965
-0.121889
0.072434
-0.500787
-0.929392
0.007105
0.554273
0.259818
0.211101
-0.707645
-0.651626
0.884043
-0.782610
-0.536940
-0.560143
-0.746173
-0.801732
-0.205579
0.499156
-0.483561
0.114347
-0.297827
0.584643
0.740195
-0.250325
0.275380
-0.972085
-0.847557
-0.416770
0.460039
-0.695046
0.357266
-0.661850
0.377388
0.856478
-0.591242
-0.615507
0.410751
0.668577
0.595594
0.703107
-0.983049
0.479639
0.920497
-0.519989
0.919495
-0.825677
-0.321722
-0.286083
0.673478
0.194717
0.828263
-0.624349
-0.220640
0.568458
0.125325
-0.945260
0.596373
0.277768
-0.362030
0.056412
0.582722
0.995236
0.394562
-0.039889
0.851713
0.803320
0.344604
0.262465
0.471896
-0.059801
-0.034428
0.488847
-0.580163
-0.113931
0.968857
-0.660667
0.060392
-0.352864
0.053250
-0.266130
0.841853
-0.118487
0.109521
-0.378787
-0.550028
-0.765153
-0.324047
-0.953655
0.512615
0.313923
0.102758
0.095338
0.309158
-0.502681
-0.944552
0.160872
-0.699361
0.400052
-0.576663
0.772536
-0.659749
0.388908
0.261382
-0.239913
-0.725023
0.230240
0.099420
0.335368
0.877376
-0.847330
-0.930761
0.719229
0.034182
0.178760
-0.659559
0.484154
0.413606
0.016394
0.530500
-0.073778
-0.669683
-0.366743
-0.978440
0.639474
0.130576
-0.922992
-0.199655
0.431216
0.477061
0.223683
0.203751
0.817311
-0.387408
-0.534868
-0.422602
-0.112432
0.695372
0.676818
-0.777063
0.572748
0.829488
-0.707824
0.291976
-0.136329
0.470935
0.632418
-0.652175
-0.115458
-0.351188
0.878325
0.810763
-0.020872
-0.488418
0.832324
-0.381398
0.642158
0.909331
0.418947
0.073372
0.386391
-0.357370
-0.722877
0.203702
0.255222
-0.257745
0.781100
-0.857210
-0.562373
0.457919
-0.634273
-0.989626
0.287408
-0.342097
0.302350
-0.848921
-0.871161
-0.065232
-0.501096
0.013381
0.583579
-0.622771
-0.175856
-0.437293
-0.111189
-0.343533
0.181309
-0.469032
-0.434201
-0.399743
0.604341
0.952191
0.242887
0.881464
0.155892
-0.501891
-0.376281
-0.063007
-0.359101
0.061345
-0.605088
0.006626
0.071719
0.682321
0.664529
-0.625930
0.833400
0.793368
0.308837
-0.667696
-0.193251
-0.107583
-0.290467
0.630892
0.455124
0.598344
-0.712640
-0.363567
-0.870687
-0.146841
0.236690
0.733654
-0.194651
-0.520423
0.615118
0.961240
-0.022314
-0.761163
-0.101766
0.618585
0.300182
0.293146
-0.374788
-0.628098
-0.024534
-0.710259
-0.254028
-0.191134
-0.916890
-0.945190
0.141170
-0.110142
-0.052773
0.850702
-0.479249
-0.597650
0.449047
-0.191889
0.038783
0.578360
0.661270
-0.724527
0.312014
-0.533381
-0.244950
-0.072868
-0.572140
0.732737
0.165967
0.326095
0.351322
-0.533850
-0.380759
0.976533
-0.161948
0.594707
-0.733726
0.584024
-0.596427
-0.650616
0.638834
0.544742
0.239242
-0.413940
0.395446
0.759994
-0.011589
-0.155507
-0.431895
-0.972806
-0.577147
-0.770625
-0.697332
0.734866
-0.304006
0.057717
-0.338002
0.123854
-0.209546
0.827967
-0.550051
-0.858225
-0.705884
0.069190
-0.881692
0.132168
-0.336103
-0.615417
-0.283808
0.067471
-0.266033
-0.644975
