-0.628979
0.258967
-0.034425
-0.653318
0.382298
-0.232481
0.807592
0.134735
0.649618
-0.028787
-0.989427
0.307730
-0.349801
-0.579937
-0.583412
0.045599
0.518209
-0.530272
0.531998
0.897523
0.987075
-0.289721
0.483875
-0.988589
-0.908191
0.509274
-0.549811
-0.755725
-0.512866
0.887243
0.961582
-0.141844
0.146211
-0.072843
0.204838
-0.471492
0.694676
0.012430
0.663244
0.344294
0.983643
0.673817
-0.347976
-0.366159
-0.906121
0.068612
0.679440
0.612088
0.538340
0.211439
0.509612
0.525415
0.921718
-0.006513
0.536826
-0.986473
-0.497239
0.987015
-0.742198
-0.010105
0.874259
-0.780615
0.848051
0.020470
0.146542
0.052889
0.548978
-0.158781
-0.934681
0.212221
-0.814488
-0.951039
-0.113962
-0.162464
-0.317197
-0.020082
0.906148
-0.637757
-0.407994
0.444488
0.573681
-0.898382
-0.030097
0.495399
0.095104
-0.493271
0.508927
0.597865
-0.506255
0.766729
-0.412240
-0.631996
0.986114
-0.564189
0.388473
0.132656
0.488700
-0.062549
0.973874
0.554018
-0.850328
-0.840613
0.602980
0.035711
-0.003077
-0.714218
-0.984372
-0.096929
-0.351975
-0.392366
-0.652441
-0.778294
-0.290748
0.317462
0.717106
0.804356
0.824192
0.226032
0.402221
-0.682064
-0.007239
0.989981
-0.314060
-0.021125
-0.574208
-0.925587
-0.888469
0.914492
0.011864
-0.914595
0.468511
0.161536
-0.755208
0.071490
-0.802753
0.241716
0.357272
-0.787125
-0.855213
-0.994703
-0.179491
-0.507653
-0.772996
0.529761
0.809809
0.944109
0.334118
0.634001
0.170142
-0.263661
0.951937
-0.837097
-0.273679
-0.362123
0.141778
0.152113
-0.287710
0.253309
0.066605
0.724154
0.338714
-0.464884
-0.114310
0.583506
0.606607
0.082937
-0.174778
-0.036121
0.295813
-0.029991
-0.030824
-0.883678
0.462356
0.196180
0.646084
0.272165
0.140289
-0.019799
-0.093835
-0.689569
0.716540
-0.141897
-0.526666
-0.557139
0.495980
0.615111
0.594974
-0.791730
-0.131580
-0.338420
0.932424
-0.792866
0.196696
-0.181885
0.790640
-0.196697
0.901052
-0.384138
0.767182
0.196865
0.585871
-0.263642
0.313187
0.048226
0.932538
-0.040730
-0.679609
0.072828
0.939472
0.226556
0.383259
0.656012
-0.915341
0.856592
-0.901127
0.580639
0.471704
0.693847
0.788909
-0.659876
-0.644573
0.721333
-0.452743
0.552123
-0.460553
-0.662103
-0.644574
-0.559501
-0.046241
-0.877393
0.637364
-0.460370
-0.141035
-0.049449
0.587856
-0.208497
0.909821
0.908247
0.864331
0.849293
0.134803
0.247590
0.505305
0.219462
0.104182
0.604178
-0.199900
-0.424115
0.298026
-0.410991
-0.083991
0.653453
-0.689659
0.463266
0.205576
-0.150211
0.801163
0.561001
0.290288
-0.245078
0.683609
-0.072348
0.294552
-0.457426
0.878203
-0.117592
0.334077
0.788024
-0.209346
0.198408
0.637317
0.925457
-0.554002
0.142622
0.144919
0.550180
-0.253200
0.945019
-0.873935
-0.955175
-0.465972
0.042074
0.698278
-0.155631
-0.494660
-0.096146
0.694158
-0.693496
-0.535145
-0.015554
0.061426
-0.851536
0.912098
-0.644022
-0.308962
0.790300
0.238385
-0.974884
0.578324
-0.970960
0.223524
0.215641
0.954497
0.669522
-0.641737
0.099416
0.219702
0.105062
0.044435
0.345767
0.149888
0.578463
-0.612159
-0.151834
-0.577168
-0.106819
0.752020
-0.883010
0.199685
-0.783125
0.101435
-0.738890
-0.634660
0.013533
-0.382912
0.056378
-0.196167
0.855474
0.081493
-0.617843
0.884514
-0.694983
0.597798
0.839011
0.974539
0.956061
-0.061573
0.194241
0.061123
0.982862
-0.459992
-0.788989
0.561325
-0.072151
0.059177
0.984157
0.821030
-0.188803
-0.898853
0.020714
0.028072
0.202582
0.281825
0.393412
-0.783886
0.898913
-0.550210
0.019947
0.754387
0.531283
0.402105
0.638900
0.836301
-0.000097
0.477911
0.810840
-0.044037
-0.583662
0.005081
-0.982914
-0.600800
0.545089
-0.771903
0.960525
-0.527062
0.287274
0.944683
-0.706033
-0.901530
-0.954171
0.314682
0.126543
0.248411
-0.403493
-0.480045
0.464525
-0.504580
-0.030256
-0.515527
-0.750193
-0.498973
0.886577
0.888707
-0.662672
-0.113520
0.366618
-0.851832
0.842443
0.782956
0.153249
0.859529
-0.817843
-0.301662
-0.912374
-0.857318
0.171276
0.374900
-0.912635
0.465243
0.473370
-0.866806
-0.220075
-0.400087
0.381605
0.376432
0.119867
-0.153870
0.871852
-0.910389
0.330603
-0.878342
-0.409361
0.217180
-0.989635
-0.072033
-0.896340
0.376984
0.076135
0.946103
0.159940
-0.770616
0.805632
0.342096
-0.072278
0.893258
0.484779
-0.901002
0.268157
0.572143
0.564241
-0.258472
0.705337
-0.655834
0.341440
0.086942
0.720597
-0.538693
0.933072
0.592449
-0.449081
0.263674
0.714107
0.141558
-0.519146
0.724473
-0.930475
-0.415486
0.101456
0.145660
-0.469384
-0.738604
0.375044
-0.663752
0.603493
-0.697234
-0.770495
0.088271
-0.598236
0.497663
-0.339586
0.966005
-0.760810
-0.634249
-0.689829
0.580631
0.452693
-0.969232
-0.958062
0.385765
0.623217
-0.407143
-0.350561
0.337325
0.734415
0.130293
0.061798
0.803940
0.714806
-0.836746
-0.050400
-0.754578
-0.575350
-0.675356
-0.418330
-0.971857
-0.372589
-0.188824
0.116414
0.029175
-0.691162
0.776829
-0.004820
-0.451971
-0.857420
0.305351
-0.871340
0.595273
0.336119
-0.829402
-0.018962
-0.040664
-0.236545
0.630477
-0.703339
-0.502130
-0.239231
0.358459
-0.698190
-0.524424
0.521713
0.251410
-0.279002
0.946363
0.576054
0.302668
0.974506
-0.796535
-0.886156
0.090920
0.232640
-0.577318
-0.132251
-0.772181
-0.029289
0.010329
0.533170
0.099371
-0.394398
-0.130711
0.269969
0.586639
0.828625
-0.966576
0.217116
-0.874714
-0.468706
0.977885
0.483745
-0.166895
-0.546539
0.005458
-0.915485
0.174459
-0.048179
0.660569
-0.522872
-0.073674
0.864034
-0.409029
-0.982753
0.096674
0.013654
-0.115005
0.324493
0.984365
0.895324
-0.142337
0.083736
-0.499074
0.726952
-0.646295
-0.912435
0.555578
-0.612871
0.304681
0.680864
-0.081576
0.282566
0.164609
0.751528
0.736027
-0.829933
0.836043
-0.089514
0.121887
0.496612
0.387614
-0.951786
0.360646
0.978585
-0.934540
-0.542680
-0.007761
-0.049545
0.781814
-0.023396
-0.154221
-0.360523
-0.939659
0.346705
-0.633571
-0.585954
0.434270
0.922007
-0.198825
-0.261049
0.602871
0.719599
-0.978483
-0.232520
0.471127
0.757544
-0.062453
0.307171
-0.331970
-0.940566
-0.196217
-0.944356
-0.892352
-0.835571
-0.965770
-0.826892
-0.378250
0.026469
0.123564
-0.596437
-0.996927
0.969343
0.043040
-0.936586
0.316048
0.409470
-0.522540
-0.249682
0.331477
0.278635
0.489269
-0.065652
-0.001766
0.510785
0.701829
-0.530638
0.268329
-0.360624
0.776532
0.936359
-0.301190
-0.419685
0.992004
-0.193542
-0.255256
-0.973767
-0.020434
0.366494
0.052702
-0.896871
0.770057
0.055775
-0.927528
-0.186902
0.119189
0.388520
-0.777432
0.596649
-0.861162
0.554045
-0.124716
0.628107
-0.511607
0.873519
0.138892
-0.809778
-0.657120
-0.592779
-0.170403
-0.880588
-0.656420
0.528407
-0.300273
-0.664416
-0.665135
0.444472
-0.638183
0.314431
-0.189034
0.414519
0.417560
-0.418977
-0.529705
0.490032
0.394121
0.589484
-0.121448
0.616688
0.186133
0.017390
0.170733
-0.938582
-0.354503
0.659126
0.934936
0.784389
0.849347
-0.722184
-0.808390
-0.321055
-0.602771
-0.464810
-0.792648
0.096956
-0.129226
-0.457783
-0.458573
0.232592
0.856647
0.352393
-0.352889
0.274207
0.933416
0.117406
-0.235760
0.327537
-0.293110
0.642792
-0.055775
0.893023
-0.339818
-0.885042
0.954441
0.305679
0.774084
0.889377
0.090068
0.623431
-0.832807
0.281678
-0.697624
-0.435578
0.816869
-0.490272
0.661378
-0.312357
0.051945
-0.797195
0.920235
-0.091407
0.555198
-0.432655
-0.817200
0.488615
0.684751
-0.052960
-0.183848
-0.608359
-0.410168
0.760377
-0.715336
0.250014
0.875335
-0.760895
-0.444307
0.649419
-0.871518
0.645762
0.272850
-0.704325
-0.072560
0.575227
-0.139903
-0.255691
-0.915045
-0.478525
0.431952
0.136900
-0.275720
0.352186
-0.954507
-0.720521
0.919532
-0.771708
0.768093
0.604283
0.175332
-0.415755
0.995924
0.765164
-0.655379
-0.719411
0.015178
-0.780044
-0.480306
0.570871
0.869375
-0.351824
0.216633
0.142226
-0.056149
-0.855927
-0.282547
0.803948
-0.111618
-0.197592
-0.674576
-0.679666
0.939308
0.049704
0.672521
0.984800
0.329182
0.592052
-0.786907
0.097275
0.196336
0.388425
0.681520
0.192260
0.153588
-0.973858
0.472848
-0.831234
-0.753902
0.992542
0.739637
-0.884527
-0.359282
-0.043730
0.257699
0.584569
0.100343
0.975152
0.388518
0.988725
-0.222440
0.713941
-0.690941
-0.283133
-0.236355
0.981580
-0.298333
-0.907173
0.573632
-0.085240
0.190102
-0.230032
-0.696815
-0.128377
0.962228
0.456773
-0.102236
0.435076
0.625538
0.143862
0.427618
0.365175
0.259335
-0.931664
-0.678555
-0.482965
0.652905
0.421788
-0.507813
0.041423
0.410513
0.269746
-0.244636
0.719572
0.986614
0.519009
0.701152
-0.311719
0.611836
0.274784
0.603041
-0.198062
-0.955248
0.906226
0.673561
-0.993020
0.362999
-0.428675
0.442056
-0.011463
0.715187
-0.130326
-0.646288
-0.025478
-0.061989
-0.324843
0.491557
-0.409084
-0.903055
0.983744
0.632339
0.507458
0.253490
-0.612297
0.227030
0.240104
0.906712
-0.071818
0.928385
0.518548
-0.797035
0.531427
-0.679514
-0.752283
0.437653
0.994047
-0.745303
-0.199349
-0.434628
0.696753
0.789188
-0.719441
-0.433573
-0.857100
0.255081
0.504437
-0.181943
-0.253361
-0.904647
-0.084998
-0.269617
0.727692
-0.577540
0.983873
-0.884605
0.649489
0.223977
-0.977893
-0.422329
0.152363
0.540655
-0.219364
-0.316210
0.861141
0.028354
-0.878558
0.855189
0.283050
-0.077907
-0.579439
-0.020197
-0.288719
-0.298880
0.546230
-0.145818
0.956201
0.050667
0.672239
-0.297160
0.146021
-0.412759
0.433222
-0.126287
0.009700
0.417095
-0.010891
-0.340810
-0.358927
0.011216
0.236860
0.793436
-0.448129
-0.982503
-0.522775
-0.586987
0.045850
-0.401332
-0.731799
-0.671099
0.520761
-0.311238
0.308704
-0.767958
0.389881
-0.145067
0.086224
0.346082
0.905601
-0.241537
-0.951078
0.051621
0.345704
0.482144
0.925334
-0.644596
-0.100760
-0.085557
0.014593
0.540313
0.925659
-0.748546
0.333748
-0.522470
-0.731049
0.810974
-0.109457
0.314801
-0.590358
0.158744
0.643702
0.930403
0.847506
-0.047595
-0.837555
0.237387
0.807338
0.248669
-0.416530
0.712939
-0.992868
-0.367608
-0.235440
0.352835
-0.885464
-0.310105
0.708239
0.013776
0.604337
-0.277167
-0.445911
0.529996
-0.025714
0.887837
-0.992474
0.243237
0.698811
-0.101931
-0.441962
-0.891547
-0.943187
-0.798261
-0.961145
0.904318
0.154144
-0.798700
0.141706
-0.038517
0.449969
0.725175
-0.325578
0.457101
-0.642433
0.438982
-0.190063
-0.527897
-0.871123
-0.481824
0.485879
0.733214
0.241009
-0.960032
0.263210
-0.784705
0.927805
0.270737
0.458532
0.626616
-0.831195
-0.983430
0.735068
-0.774382
-0.781691
0.773924
-0.870063
0.372453
0.975224
0.271642
-0.666064
0.425193
-0.003183
0.008358
-0.117706
0.354384
-0.552659
0.692231
0.826487
-0.423783
-0.789593
0.312366
-0.690568
0.451415
0.352334
0.572642
0.666710
0.280138
-0.156622
0.125242
-0.093246
0.012184
0.141812
-0.358177
0.237802
0.360121
-0.584254
0.367739
-0.267426
-0.609030
-0.360619
0.066510
0.816163
0.636199
-0.925131
-0.301543
-0.009417
-0.477791
-0.609312
-0.182930
0.098426
-0.398905
-0.870564
0.407858
-0.947490
0.481770
-0.019500
0.719221
-0.238092
0.823878
-0.155537
0.668662
-0.163938
0.986275
-0.689515
-0.926136
0.346396
-0.273769
0.441603
-0.921030
0.117201
-0.919016
0.145480
-0.066637
0.717183
0.220349
0.631820
-0.292234
0.742558
-0.977492
0.524836
-0.159016
-0.376397
0.654272
-0.751158
-0.323886
0.136041
0.229342
-0.604665
0.897949
0.053220
0.239798
0.566612
0.889282
0.226072
0.877096
0.963147
-0.427532
-0.396673
0.404750
-0.348563
0.720528
0.485734
0.796917
-0.346109
0.202917
0.017266
-0.714289
0.910682
-0.240176
-0.691780
0.435518
0.600808
-0.068177
0.089790
0.849650
0.607937
-0.774169
0.078992
-0.996729
-0.876219
-0.867788
0.243069
0.690392
-0.978506
-0.530859
0.567489
0.984641
0.041609
-0.829184
0.389390
0.693046
0.891344
-0.124876
0.489964
-0.454765
-0.921959
-0.492770
-0.169054
0.988724
0.267053
0.139165
0.424242
-0.132139
-0.929012
-0.485969
-0.282489
0.678925
-0.260137
0.796503
0.682196
-0.136357
0.928715
-0.074735
-0.445964
0.950209
0.394406
-0.878475
0.934850
-0.563985
-0.707659
0.324240
-0.870939
-0.816316
-0.800636
0.619025
-0.271081
-0.722594
-0.873746
0.559865
-0.733871
0.393307
-0.300970
0.690371
-0.738831
-0.229982
-0.795598
-0.021321
-0.551057
-0.055735
-0.224818
-0.868861
0.807908
-0.296104
0.056404
-0.638056
-0.345895
-0.549190
-0.516531
-0.411045
-0.113175
-0.224190
0.913195
0.015886
-0.040506
-0.887441
-0.365090
0.688413
-0.610035
-0.238836
0.248277
-0.343906
-0.845528
0.947307
-0.653535
-0.584360
-0.282675
-0.449133
0.394320
0.166269
0.495132
-0.830498
0.297408
0.303041
-0.126602
-0.646187
0.664985
0.527503
-0.195377
-0.851546
-0.883542
0.691447
-0.075736
-0.970347
-0.292667
0.883758
-0.857788
0.342243
0.572170
-0.467823
-0.896593
-0.179553
0.188271
-0.742121
-0.232246
0.534736
-0.326480
0.485080
-0.914397
-0.932161
-0.348652
0.580735
-0.762659
0.948757
-0.116224
0.110739
-0.697431
-0.451239
-0.361757
0.107192
-0.302785
-0.245299
-0.201361
0.621479
-0.215646
0.505972
0.505236
-0.073434
-0.151785
0.077406
0.458744
-0.048378
0.897853
-0.352985
0.209501
-0.334392
-0.818249
0.883021
-0.849313
-0.732645
0.950861
-0.197965
0.848090
-0.811798
-0.249208
-0.268134
0.298941
0.053361
0.280627
0.937184
-0.839447
0.977842
-0.308115
-0.040808
0.599321
0.476239
-0.534837
0.104557
-0.597195
0.313378
-0.818037
0.861549
-0.734999
-0.920183
-0.491436
0.474502
-0.254576
-0.309685
0.357523
-0.103889
-0.042330
0.308384
0.698146
-0.194240
0.496585
-0.551062
0.537626
-0.204474
0.502299
-0.181747
-0.267290
0.662852
-0.203905
0.424595
-0.377956
-0.604584
-0.099166
0.087207
0.499973
0.303640
-0.599415
0.681936
0.165189
-0.334414
0.761753
0.673753
-0.859912
-0.492823
-0.635931
0.497611
0.403288
0.321739
-0.194005
0.101434
-0.872501
-0.697420
0.550373
0.665125
0.098107
0.052672
-0.516622
0.830817
-0.284476
0.279474
0.255412
0.337568
0.674890
-0.843753
-0.575225
0.174863
0.459887
-0.174640
-0.143201
-0.374925
0.490946
-0.381448
-0.701171
0.631034
0.125729
-0.337103
0.128645
-0.470983
0.984636
0.934640
0.630452
-0.887866
-0.762780
0.180824
0.777259
0.335327
-0.766504
-0.739362
0.166144
-0.050980
0.540111
-0.578444
-0.713412
0.215001
-0.422197
-0.288637
-0.610136
-0.962311
0.536723
0.246664
-0.337235
0.027669
0.865216
-0.038407
-0.341297
-0.009055
0.624491
0.787348
0.519962
0.609126
0.721987
0.150414
0.721261
0.959207
-0.668762
0.498520
0.294534
-0.435265
0.759158
-0.539323
0.513755
0.299269
-0.117767
0.800343
-0.485730
0.460036
-0.488294
-0.095866
0.497725
-0.951571
-0.849202
-0.839510
0.076098
-0.983987
0.122083
0.734801
0.006958
-0.253426
0.522148
-0.473079
-0.644300
0.244136
0.677335
-0.923039
0.203343
-0.991427
0.575481
-0.502124
-0.426693
0.334638
-0.041446
-0.912938
-0.366093
0.840787
0.887406
0.148177
0.300823
-0.600888
-0.947689
-0.201452
-0.552459
-0.796892
-0.040962
0.523639
-0.780878
-0.918879
0.258439
0.226080
-0.172306
-0.219412
0.753001
0.183394
-0.975277
0.430335
0.260354
0.228066
0.438908
-0.164165
0.725942
-0.987785
-0.829527
-0.315504
-0.900722
-0.195620
-0.474717
0.986683
0.952557
0.826106
-0.614205
-0.995133
-0.375347
-0.166665
-0.792024
0.583691
-0.643026
-0.572903
0.664811
0.615413
0.653178
-0.507494
-0.603999
0.406178
0.675899
-0.579276
-0.163486
-0.063746
0.648790
-0.724578
0.772089
0.374732
-0.712363
0.942562
-0.940772
-0.613085
-0.253059
-0.415489
-0.626402
-0.300502
-0.589383
-0.240607
-0.295635
0.035270
0.592728
-0.087659
-0.381039
0.949702
0.339438
-0.716228
0.565116
-0.007384
-0.223722
0.961117
-0.601206
-0.547823
-0.618159
0.235308
0.388431
-0.969369
0.510730
0.160520
0.405363
0.798368
0.103081
0.464591
-0.814718
0.850023
-0.950898
-0.441120
-0.450479
-0.540281
0.318273
0.253886
0.494989
-0.088998
-0.833773
-0.886050
-0.139296
0.505666
-0.602278
-0.574180
-0.501718
0.174000
-0.613064
-0.102924
0.626177
-0.231223
-0.867615
0.014608
-0.200592
0.643115
-0.824872
-0.795229
0.441482
0.278209
0.669362
0.626765
0.128232
0.718464
-0.814355
0.677752
-0.821818
0.503918
-0.068361
0.673171
-0.585080
0.097866
0.787121
0.275624
-0.396468
-0.815157
0.701443
0.101814
0.358843
-0.911620
0.998890
-0.014979
-0.142843
-0.868726
0.999629
0.656564
0.774389
-0.825243
0.861335
0.215872
0.452966
0.530696
-0.157363
-0.418802
0.249160
0.028282
-0.741050
0.427342
-0.467800
0.190589
0.100513
-0.052880
-0.711545
-0.112366
-0.777256
-0.108013
0.072477
0.924188
0.993800
-0.568679
-0.987433
0.992690
0.416341
-0.130276
-0.876036
0.415971
-0.473712
0.898354
0.590728
-0.612377
0.114226
0.043694
0.918319
0.956862
0.624892
0.167479
-0.014856
0.883842
-0.405178
0.517344
0.074431
0.695335
-0.535536
0.362886
-0.417031
-0.312792
-0.745127
0.655447
-0.388604
-0.751327
-0.913233
-0.376037
-0.758637
0.503108
0.493687
-0.634673
-0.080921
-0.980025
-0.736319
-0.490193
-0.592402
0.377907
0.553501
-0.674083
0.334769
0.178392
0.493397
-0.680087
0.062235
-0.911782
0.837257
-0.863334
0.783553
-0.698279
0.499552
-0.633478
-0.011070
0.754425
-0.978031
0.600326
-0.996902
-0.891264
-0.775711
-0.755539
0.611844
0.717976
-0.390212
-0.469077
0.737951
-0.126531
0.040730
-0.854451
-0.748624
-0.405770
-0.528534
0.586144
0.772623
0.964863
0.906057
-0.165143
-0.946919
0.743314
-0.028477
0.836634
-0.954965
-0.528925
-0.796844
0.033965
-0.774500
-0.774875
-0.365710
-0.771402
-0.666139
-0.141421
-0.526941
0.945705
-0.423445
0.082847
-0.523372
-0.685494
0.956316
0.517358
-0.539945
-0.792308
-0.888412
-0.068479
0.793836
0.884211
-0.103616
0.699893
-0.280932
-0.050535
0.443207
0.690591
-0.213901
0.488242
-0.838333
-0.010745
-0.477794
-0.612833
0.214380
0.156496
-0.384234
0.548241
-0.984925
0.088825
0.493947
-0.408370
-0.828328
0.970575
-0.093864
-0.872011
0.487933
0.366191
-0.664319
0.599521
-0.702288
-0.870483
0.483732
0.194096
0.829410
-0.797200
-0.856439
0.272617
0.893391
-0.070340
-0.239141
-0.944942
0.918915
0.283065
-0.557775
0.133296
-0.560438
0.057991
-0.318463
-0.545363
-0.853184
-0.824516
0.046268
-0.681512
-0.853941
0.952404
-0.553523
0.633992
0.318594
-0.217842
0.233513
0.616306
-0.088325
-0.282756
-0.189598
-0.258914
-0.079956
-0.046037
-0.986297
-0.186565
0.883623
-0.225438
-0.131507
0.802539
-0.942372
0.310718
-0.064165
-0.502811
-0.631291
0.617372
-0.048173
-0.484475
0.792856
0.998094
-0.165987
0.938914
0.950498
0.280490
0.572906
0.269092
-0.937352
-0.193582
-0.114602
-0.025676
0.523663
0.695801
0.715410
-0.556293
-0.350236
0.729113
0.257143
-0.466613
-0.496325
-0.874364
-0.664074
-0.438697
0.436354
0.271761
0.058492
0.805063
-0.110867
-0.989681
-0.679412
-0.318012
-0.991587
0.154602
-0.379098
0.958911
-0.564908
-0.806192
0.228003
-0.502260
0.000227
-0.886599
0.472064
-0.476111
0.809202
0.187474
-0.032403
-0.541034
-0.083413
-0.775261
-0.007646
0.420262
-0.649625
0.328280
0.981565
0.786729
-0.399959
0.040057
0.591793
0.489173
0.050376
0.912381
-0.828839
0.058789
0.066983
-0.207937
0.017700
0.502075
-0.014128
-0.754297
0.999815
0.986098
-0.640896
0.471880
-0.490012
-0.831694
-0.340646
0.477584
-0.372728
0.575941
0.702323
0.619626
-0.003797
-0.947302
-0.052094
-0.022233
0.839428
0.547946
-0.982176
0.431220
0.037119
0.068200
0.343602
0.208281
-0.873011
-0.589415
-0.999656
0.144688
0.912659
-0.013784
0.390391
0.912475
-0.027686
0.749496
0.384355
0.482301
0.917802
-0.956292
-0.040115
-0.454925
0.619649
-0.337791
-0.835299
-0.384148
-0.285093
0.112606
0.593619
-0.445665
-0.339447
0.611443
0.985555
0.697672
-0.320357
0.329157
-0.094047
-0.193369
0.739742
-0.093703
0.951320
0.652401
0.892512
0.341711
0.564876
-0.135174
0.091207
-0.050769
-0.652873
0.009009
-0.007061
0.307013
0.554083
-0.387412
0.969222
0.718784
0.228439
-0.315871
-0.168610
-0.177942
0.238464
0.491943
-0.566499
0.224019
0.189615
0.113143
-0.446824
-0.904433
0.919775
-0.707082
0.001864
0.871094
0.945319
-0.105623
0.212805
0.510194
0.759203
-0.695988
-0.540575
-0.893670
0.313021
0.452364
0.413343
-0.132896
-0.935048
0.382565
-0.414113
0.293391
-0.933306
0.417277
-0.884551
0.305157
-0.090780
-0.451050
-0.470824
-0.901165
0.662094
0.082352
-0.805598
0.581868
0.375270
0.196266
0.452963
0.320589
-0.909358
-0.334232
-0.169217
0.849845
-0.030220
0.290208
0.956175
-0.717200
-0.257428
0.369519
0.149904
-0.192477
-0.247917
0.735791
-0.899086
-0.181223
0.153069
-0.783636
-0.876065
-0.937711
-0.234686
-0.346889
-0.838877
-0.572593
0.735463
-0.644475
-0.990724
0.110733
0.551791
0.462238
-0.568678
0.642433
-0.871994
0.262105
0.492279
0.097786
-0.447687
0.448454
0.380587
0.294885
-0.182027
-0.469509
-0.897592
0.570056
-0.733718
-0.796678
-0.611167
0.419351
-0.580314
-0.487233
0.481639
0.185000
0.165878
0.642763
0.612407
-0.098658
0.998288
0.621683
-0.987925
0.550079
0.083921
-0.556603
0.192512
0.211928
0.705502
-0.315209
-0.690286
-0.742185
-0.866755
0.690300
0.552700
-0.048783
-0.779209
0.655108
-0.478727
-0.512927
0.858430
-0.089894
0.906424
-0.721884
0.422874
0.388063
0.463116
-0.411248
0.030826
0.075523
0.490094
0.029113
-0.302794
0.502169
-0.420808
0.781128
0.945567
0.771704
-0.006945
0.651069
-0.543506
0.302769
0.908884
-0.410261
-0.006930
0.461584
0.540956
0.213861
0.116692
-0.937771
0.700934
-0.024878
-0.027664
0.607358
0.253238
-0.604791
-0.004579
-0.283646
-0.016039
-0.973754
0.791877
-0.525945
0.055360
-0.510917
0.976224
0.634551
-0.729789
0.921791
0.406255
0.263266
0.572860
0.862749
-0.433965
0.481745
-0.547512
0.559105
-0.056671
0.993445
-0.227034
-0.939979
-0.944326
-0.526100
0.035142
0.028010
-0.918742
-0.711620
0.423219
0.076678
0.004734
-0.592820
0.102925
-0.203389
-0.118765
-0.841716
0.285694
-0.142541
0.792835
0.555904
-0.220750
0.199090
-0.180829
-0.647889
0.061840
0.385206
0.833855
0.514328
-0.055689
-0.222816
0.507773
0.717277
-0.162795
0.563447
-0.808823
0.872347
-0.408543
-0.727565
-0.839273
-0.985325
0.349113
0.165461
-0.578145
-0.547962
0.962072
0.303090
-0.389678
0.247765
-0.839450
-0.596843
-0.196330
-0.060200
0.602248
0.622840
0.291911
-0.335913
0.008046
0.125766
-0.821585
0.952358
0.902950
0.686188
0.669635
-0.259845
0.249635
0.860812
-0.387498
0.841092
-0.866753
-0.226771
0.855768
0.482360
0.938690
-0.722377
0.934397
0.900762
0.580713
-0.455281
0.148528
0.741263
-0.052124
0.952198
-0.318937
-0.449877
0.575038
0.972974
0.214211
-0.416915
0.098740
0.392626
-0.464558
0.001690
0.078814
-0.794923
0.741846
-0.671550
-0.934111
-0.645652
-0.830458
-0.800864
0.127577
-0.974691
0.681495
0.066268
-0.697068
0.615892
-0.032970
0.883645
-0.839389
-0.884442
0.624908
0.108487
-0.932245
-0.694029
0.658610
0.642793
-0.721056
-0.127179
-0.774122
0.377684
-0.734553
-0.238680
-0.620626
0.344261
-0.033603
-0.878780
0.672710
0.032286
-0.524432
0.842252
0.231422
0.603145
0.867561
-0.087083
-0.330587
-0.829507
-0.471190
0.636442
-0.945862
-0.310579
0.752000
0.679046
0.797907
0.819755
0.985016
0.456517
0.462549
-0.736039
-0.670662
0.688427
0.641645
-0.405216
-0.550253
-0.978981
0.939045
0.416144
-0.857761
0.611756
-0.551570
-0.382193
0.454007
0.679852
-0.779048
0.321568
-0.407230
-0.109635
0.492061
0.121579
-0.473193
0.546199
0.811000
-0.721193
0.225244
0.608907
-0.901438
0.210261
0.065424
0.561111
0.474221
0.394762
0.249538
0.115866
0.989547
0.699284
0.136885
0.928592
0.115428
0.279125
0.540347
0.563858
0.896932
-0.005645
0.243711
-0.882116
-0.684077
0.836480
0.008248
0.807984
-0.041940
0.535055
0.354182
-0.230941
0.813862
-0.420573
-0.622034
0.912425
0.789687
0.443390
0.473536
0.263909
-0.161847
-0.276927
-0.620225
-0.172301
-0.577642
0.516660
-0.243709
0.537786
-0.204215
-0.703362
0.101645
-0.307284
0.290993
-0.654645
-0.189400
0.606916
-0.818164
0.818848
0.414900
0.139895
0.353903
-0.230918
0.908954
0.167765
0.348509
-0.713079
0.080190
0.138196
0.730311
-0.446274
-0.597895
-0.431536
0.276800
-0.218120
0.396163
0.699157
-0.701460
-0.847546
0.236943
0.094324
-0.550908
-0.661412
0.787040
0.740085
-0.316057
-0.402360
0.347001
-0.134221
-0.583512
-0.238099
-0.994326
0.770391
0.530983
0.914629
-0.061843
-0.120508
-0.798451
-0.981653
-0.982312
0.931860
-0.427927
-0.580207
-0.499676
0.848872
0.201673
0.896486
0.548030
0.500212
-0.951060
-0.215027
-0.405463
-0.501967
0.123561
-0.618423
-0.761882
0.807504
-0.020783
0.585119
-0.326717
0.395705
-0.652980
-0.321043
0.166096
0.878003
-0.406414
-0.895748
-0.242505
-0.204865
-0.877401
-0.224817
-0.273005
-0.305328
0.194976
0.227319
-0.456455
-0.603352
0.123805
-0.908425
0.896861
0.172745
-0.123452
-0.508603
0.670778
-0.999891
-0.127026
0.908896
0.807613
0.852191
0.494015
-0.519103
0.247896
0.841036
0.159854
-0.586008
0.719039
0.753440
-0.481756
-0.523466
-0.451425
-0.359156
0.251717
0.275570
0.335516
-0.553307
-0.497111
0.879060
-0.156658
0.626694
0.970635
-0.259798
-0.200561
-0.152817
0.231599
-0.529783
-0.152708
-0.895426
-0.620887
-0.345095
0.956765
0.873129
0.135802
0.204661
0.714164
-0.704344
0.618652
0.433203
-0.950904
-0.863103
0.909737
-0.402328
-0.222259
0.161455
0.873242
-0.886744
0.608148
-0.623869
0.992317
-0.548511
-0.997175
0.962952
0.191691
-0.197736
-0.189865
-0.576709
0.272481
0.657426
-0.472136
0.651595
-0.687668
-0.515371
0.524723
0.448134
0.689290
0.238888
0.743790
0.307942
-0.327909
0.792887
0.444839
-0.418172
-0.609442
-0.777420
0.743283
-0.736200
-0.664164
0.351431
-0.360070
-0.671847
0.802920
-0.357245
-0.708895
-0.005389
0.445019
0.101239
0.417902
-0.282499
-0.241334
0.945766
-0.630905
0.070997
-0.569604
0.893819
-0.480869
-0.880315
0.132706
-0.737079
0.427628
0.804797
-0.944192
-0.127533
-0.613375
-0.553634
0.095046
-0.870092
-0.289834
0.430882
0.481339
0.350096
0.759035
0.284258
0.992851
-0.949860
-0.721130
0.437871
0.151379
0.696771
-0.844629
0.910044
0.642538
-0.475534
-0.018958
-0.927066
-0.581715
0.500173
-0.807381
0.550991
0.763095
0.620246
0.355788
0.818903
-0.507287
0.742413
-0.734731
0.587760
0.872322
-0.024565
0.018642
0.353661
-0.674469
-0.222323
-0.362081
-0.681618
-0.172183
-0.083211
0.756253
0.979195
-0.386440
0.911624
0.889240
-0.743902
-0.563910
-0.129719
-0.670969
-0.145625
-0.629545
-0.478350
-0.594634
-0.866451
-0.858103
0.761154
0.952452
-0.365390
0.503568
-0.782280
-0.777630
0.375889
0.193155
0.241012
-0.270450
0.518686
-0.981311
0.367469
0.837068
-0.153495
-0.715743
0.593321
-0.174300
-0.102183
0.504945
-0.285060
0.153915
0.941035
0.585221
0.482947
-0.204590
0.955676
-0.995403
0.200776
-0.910775
-0.853506
-0.038070
-0.958323
-0.218896
-0.534502
-0.740603
0.003473
0.841387
0.452552
-0.755515
-0.429063
-0.028763
-0.736827
0.938406
-0.191695
0.109679
-0.777337
-0.598374
0.935379
0.120480
0.906570
-0.349681
-0.725604
0.847605
-0.764460
0.757342
-0.356985
-0.808784
0.761939
0.843791
-0.719559
0.908433
-0.194278
-0.677882
-0.310463
0.271220
-0.418485
0.693010
0.112607
-0.965933
0.937495
0.683544
0.005304
-0.799332
0.621949
0.813609
0.310347
0.844612
-0.784765
0.245726
-0.034907
-0.878195
0.896045
0.239488
0.969410
-0.868415
-0.003170
-0.387575
-0.677199
-0.241230
-0.543784
-0.396757
-0.332798
0.261938
-0.074639
0.356739
-0.466842
0.506876
0.049749
0.645764
0.540943
-0.012756
0.329308
-0.453754
0.187913
-0.048743
-0.640145
-0.501740
-0.204130
-0.424910
0.743985
0.760963
-0.303105
0.640030
0.000451
-0.333695
0.771615
0.997281
0.278730
-0.905583
-0.243949
0.734946
-0.302341
0.423253
-0.003116
0.623020
-0.220008
0.530042
0.129896
0.829741
0.175806
-0.329161
-0.183015
-0.494886
0.217085
-0.995102
0.456372
0.576940
-0.496842
-0.747758
-0.847970
-0.752857
-0.986796
-0.151075
0.887173
0.013655
0.515230
0.658788
0.010937
-0.206040
0.753205
0.766988
-0.471094
-0.549136
0.190241
0.525791
-0.926116
0.970233
0.055833
0.203780
0.799975
-0.768361
0.874619
-0.383040
-0.263247
0.091704
-0.378142
-0.806875
-0.331356
0.125016
-0.554633
-0.179326
0.372158
-0.541429
0.669600
0.259331
0.472226
0.184830
-0.081880
-0.516838
0.978790
-0.328676
-0.749850
-0.492304
0.122188
0.440391
-0.966513
0.196073
0.410624
0.089320
-0.600147
0.210599
0.320959
-0.725528
0.827559
-0.942288
0.366175
-0.550583
-0.749163
-0.965181
0.574432
-0.303796
-0.144506
-0.053409
0.154774
-0.474907
-0.794078
-0.373000
0.709923
0.124042
0.110163
0.688712
0.795366
0.360313
-0.803591
-0.082445
-0.199296
-0.770105
-0.886373
-0.788672
0.319215
-0.486520
0.421927
-0.359826
-0.212048
0.249485
-0.302114
-0.845873
0.698902
-0.051277
-0.811054
0.273334
0.644926
0.044440
-0.780075
-0.200300
0.569533
-0.574153
0.426700
0.279456
0.549889
-0.463137
-0.031832
0.345255
0.897176
0.164577
-0.737190
-0.302121
0.394472
-0.623563
-0.090793
-0.286313
-0.110082
-0.668866
0.353861
0.677870
0.580619
-0.948254
0.831997
0.279521
0.000469
-0.979057
-0.447144
-0.354605
0.065383
-0.227219
0.445095
-0.365084
0.198628
-0.128204
0.914372
-0.251483
0.408659
-0.117459
-0.906227
0.305834
-0.952882
-0.643417
-0.996286
0.441590
-0.266980
-0.087079
-0.844722
0.622938
0.244055
0.509138
0.300807
-0.175326
0.560885
0.132804
-0.895805
-0.438646
0.153747
-0.342949
0.206749
-0.780870
0.429831
-0.348156
-0.145953
-0.371541
0.523640
-0.231581
0.376977
-0.067702
0.650960
0.470749
-0.761867
0.698078
0.827332
-0.758153
0.139668
-0.439648
0.154768
0.294946
-0.816711
-0.601177
-0.195916
0.484096
0.223496
-0.635031
-0.383100
0.327692
-0.073677
0.770647
0.984742
-0.866928
0.989778
0.414574
-0.215084
-0.156176
-0.956967
-0.691445
0.612244
0.420010
0.240854
0.263204
-0.109241
0.478987
-0.038718
-0.281910
0.720833
-0.899050
0.278442
-0.124399
0.395896
0.461731
0.274424
-0.800019
-0.054173
-0.502080
-0.435050
0.562728
0.825612
0.491273
0.333375
0.810354
0.624345
0.323153
0.224927
-0.590739
-0.833023
0.267960
-0.282184
0.779221
-0.312030
0.958670
0.042424
0.578729
0.437656
-0.996294
-0.703181
0.158490
-0.895343
0.575261
-0.965909
0.500553
0.036992
0.308515
0.700534
0.982819
0.806435
-0.734516
0.545547
0.632047
0.756756
-0.121078
0.442401
0.381101
-0.797925
-0.332672
0.790362
-0.630948
0.935289
-0.491822
-0.851728
-0.376742
-0.533152
0.190697
-0.798013
0.904504
0.194403
-0.501194
0.062993
0.299060
-0.925933
0.097084
-0.200387
0.111058
-0.594401
-0.499854
0.093878
-0.787966
-0.234370
-0.360575
0.844081
-0.477614
0.518346
0.286481
0.903488
0.720421
0.953809
0.693849
-0.910527
0.889098
-0.797973
-0.762255
-0.487644
-0.331125
0.428442
-0.285657
-0.426621
-0.377155
0.213149
0.636372
0.921905
0.287216
-0.266544
-0.278482
-0.601726
0.139055
0.221664
0.492152
0.351089
0.987294
-0.868423
0.195170
-0.490320
0.649923
-0.518349
-0.586832
0.370344
-0.564539
-0.892983
0.459817
-0.675441
-0.690956
0.697562
-0.163085
-0.022081
0.126004
0.551259
0.551298
0.748849
-0.235592
0.187670
0.670754
-0.948376
0.921127
-0.607729
-0.550102
0.060182
0.613935
0.942051
-0.588729
0.601229
-0.926373
0.606441
-0.889091
0.723550
-0.911908
-0.475923
0.093895
-0.476447
-0.368906
-0.446288
-0.151888
-0.059861
-0.748726
0.685027
0.918058
0.377278
0.236286
0.469356
0.126127
-0.999306
-0.342974
-0.203120
-0.947682
-0.421848
0.189152
-0.497783
0.638334
-0.196913
-0.555733
-0.950395
-0.595684
-0.482105
0.656047
-0.484774
-0.758555
0.744139
0.039303
0.335340
-0.732308
0.670397
0.889051
0.115804
-0.389465
-0.859675
-0.199168
-0.471407
0.517602
-0.962882
0.997949
-0.356271
-0.962188
-0.345025
0.440609
-0.909870
0.233127
-0.370239
-0.407653
-0.128539
0.432849
0.036614
-0.078933
0.837165
0.554509
-0.422887
-0.647609
0.795954
-0.678748
0.391694
0.131293
-0.411055
0.062090
0.020345
0.704749
0.672626
0.160669
-0.494419
-0.798781
-0.321728
-0.457301
-0.800832
0.322001
-0.419489
-0.145857
-0.237390
-0.329359
-0.912730
0.392372
0.262988
-0.041269
-0.174780
-0.700397
0.879797
-0.337614
0.854112
-0.543090
0.014777
0.650066
-0.221837
-0.593530
-0.218641
0.367107
0.468561
0.801704
0.071856
0.141187
-0.037627
0.577437
0.342406
0.640645
-0.879864
0.541574
-0.037354
-0.299353
-0.604283
0.725256
0.371288
-0.517014
0.117627
-0.365723
0.441717
0.942848
-0.066120
0.321514
-0.394766
-0.212008
0.778425
0.620010
-0.561943
-0.443413
-0.973519
0.219416
0.923694
0.495041
0.021120
-0.004450
-0.363772
0.983493
-0.427012
0.978634
0.624138
-0.306876
0.520208
-0.413216
0.393771
0.915924
-0.687961
-0.234941
-0.601090
0.429667
0.399336
0.840627
0.372515
-0.666784
0.162142
0.977748
0.121207
-0.059434
0.597759
0.559265
0.497153
0.624239
-0.221319
0.420848
0.119280
0.799801
-0.583602
0.755508
0.783294
-0.010614
0.734142
0.407432
0.682509
0.254350
0.994216
0.076280
0.170274
-0.693744
0.841339
0.569184
0.735922
0.240674
0.409812
0.108437
0.573890
-0.428047
0.086186
-0.304903
0.512519
-0.316056
-0.745638
0.009673
-0.691817
0.033043
-0.569480
0.427464
-0.167156
-0.153082
0.182972
-0.383862
0.836304
-0.082885
-0.976429
0.518813
-0.828536
-0.982213
-0.404907
0.341739
-0.675958
-0.563569
-0.089077
-0.940035
0.677106
-0.679265
0.168402
0.250995
-0.107312
-0.745412
0.946092
-0.594792
-0.061468
-0.799546
0.414880
0.246716
0.233497
0.845401
-0.325821
-0.933660
-0.307681
0.857152
-0.317521
-0.471377
-0.225734
-0.293951
-0.952564
-0.054269
-0.276164
-0.357471
-0.712531
0.047878
0.078960
0.198392
0.107843
-0.243934
0.519127
-0.723755
-0.992939
-0.588185
-0.469167
0.953153
-0.182978
0.469365
-0.846392
-0.768097
-0.283919
0.387104
-0.922697
0.390260
0.453445
-0.230377
0.247412
-0.864077
0.298246
-0.978322
-0.158028
0.345682
-0.032591
0.565808
0.988211
0.254878
-0.386314
0.067171
-0.546730
0.721529
0.823236
0.972397
0.997774
0.830297
-0.615788
-0.471393
0.783451
0.201234
0.997972
0.937058
0.433137
-0.285947
0.324163
0.510441
-0.895687
-0.222393
-0.719937
0.351724
-0.086470
0.578309
0.373402
0.755503
-0.076009
-0.659189
0.321311
-0.087799
0.595689
0.934997
0.979372
-0.951041
0.656526
0.802609
-0.978644
0.654301
0.632906
-0.594432
-0.817092
0.416357
0.606803
-0.819120
0.353416
0.039940
-0.105068
-0.322422
-0.449619
-0.000755
0.455185
-0.169556
-0.649030
-0.631284
-0.591248
0.724372
-0.875782
0.332743
-0.934817
0.445529
-0.755056
0.660872
0.380526
-0.775684
0.709832
0.037052
-0.973075
0.731188
-0.308647
0.659831
-0.863243
-0.125740
0.076188
0.743560
0.055140
-0.570396
-0.216500
0.950072
0.107182
0.333880
-0.050682
-0.437633
-0.835676
0.300287
-0.068917
-0.426924
0.024659
0.055301
0.905819
0.089842
-0.499170
-0.849236
-0.249285
0.881356
-0.624920
-0.539453
-0.081592
-0.597995
-0.808265
0.609760
-0.938164
-0.671508
-0.515980
0.138024
-0.927948
0.539160
0.567627
-0.144449
0.489233
-0.325191
-0.810568
-0.561450
0.237176
-0.646244
0.738838
-0.831741
-0.073168
-0.236503
0.223560
-0.167349
0.853339
0.724390
-0.016585
-0.395946
0.605746
0.358495
0.064601
-0.475847
0.760500
0.256336
-0.866086
0.822335
0.584827
-0.382066
-0.039641
0.656879
-0.842905
-0.472013
-0.487570
0.646328
0.202796
-0.298138
-0.915122
-0.560028
0.055618
0.823716
-0.391768
0.982450
-0.412788
0.831792
-0.184899
-0.559448
0.556182
0.798516
0.044606
0.161928
0.157011
-0.890794
0.686081
-0.082489
0.365542
0.819995
-0.260154
-0.049630
-0.562071
0.700206
-0.392751
-0.404976
-0.771808
0.119679
-0.758649
0.430988
0.821541
-0.673771
0.870961
-0.122842
-0.850055
-0.520808
-0.140392
-0.262843
-0.689016
0.674709
0.177709
0.867166
0.473226
-0.777686
0.029093
-0.369763
-0.668479
-0.284826
0.547748
0.697063
-0.464831
-0.712406
-0.352568
-0.026902
0.987799
0.254681
0.568121
-0.784008
-0.625640
0.809473
0.646980
-0.804100
-0.864298
0.517941
0.073059
-0.714353
0.997133
0.932667
0.022804
-0.691883
0.607376
-0.799488
-0.824718
0.080602
-0.577173
0.204376
0.710839
-0.245653
0.919550
0.258586
-0.548590
-0.545281
0.546180
0.098842
0.427816
0.533979
-0.646477
-0.004062
0.749971
-0.272117
-0.194590
0.396951
-0.076217
-0.058888
-0.085108
0.996842
0.226759
-0.087975
0.929508
-0.750438
0.220142
0.536885
-0.549925
0.395424
-0.382514
-0.127099
-0.400200
-0.671675
0.627249
-0.480650
0.586911
-0.921341
-0.025932
0.133091
0.177501
-0.598115
-0.332930
0.531024
0.397823
-0.582959
-0.741093
-0.796767
0.813992
0.182689
0.144345
-0.271116
0.179531
-0.628896
0.640909
0.109039
-0.379334
-0.138949
-0.354076
0.070741
-0.743525
0.263410
0.943642
-0.143725
0.591735
0.570891
0.375625
0.178646
0.649550
-0.650307
-0.688263
-0.172949
-0.248422
-0.021194
-0.641925
-0.850600
0.395847
-0.383019
-0.647367
0.209839
0.799671
0.496978
0.938723
-0.020798
0.868082
0.579632
-0.911759
-0.511252
-0.559317
-0.265835
0.559489
-0.302842
0.997575
0.503132
0.553433
0.589310
0.074023
-0.070943
-0.232045
-0.276427
0.278750
0.079692
0.550624
-0.969672
-0.941502
0.908699
-0.820272
0.454346
-0.474320
-0.467639
-0.335815
-0.674649
-0.970661
-0.397091
0.304552
0.897422
-0.817459
0.392793
-0.613830
-0.376776
-0.873042
0.945659
0.320382
-0.875468
0.448791
-0.126185
0.713842
-0.477186
0.802872
-0.518203
0.246387
0.081622
0.561489
-0.202990
0.111950
0.619988
-0.294291
0.291678
0.074333
0.231389
0.824039
0.738519
0.556739
0.853378
-0.658573
-0.138708
0.750800
-0.476032
-0.745915
-0.863030
0.147192
-0.618957
-0.917371
-0.532426
-0.494425
0.531421
0.341388
-0.780583
-0.945765
0.144260
-0.298785
0.300621
-0.774117
-0.737296
-0.902369
0.337832
0.882692
-0.196660
-0.370490
-0.042975
-0.965271
-0.546451
-0.304456
0.591468
-0.693073
0.036971
-0.547240
-0.942273
0.560939
-0.293155
-0.805303
-0.291869
0.087888
-0.722673
0.175705
0.593463
0.808747
-0.482907
0.812881
0.862982
0.661354
-0.485905
0.163603
0.887236
-0.223201
0.261235
0.225069
-0.340509
-0.935425
0.854579
0.616516
-0.900696
-0.691872
-0.687940
0.690772
-0.384945
0.349031
-0.856467
-0.327217
-0.090030
-0.149622
-0.132520
0.618101
0.938266
0.144807
-0.206194
0.531730
-0.046446
0.310899
0.344610
-0.183464
-0.027747
0.858706
0.980140
-0.140511
-0.364495
0.241374
-0.915443
0.294996
0.305949
0.939136
-0.088488
0.405253
-0.752736
0.223572
0.096026
-0.137680
-0.427397
0.239558
0.535102
0.482573
-0.910064
-0.597418
0.100675
-0.971798
0.547389
0.894481
0.559932
-0.499057
0.205380
-0.095458
0.317479
-0.822367
-0.236752
0.297619
0.037122
0.398753
-0.461007
0.121679
-0.306251
0.844943
0.060815
0.605261
0.250196
0.308080
-0.171167
-0.653778
-0.829601
0.401436
0.585780
0.705502
-0.115990
0.675716
-0.891916
0.984685
0.703919
0.655472
0.879165
0.263851
-0.843585
0.084545
-0.831607
0.473894
0.262178
-0.068359
-0.228487
-0.700700
-0.669606
0.310506
0.420979
0.024142
0.155449
-0.518206
-0.370597
-0.594355
0.789874
0.458236
-0.248134
0.960274
-0.140327
-0.662354
0.665775
0.743683
-0.986638
0.773859
0.728367
0.717281
0.429331
0.607533
-0.018868
0.585746
-0.307922
0.149525
0.059641
0.954256
-0.918834
0.831154
-0.746444
-0.588440
0.141660
0.674535
0.435702
-0.702891
-0.843671
-0.934895
-0.297247
0.946203
0.523342
0.454620
0.906477
-0.616985
0.792266
0.572252
-0.873303
0.805628
0.346111
0.855064
0.522909
-0.224559
0.462597
-0.495959
-0.638812
-0.845325
0.653566
0.420828
-0.891069
0.734732
0.251982
-0.637514
-0.853708
-0.606358
-0.962979
0.581994
-0.309250
-0.806650
0.647099
0.393504
-0.860447
0.170441
-0.151877
-0.953970
0.553455
-0.359611
0.618282
0.680152
-0.553983
-0.035607
0.535217
0.968926
0.739834
-0.002187
-0.527033
-0.898978
0.152488
-0.873467
0.521850
0.261419
0.861265
-0.226168
0.623905
-0.992443
0.167474
0.660926
0.589550
0.858224
0.854276
0.236649
0.251728
0.993829
-0.592910
-0.900149
-0.960140
0.960545
-0.259760
0.658142
0.640698
0.186257
-0.377465
0.175914
0.155183
-0.637631
-0.826272
0.628151
-0.536609
0.326216
0.754684
0.985242
-0.412366
0.615949
-0.240926
-0.788461
0.623506
0.926548
0.872465
0.213056
0.784772
0.726740
-0.550294
0.036500
0.720570
-0.143204
0.136351
0.760429
-0.182659
0.876590
0.418571
-0.541961
0.062847
-0.958894
0.633953
-0.781970
-0.596525
0.807680
0.846181
-0.133133
0.133896
0.600865
-0.147892
0.721530
0.216814
0.611182
0.933069
-0.159680
0.537729
0.805534
-0.946623
0.322501
0.532274
-0.496917
-0.640999
0.252844
0.359879
0.495351
0.013273
-0.822780
0.371942
-0.568155
-0.364742
-0.565211
-0.527049
-0.730789
-0.347180
-0.123574
-0.923108
-0.500999
0.743293
0.210788
-0.900134
-0.404599
-0.067682
0.316680
-0.793417
-0.134613
-0.843000
0.744312
-0.329079
-0.789623
0.066813
-0.796805
-0.286541
0.425814
0.456039
-0.926662
-0.078835
-0.530688
-0.749442
-0.706893
-0.098844
-0.114184
-0.272104
0.374107
0.155027
0.380716
-0.749467
0.231919
0.879717
0.993826
-0.557293
0.979582
-0.410773
0.375025
0.296262
-0.204191
-0.759588
0.453262
-0.459879
-0.088667
0.663639
0.606934
0.114528
-0.622902
0.032748
-0.429433
-0.549564
0.953914
0.039879
-0.299006
-0.752979
0.941035
0.586810
-0.025083
0.315142
-0.258163
-0.644367
0.565675
0.973756
-0.764650
0.559501
-0.583537
-0.785068
-0.851272
0.791488
0.511194
-0.055463
-0.968099
-0.035543
0.484658
-0.056766
-0.371905
0.091593
-0.942238
0.005194
-0.875659
-0.371671
0.455630
-0.921746
0.668208
-0.843376
-0.674725
0.609243
0.743433
0.300192
-0.075615
-0.514730
0.655825
-0.509939
-0.540973
0.891175
-0.950438
-0.124510
-0.893892
-0.801710
-0.333022
0.617302
0.142827
-0.301121
-0.418241
-0.372515
0.642113
0.209854
0.719078
0.699875
-0.784952
0.843419
-0.671796
0.670678
0.921673
0.996411
0.827301
-0.753052
0.605654
0.570735
0.547140
-0.469961
-0.943995
0.202966
0.020100
-0.484968
0.094141
0.069662
0.390522
0.200249
0.267952
-0.942500
-0.182449
-0.589221
-0.243620
0.399310
0.038264
-0.601507
-0.390836
-0.242658
-0.901632
-0.175788
-0.399239
-0.573428
-0.505110
-0.477566
-0.577017
-0.677808
-0.230618
-0.971362
0.892926
-0.683477
-0.441323
0.948932
0.519489
0.578777
-0.536036
-0.386370
-0.351561
0.854486
0.813879
0.916391
0.911986
-0.368570
-0.672830
-0.331634
-0.969260
0.365434
0.066858
-0.360095
-0.877223
0.165226
0.464117
-0.276462
0.591798
0.959007
0.245972
-0.985219
-0.718802
-0.984646
-0.956581
-0.825875
-0.668123
-0.397904
-0.876943
0.851366
-0.819127
-0.412980
-0.535004
-0.170687
-0.558494
-0.721125
-0.254296
-0.646508
-0.089695
0.072874
0.021857
-0.058955
-0.561691
-0.911284
0.580950
-0.438915
0.253942
0.045067
0.284623
-0.154260
0.004074
-0.469405
-0.139478
0.285272
-0.454051
-0.096059
0.459397
-0.122174
0.506037
0.582453
-0.270808
0.686910
-0.830526
0.194187
-0.483777
-0.389021
0.473062
0.261926
-0.035529
-0.616633
-0.665200
0.986329
0.324412
-0.226891
-0.924955
-0.094638
0.334194
0.328987
0.950428
-0.381183
-0.825273
-0.045498
0.149412
0.035249
-0.760226
0.695361
0.939189
0.699171
-0.426813
0.445226
0.281624
0.302378
0.132136
0.451098
-0.503435
0.648359
-0.937923
0.969627
-0.089715
0.026548
-0.647006
0.245085
0.012877
0.677406
-0.981806
0.087922
-0.417232
0.352389
-0.583092
-0.466804
0.971206
-0.408365
0.487698
0.120617
0.626884
0.727472
-0.184022
0.566073
0.426643
0.389164
0.011300
-0.291733
-0.308458
-0.856564
-0.840635
0.188108
0.791794
-0.778558
0.157735
-0.297921
0.247991
0.510729
0.947165
-0.739132
0.188135
0.965359
0.348789
0.770903
0.317748
0.765697
-0.695901
0.288953
-0.642667
0.791797
-0.590430
0.984217
0.519269
0.225548
0.550290
-0.054088
-0.385288
-0.438410
0.654179
0.306255
-0.294975
0.813544
-0.505637
-0.503180
-0.965014
0.652098
0.198899
0.282976
0.162827
0.146063
0.543844
-0.649038
0.111423
-0.107367
-0.878135
-0.570830
-0.341670
-0.574036
0.718123
0.015663
-0.782239
-0.872306
-0.000120
0.737030
0.353242
-0.449830
-0.317059
0.967954
0.111760
-0.662880
0.274209
0.816786
-0.849336
0.768572
-0.686395
-0.814351
0.420669
0.512504
0.468626
-0.416504
-0.341432
0.012469
-0.065542
0.769990
0.905102
0.056323
-0.800840
-0.436567
0.482287
0.917284
0.579096
0.700048
-0.955023
-0.421024
0.437078
0.398219
0.129146
-0.879981
0.366174
-0.759093
-0.542861
-0.359617
-0.942308
-0.392197
-0.591046
-0.628702
-0.206548
0.829623
0.883802
-0.737922
-0.586880
-0.457631
0.274547
0.347578
-0.687641
0.179649
-0.596099
-0.488480
0.743082
0.886188
-0.571197
0.322178
0.586236
-0.526219
0.901154
0.023314
0.872000
0.030300
0.143333
0.238174
0.271207
0.600472
0.878556
0.328899
-0.791725
-0.712490
0.700197
0.001727
-0.882866
0.583999
0.263805
-0.469747
-0.873632
-0.461648
0.877831
-0.561272
0.718001
-0.718268
-0.049752
0.461083
-0.832079
0.379051
-0.216739
0.754157
0.852832
-0.315584
-0.222529
0.724832
0.714716
0.920804
-0.036994
-0.014077
0.521276
-0.158438
-0.685178
0.729550
0.129073
-0.984981
-0.268723
0.246206
0.599018
0.995082
0.776460
0.725387
-0.466567
0.654291
-0.835886
-0.748565
0.936023
0.114362
0.712518
-0.896056
-0.506587
-0.504221
0.858101
-0.653755
0.180195
-0.364428
-0.928923
-0.105089
-0.443624
0.034083
0.880834
-0.922349
0.875645
-0.804344
0.807202
0.004718
-0.789324
-0.461521
-0.749076
0.809694
-0.466440
-0.972616
0.535081
0.066994
0.681675
0.699195
0.318428
0.617698
-0.186443
0.030946
0.721642
0.306970
0.526726
0.579744
0.653215
-0.293080
-0.784684
0.724292
0.601831
-0.228309
-0.241625
0.482665
-0.150657
-0.365980
0.678321
-0.343456
0.638738
0.888997
0.195023
0.889662
0.698691
0.728584
0.917047
0.233771
-0.204423
0.598722
-0.067033
-0.885995
0.216420
0.746524
0.144952
-0.061937
0.053494
-0.328323
-0.482194
-0.293292
0.378598
-0.266878
-0.569000
-0.019571
0.504813
0.189375
-0.536906
-0.645844
0.823395
-0.858585
0.010700
0.462132
-0.969588
-0.794277
0.351795
0.729103
0.934306
0.268841
-0.037126
-0.270116
-0.132437
0.895841
-0.156111
-0.916017
0.642364
0.988841
0.022046
-0.304142
-0.339482
0.539852
0.402566
-0.960885
-0.727027
0.833566
0.019544
0.777786
0.022940
0.482638
-0.868058
-0.153665
0.624053
0.142642
-0.691533
0.654465
0.348365
0.660262
0.383567
0.282671
-0.070896
-0.653559
-0.987445
0.796667
-0.757718
-0.143556
0.880650
0.884646
-0.154715
-0.097304
-0.419496
0.505802
-0.557452
0.983069
0.544918
-0.284479
0.816635
-0.435538
-0.506693
-0.160424
-0.952900
-0.374751
0.685911
0.671153
0.767890
0.994378
0.325618
0.116255
0.654640
-0.290815
-0.601074
-0.416256
0.055626
-0.588520
-0.619589
0.297908
0.267924
-0.738939
0.182554
-0.886791
0.163757
0.763058
0.619011
0.606305
0.746127
0.163929
-0.678174
0.562762
0.728391
-0.184867
-0.597662
0.775491
0.440381
-0.911751
0.446644
0.208272
-0.917373
-0.227738
-0.675473
0.737267
0.481447
-0.276548
-0.678989
-0.462926
0.134933
-0.298577
0.834982
-0.597143
-0.037516
0.017536
-0.483934
-0.873759
-0.219407
-0.864923
0.732546
-0.473280
0.299006
-0.945629
-0.910517
0.027397
-0.130496
-0.508179
-0.197111
-0.690115
-0.419931
-0.750467
0.518157
-0.337304
0.021796
0.842684
-0.600037
-0.496757
-0.433864
-0.279025
0.040316
0.701069
0.422397
-0.124702
-0.896074
-0.615119
0.892834
-0.380009
-0.488878
-0.326573
-0.244932
-0.756332
0.200147
-0.945925
-0.701960
0.289630
0.081472
0.167543
0.781451
0.884361
0.477429
-0.638480
-0.866106
-0.004414
0.024216
0.155690
-0.161731
0.424179
0.658933
0.404405
-0.854846
-0.300751
0.105474
0.567551
0.574547
0.209399
0.952432
0.467380
0.829391
-0.536445
-0.859192
-0.415541
-0.292777
0.340955
-0.361466
0.005263
-0.369415
0.720006
-0.827194
-0.587964
0.604367
0.650235
-0.226444
0.738262
-0.354179
0.797772
-0.106048
0.484090
0.221951
-0.447116
-0.111505
0.367105
0.252133
0.993969
-0.065344
-0.173320
0.203369
-0.112912
-0.705939
0.032760
0.350643
-0.565132
0.617219
-0.942134
0.775823
-0.744247
0.063129
-0.593592
0.975759
0.235935
-0.181556
0.580127
-0.113830
0.592000
0.318389
0.531990
0.389772
-0.787660
0.016081
-0.388277
-0.234775
0.904576
0.978828
-0.982642
0.898545
-0.086516
-0.155962
0.101914
0.800572
0.138099
-0.865327
0.151215
0.572967
0.751892
0.209082
0.348790
-0.992355
-0.727789
0.755198
0.983405
0.508146
-0.426358
0.563532
-0.605685
-0.834358
-0.118080
0.926306
0.555414
0.094261
-0.057614
-0.832863
0.859485
-0.153038
-0.854035
0.876843
-0.254493
0.059449
-0.279119
0.847421
-0.139979
0.858980
0.982094
-0.988764
0.431946
0.733986
0.220318
-0.219264
0.741631
0.492528
-0.464066
0.725036
0.000674
0.109576
0.288567
0.394989
0.275218
-0.829513
0.321295
-0.169368
0.264748
-0.736319
-0.002231
0.124233
0.110644
0.143734
0.001076
0.856151
-0.796817
0.721958
0.703571
0.063204
0.580937
0.685665
0.074440
0.012884
0.419651
-0.705243
0.793620
0.161282
0.787285
-0.670446
-0.113682
-0.212041
0.439130
-0.825115
-0.817052
-0.285652
-0.654627
0.504243
0.544980
0.610121
0.767925
-0.457251
-0.265646
-0.121432
0.686484
0.735430
-0.265281
0.889667
0.457388
-0.561710
-0.047130
0.038325
-0.876045
-0.972690
-0.948791
0.543606
-0.677933
0.844828
-0.295111
-0.890647
-0.825618
0.591206
-0.102688
0.613512
0.766092
0.080260
-0.672141
-0.888536
-0.415496
0.872839
0.721585
-0.647572
-0.584411
-0.544062
0.230997
-0.897927
-0.808631
0.965716
0.991739
0.648757
-0.595994
-0.055390
-0.312918
-0.472038
-0.028080
-0.261709
-0.928432
0.293987
-0.416881
-0.223543
0.403340
-0.242499
-0.632337
-0.699348
-0.628987
-0.866245
0.380912
-0.301128
-0.754781
0.965416
-0.428289
0.966804
-0.682156
-0.012700
-0.577258
0.548841
0.089373
-0.385889
0.514557
0.081112
-0.737133
0.918563
-0.974278
-0.050051
-0.553475
-0.002358
0.688239
-0.481907
-0.708371
-0.728642
0.294549
0.694969
0.028859
0.662213
0.995620
0.399872
0.795967
0.376532
-0.901256
-0.958814
0.341948
-0.329545
-0.992010
0.659792
0.657755
-0.569268
0.208633
-0.252872
0.044842
-0.276811
0.828240
0.307710
-0.358248
0.853962
-0.742341
0.088277
-0.148397
0.945898
0.606369
0.143232
-0.782743
-0.099081
-0.161799
0.246116
-0.436869
-0.166179
-0.354012
-0.640902
-0.789647
-0.255268
-0.599715
0.552301
0.415187
-0.591726
0.212093
0.072942
-0.160994
-0.579274
0.820070
0.883848
0.143915
0.648309
0.191558
0.785668
0.502271
0.449216
-0.126056
-0.646126
0.395114
-0.519686
0.497106
0.612371
0.381232
-0.664693
-0.141513
0.944364
0.169128
0.504475
-0.696538
0.379481
-0.750793
-0.296253
-0.068218
0.664393
0.112021
-0.856125
-0.262665
0.951027
-0.435399
-0.442595
0.834875
0.708517
-0.794286
0.026433
0.494184
0.707985
-0.524351
-0.631871
-0.938141
0.870764
-0.151558
0.558965
0.483135
-0.770325
0.894271
-0.658378
-0.825961
0.063399
0.846097
-0.522499
-0.557120
-0.904697
0.181248
0.374663
0.759697
-0.706731
0.518538
-0.502968
-0.755704
-0.916861
0.054437
-0.920829
0.791656
0.260151
0.105604
0.285840
-0.031864
0.581254
0.653969
0.029994
0.452017
-0.497589
-0.411041
-0.064848
-0.267914
-0.516769
0.276774
-0.093876
0.546630
0.122871
0.383625
0.989510
0.218174
-0.435127
0.364173
-0.022129
-0.141859
-0.117289
0.474903
0.102437
-0.034150
-0.470661
0.181608
-0.242494
0.789490
-0.712788
-0.956654
-0.242374
0.868466
0.697315
0.787620
0.320483
-0.800274
-0.623421
-0.744364
-0.068188
-0.140190
0.532410
0.837936
-0.593560
-0.344719
0.221561
-0.604050
0.873455
0.786434
0.760122
-0.148674
-0.355424
-0.357167
-0.673771
0.747013
0.608683
-0.144432
-0.071379
-0.633811
-0.354942
0.215833
-0.590464
0.402684
0.084299
-0.893149
0.190304
-0.595218
-0.693423
0.566883
-0.339582
0.238389
-0.573307
-0.807172
0.076325
-0.166868
-0.151891
-0.702113
0.229082
-0.278436
-0.915679
-0.010796
0.572890
-0.271103
0.632037
0.899119
-0.524091
0.240721
-0.245313
0.404530
0.606910
0.399745
-0.379636
-0.983554
-0.197571
0.704663
-0.876704
0.992732
-0.890555
-0.570127
0.559615
-0.230136
0.668262
0.986308
-0.037308
-0.255412
-0.180560
0.810801
0.042474
-0.951478
-0.467635
0.126795
0.037727
-0.894744
0.855692
-0.330236
-0.995626
-0.668399
0.910485
-0.240939
0.736132
0.517395
-0.841194
-0.643505
0.533840
-0.038765
-0.938842
0.657137
-0.046033
-0.829396
-0.912990
-0.486418
-0.059532
0.755272
-0.500110
0.903160
-0.500140
0.319330
0.713961
0.542334
0.367853
-0.753674
-0.330870
-0.594421
-0.648418
-0.475179
0.075343
-0.644044
-0.143578
-0.014172
0.115017
-0.407446
-0.496778
0.273823
-0.050951
-0.962937
-0.764942
0.010208
0.694199
0.189025
0.180812
0.781209
0.702607
-0.878721
0.536482
-0.797503
-0.975561
-0.963658
0.521827
0.738400
0.578676
-0.110320
0.984726
-0.752194
0.295260
-0.663693
-0.227373
-0.629397
-0.307737
0.629050
0.356431
0.807280
-0.778396
0.859653
0.081103
0.170653
0.896716
0.316161
-0.819139
0.590915
-0.494815
0.361673
0.372124
-0.792208
0.482952
-0.091394
-0.589711
0.507391
-0.055052
0.932116
0.245791
-0.476376
-0.178203
0.230516
-0.228570
-0.882944
0.566823
0.544058
-0.512341
-0.740914
0.173108
0.844090
-0.933634
0.394711
0.703743
0.147469
-0.434635
0.600459
-0.536370
-0.253774
0.191374
-0.031185
-0.892102
-0.436502
0.176607
0.590851
0.472104
0.586896
0.098242
-0.582948
0.519012
-0.655968
-0.059324
-0.659192
0.574548
0.712107
-0.542135
0.141371
0.256165
-0.054476
0.400458
-0.570728
-0.210387
0.466824
0.823984
-0.506644
-0.385707
-0.610652
-0.906185
0.077923
0.135574
0.285188
-0.953263
0.243472
0.848686
0.223344
-0.165677
0.320790
-0.189760
0.932564
0.737842
-0.670749
-0.723404
-0.321481
-0.329940
0.851144
-0.609375
0.127924
-0.007484
0.646790
-0.926552
-0.607027
-0.923938
-0.136939
0.859797
0.900046
0.356417
-0.525910
-0.710606
0.450232
0.552012
0.424967
-0.264579
0.598750
-0.331560
-0.415893
-0.177906
0.502762
0.904897
0.632333
0.435326
0.642740
0.961585
0.711923
-0.678742
-0.368355
0.563067
-0.288116
0.759569
-0.444417
-0.641326
0.833017
-0.051444
-0.565264
-0.303922
-0.191647
-0.665219
-0.947504
0.282443
-0.375825
0.502728
-0.165545
-0.950858
-0.761851
-0.566795
-0.282418
-0.177744
0.255298
-0.779656
-0.272847
-0.112369
0.655670
-0.630107
-0.150784
0.367593
-0.308849
0.480861
-0.069340
0.403034
0.240430
0.486243
0.761708
0.073447
-0.565201
-0.803556
0.769525
0.243152
-0.468775
0.822021
-0.474405
0.155400
0.324749
0.360050
0.204542
0.562897
0.793254
0.922124
-0.614847
0.048553
-0.857532
0.112306
0.936184
0.798138
0.482198
-0.214600
0.165731
-0.826651
-0.733739
-0.903609
0.576384
0.506690
0.582634
0.338092
-0.419863
-0.982567
0.534536
-0.650338
0.260585
-0.934239
-0.828318
0.786180
0.221160
0.496431
0.146229
-0.574297
0.059328
-0.060516
-0.652173
0.444481
0.988036
-0.509705
-0.443213
0.924220
-0.711567
-0.961015
-0.290380
0.454165
-0.787666
-0.024119
0.550556
0.788718
-0.517429
0.133190
0.126810
0.062707
0.150623
-0.338654
0.412369
-0.588791
-0.272894
0.584051
-0.802612
0.948267
0.080482
0.343618
-0.626031
-0.860190
-0.716899
-0.278204
0.584291
-0.728862
0.212090
-0.858922
-0.804642
0.500523
-0.819937
-0.095022
-0.045312
-0.607603
0.880858
-0.494756
-0.818885
-0.636571
0.638434
0.307926
0.426136
-0.210942
0.969271
-0.161494
0.200266
-0.303623
-0.577443
0.397655
-0.355356
0.503039
-0.258728
0.018613
0.642849
0.024374
0.740408
0.227140
0.295511
-0.047501
0.368217
0.490869
-0.546978
0.548280
-0.604153
0.407710
0.940677
-0.723295
0.912954
-0.878207
-0.359866
0.551388
0.429718
-0.933730
-0.659554
0.398989
-0.095224
0.540712
-0.904633
0.327333
-0.061634
-0.259990
-0.169628
0.679639
0.758623
-0.526780
-0.295988
0.499032
0.700360
0.999523
-0.548470
0.068577
0.490392
-0.095448
-0.383143
0.886239
-0.687738
-0.442466
-0.837056
-0.774784
-0.320673
-0.196922
0.776604
-0.890955
-0.130652
-0.882950
0.508034
0.774124
0.657762
0.603400
0.101457
-0.403872
-0.656589
0.931828
-0.724233
-0.897966
-0.594951
-0.020221
0.601066
-0.894591
-0.020698
-0.947404
0.173986
-0.530305
-0.042851
0.790843
-0.644067
0.269411
-0.651623
-0.481123
0.494627
0.027704
0.321954
0.271231
0.136749
-0.808698
0.388281
-0.355217
0.965426
0.046043
-0.751817
0.066883
0.642171
-0.408406
-0.001289
0.917938
-0.306372
0.403760
-0.102283
-0.705306
0.509169
0.877019
-0.652710
-0.316845
-0.653286
0.304438
-0.526002
-0.297353
-0.426151
-0.177625
0.221524
-0.931524
0.850079
-0.456522
0.339707
-0.013172
-0.265219
-0.272012
0.631611
-0.299793
0.774031
0.879794
0.767090
0.416201
-0.528612
-0.234199
0.334139
0.165016
-0.830439
-0.768144
0.459710
0.678730
-0.891125
0.807000
-0.638115
-0.544411
0.111438
-0.164117
0.158236
0.685287
0.658258
-0.620240
0.753764
0.508338
-0.076761
0.093471
-0.504834
0.658019
0.821459
-0.873223
-0.641774
0.595489
-0.993429
-0.874684
0.011691
-0.522041
-0.108883
-0.654170
0.642976
0.060678
-0.422315
0.102685
-0.260591
-0.313440
-0.090315
0.101293
0.142149
-0.978877
0.937176
-0.699614
0.706410
0.595435
-0.319854
0.460174
0.103773
0.603384
-0.446355
0.598939
0.261404
-0.624897
0.725716
0.619630
0.970593
0.732287
0.744946
-0.017717
-0.789754
-0.363937
0.328113
0.853222
0.696741
0.905798
-0.044093
-0.563850
-0.407641
0.865592
0.537443
0.734508
0.886715
0.474620
-0.965106
0.593126
0.070055
-0.284960
0.053300
-0.826173
-0.681576
0.606945
0.772766
0.579828
0.982048
0.498482
0.199457
0.952641
0.230768
-0.055597
-0.065076
0.441015
0.580466
-0.736963
0.294236
0.277208
-0.831165
-0.749856
0.713357
-0.238806
-0.884264
0.250801
-0.504298
-0.997549
-0.274579
-0.469405
0.595577
0.795475
0.245635
-0.351123
0.969303
0.564059
-0.744178
0.742069
0.143887
-0.762130
0.240550
-0.656656
-0.809489
-0.528681
0.287748
0.125435
0.912333
-0.131786
0.388472
0.206570
-0.854579
0.557307
0.456713
0.858779
-0.681500
0.572449
0.109580
-0.185798
0.574900
0.835000
0.344797
0.170478
0.630476
-0.409567
0.819355
0.599778
-0.845508
-0.924824
0.341847
0.298379
-0.686954
-0.417603
0.641723
-0.496443
0.053716
-0.070529
0.628992
-0.033951
0.797685
0.017464
-0.827382
0.943106
-0.425230
0.629332
0.801885
-0.106729
0.201781
-0.088535
0.707473
-0.223319
-0.253535
0.052270
0.947159
-0.623059
0.642703
0.766513
0.976719
0.797194
0.841690
0.318566
0.095573
-0.845264
0.900964
-0.262704
-0.341707
-0.045321
0.666767
-0.712715
0.920728
0.464452
0.304748
-0.906654
0.407558
0.879518
0.722678
0.209442
-0.227211
-0.075541
-0.879093
-0.519738
0.701140
-0.132628
0.532532
0.648299
0.244313
0.175235
0.414812
0.221033
-0.027571
0.256502
-0.460401
-0.931998
0.411238
-0.559437
-0.194701
-0.930470
0.395242
-0.527934
-0.643185
0.315970
0.936517
0.661563
0.409316
0.344075
0.541081
0.131995
-0.446483
-0.686129
-0.943546
-0.325576
-0.205868
0.757594
0.541797
-0.673336
0.405893
-0.213890
0.501899
-0.179295
-0.992857
-0.525672
-0.922793
-0.453258
-0.457669
0.488444
-0.012695
0.347629
0.557975
-0.617453
0.819695
0.914790
0.698517
0.756212
0.576353
0.107833
0.100287
0.117434
-0.760172
0.653804
0.431305
-0.703718
-0.671772
-0.774563
-0.946124
0.870025
-0.447898
0.459768
-0.343865
-0.945999
-0.719527
-0.336722
-0.471671
-0.642320
0.210020
0.070660
0.846125
-0.802675
-0.581711
0.404099
-0.420128
-0.762016
0.318889
-0.721611
0.994196
-0.104758
0.386222
0.094482
-0.987324
0.626051
-0.251714
0.443981
0.922332
0.076514
0.669418
0.976208
-0.053461
-0.778480
0.435976
0.602674
-0.724480
0.716450
-0.734049
-0.196151
-0.925870
0.475971
0.874509
0.920254
0.673296
-0.707202
0.324354
-0.746832
-0.469219
-0.356757
-0.468443
-0.475023
0.538485
0.917780
0.619459
0.551161
0.543830
-0.632255
-0.004858
0.466163
0.444259
-0.335440
0.442371
-0.609202
-0.113921
-0.121653
0.993472
0.161600
-0.405204
-0.740577
0.965449
-0.331074
0.735395
0.839958
-0.410820
0.408691
-0.867244
0.913534
0.661859
-0.336462
-0.443223
-0.806584
0.188515
-0.904739
-0.888804
-0.192026
0.646422
0.655026
0.175719
-0.358436
0.121189
-0.380022
0.306123
-0.436441
0.010777
-0.807797
0.441906
0.004248
0.353803
-0.963297
0.263672
0.319252
-0.294371
-0.000934
0.159210
0.294809
-0.592243
0.291966
0.208343
-0.930383
0.955504
0.765120
-0.736967
0.144019
0.860382
-0.625771
0.951993
0.506804
-0.970745
0.127712
-0.851633
0.150444
0.747690
0.454491
0.714003
-0.241533
0.646693
0.155909
0.762715
0.000496
0.192612
0.026387
-0.680252
0.898241
-0.974547
0.478958
0.193050
-0.566789
-0.229076
-0.598607
-0.497173
-0.273572
-0.833487
-0.234140
0.870447
-0.973105
0.140089
0.822440
0.533699
0.169344
-0.049848
0.682066
-0.680212
-0.302158
0.136557
-0.966208
0.456309
-0.216750
0.189701
0.219024
0.783745
-0.617687
-0.754589
-0.896507
-0.719446
-0.729136
0.582451
0.473603
-0.295925
-0.646625
0.874996
0.206902
0.079803
-0.958490
0.972763
-0.049750
-0.931595
0.112852
-0.227310
0.602103
-0.717804
0.722842
0.284169
-0.398016
-0.579316
-0.579274
-0.364224
0.876993
0.203976
0.825477
0.096017
-0.012279
-0.792210
0.341428
0.091214
-0.511657
0.612292
-0.326335
0.961947
-0.683633
0.027040
0.836943
0.523269
-0.893156
0.878453
0.496032
0.057094
0.946858
-0.391116
0.829784
0.548961
-0.108920
0.552627
-0.166869
0.493064
0.973311
0.253857
-0.871160
0.850304
-0.542167
0.954317
-0.053679
0.445554
-0.837893
-0.712251
-0.463232
-0.349549
0.900041
0.210433
-0.387603
-0.783592
-0.762527
-0.550660
0.739677
-0.655683
-0.672207
0.235709
0.401411
-0.725349
0.844593
0.231196
0.823612
-0.264327
-0.216178
-0.343257
-0.771262
-0.242867
0.910600
-0.642422
-0.392563
-0.631568
-0.688105
0.553758
0.813986
-0.525997
0.841506
-0.649246
0.124453
0.741547
0.561188
0.736851
0.957955
0.798661
-0.813809
0.697633
-0.857022
-0.486015
-0.066658
0.544389
-0.211364
-0.222065
-0.224415
-0.387752
0.513609
0.559407
0.268991
0.742346
-0.683460
0.179591
-0.900076
-0.076024
0.548024
-0.588180
-0.522266
0.362010
-0.114178
-0.680760
0.712765
-0.989724
-0.939212
0.273952
0.747126
-0.981257
0.072613
0.933318
0.716375
0.215591
-0.552698
-0.350283
-0.240020
0.235938
0.427653
0.535565
0.848186
-0.058739
0.094972
0.117178
-0.316392
0.411511
-0.703231
-0.216468
-0.664512
0.844793
0.195351
-0.186778
0.206803
-0.918826
0.132462
-0.080432
-0.908551
0.193249
-0.806480
0.838576
0.211992
0.266133
0.771894
-0.071632
-0.518276
-0.780804
0.578085
0.241705
0.455134
0.005738
-0.222731
0.303320
0.946999
0.872241
-0.579502
-0.369393
0.283752
-0.282732
0.414138
0.619240
-0.437939
-0.390510
-0.567539
0.768864
-0.309337
0.564923
-0.311568
-0.217887
-0.241827
-0.118048
-0.379311
0.970165
-0.851915
-0.607418
-0.101468
-0.370190
-0.388222
-0.523383
0.871514
-0.933088
0.482355
-0.351216
0.370232
0.429354
-0.478976
0.790730
-0.940039
0.804777
-0.492002
0.474099
0.424016
0.070059
-0.916411
0.856478
-0.161077
-0.225748
0.421401
0.527355
0.556365
-0.820427
-0.590693
-0.822946
-0.850262
-0.442608
-0.430364
0.048271
0.187202
0.181414
0.524888
0.058716
0.248326
0.007244
0.707499
-0.381442
-0.563402
-0.771476
-0.590712
-0.503441
-0.966700
-0.082714
0.970658
0.457317
0.987345
-0.945753
0.313794
-0.173733
-0.171500
-0.264805
-0.646378
-0.615135
-0.085232
-0.237071
-0.438081
0.064507
0.320321
0.131555
-0.887222
-0.492478
-0.687032
0.637666
0.566238
0.561294
-0.355090
0.273738
-0.820148
0.081508
0.502261
-0.410860
0.578067
0.535562
0.506426
0.548725
-0.007122
0.493771
0.602973
-0.693327
-0.679962
-0.568527
0.041867
-0.326340
-0.183662
0.956636
0.436589
0.378257
0.021143
-0.243090
-0.490189
0.133920
0.264432
-0.177220
-0.228413
-0.169329
-0.615926
0.416496
-0.895592
-0.436074
-0.501996
0.606670
0.153066
-0.923929
0.142231
-0.340508
0.624797
-0.864890
-0.846737
0.227770
-0.558218
-0.526699
0.659243
0.483650
0.146962
-0.524420
0.440285
-0.416449
0.853837
-0.538572
0.340460
-0.636352
0.595348
-0.395107
0.186428
-0.633065
0.435563
0.570502
0.783431
0.539971
-0.865573
-0.718564
0.146641
0.287493
-0.642493
-0.711128
0.946985
0.982304
-0.576018
-0.899752
0.210074
-0.134236
-0.426451
-0.130684
-0.650586
0.720511
0.344897
0.789699
-0.695938
0.198733
-0.748873
0.644522
0.562382
0.846475
-0.750585
-0.251191
-0.786590
0.684978
-0.680689
0.996841
0.224950
-0.546262
-0.721723
-0.628409
0.741231
-0.364216
-0.339537
0.688216
-0.381912
0.084445
0.788465
0.828162
0.950209
-0.637986
-0.302522
-0.700377
-0.917475
-0.957626
-0.910678
-0.613413
0.241108
-0.659552
-0.968891
-0.196511
-0.813076
-0.719477
0.552299
-0.599666
0.965502
0.871609
-0.602825
0.190451
-0.674653
-0.324548
0.562042
-0.933421
0.311236
-0.777495
0.754795
0.929324
0.306950
0.543260
0.757485
0.257159
0.905274
-0.545037
0.556782
0.987799
-0.502663
0.646103
-0.625615
0.738445
0.986552
-0.594506
-0.458066
-0.826525
-0.313983
-0.905767
-0.426191
-0.348481
0.965842
-0.029016
0.841970
-0.708810
0.646436
0.404012
-0.642232
-0.042328
0.626518
-0.887437
-0.113004
-0.066532
0.655823
-0.355519
-0.809373
0.561096
0.099444
0.747409
0.548895
0.596781
0.393512
0.923280
0.335226
0.380064
-0.671226
0.877161
0.553539
0.014791
0.971394
-0.872652
0.666310
0.937236
0.098332
0.508281
-0.771574
-0.255232
-0.087707
-0.413806
0.702440
-0.461189
-0.301243
-0.410565
0.472278
-0.645421
0.233916
0.662905
0.915676
-0.666640
0.410314
0.464571
0.930141
-0.196174
0.387851
0.265368
-0.816111
0.716625
0.142529
0.737428
-0.268584
0.113922
0.864776
-0.602273
0.051158
-0.036892
0.906007
0.279584
0.707876
-0.181700
0.865778
0.410316
0.357111
-0.435466
0.999751
-0.170610
-0.080886
0.233667
-0.507705
-0.165210
0.567027
0.902609
-0.700640
0.497169
-0.293566
0.687211
-0.237463
-0.109677
0.403836
0.905066
-0.372249
-0.864747
0.018988
-0.507473
-0.467020
-0.929854
0.455635
-0.561013
0.349731
0.163511
0.257287
0.215508
-0.426174
-0.385601
0.780043
-0.426423
0.443788
-0.300843
0.807245
0.936083
0.533946
0.374272
0.838692
0.833307
-0.128559
-0.454874
0.520518
0.633978
0.435449
-0.075646
0.539043
-0.936800
0.059607
-0.441969
-0.444273
0.592587
-0.371822
-0.988638
-0.968426
0.977908
0.174873
0.288861
0.193417
0.748699
0.903260
-0.026541
-0.677723
0.347048
0.672616
-0.870479
0.283131
0.206562
0.503793
0.121823
0.039868
-0.624766
0.666949
-0.439614
-0.990788
0.102398
0.484741
0.548255
0.165598
-0.455652
-0.893713
0.721325
-0.863065
-0.265536
0.732687
-0.831491
-0.287627
-0.092440
0.457370
0.905789
-0.343740
0.360630
-0.120752
-0.021464
-0.292322
-0.448136
0.108058
0.990810
0.758426
-0.388149
0.112633
-0.201706
-0.012914
-0.220419
0.358681
-0.003702
0.881979
-0.156579
-0.455447
0.047577
0.387769
-0.349161
-0.231099
0.524704
0.385304
-0.498412
0.693212
-0.902324
0.409148
0.150582
-0.996535
-0.934592
-0.488788
-0.117287
0.043944
0.218890
0.434577
-0.847998
0.209700
0.193003
-0.236147
-0.677668
0.991298
0.750939
0.101913
0.349978
-0.252763
-0.016108
-0.806601
0.291789
-0.968531
0.581168
0.942629
-0.199630
0.105872
0.327932
0.301959
-0.200916
0.425608
-0.288893
0.949666
0.429074
-0.223485
-0.539122
-0.688213
0.820459
0.679768
0.746365
0.972461
-0.110532
-0.060632
-0.263685
0.211800
-0.069334
-0.512746
-0.686286
-0.719356
0.234490
0.297606
-0.525957
-0.473721
0.329075
-0.944789
-0.531092
-0.870555
0.161083
0.796840
0.431404
0.960167
0.222449
-0.857489
0.909833
-0.348478
-0.080974
-0.629289
-0.036691
-0.260515
-0.949521
-0.290326
-0.288054
-0.060053
0.649042
0.448261
-0.848252
-0.420293
0.935514
-0.534539
-0.139649
0.170005
0.763067
0.334394
0.696284
0.092142
0.389605
-0.834808
0.221588
-0.449312
0.962032
-0.347009
-0.489145
0.184481
-0.204498
-0.579312
0.836003
0.714528
-0.208601
-0.200688
-0.545987
-0.158121
0.508986
0.165959
0.781826
0.158028
-0.385780
0.933574
0.737735
-0.450266
-0.600965
-0.401914
0.719739
-0.837898
0.932480
0.416023
0.254245
0.322085
0.581215
-0.524168
0.872773
0.543247
0.128824
-0.616372
-0.272272
0.924326
-0.195684
-0.436269
0.638854
0.595715
0.363043
-0.907134
-0.562406
-0.127971
0.258825
-0.780580
-0.969944
0.873044
-0.847007
0.767791
-0.577222
-0.447972
-0.634123
-0.857483
-0.285870
-0.701643
0.558540
0.968375
0.620442
0.139754
-0.555793
0.493215
-0.316999
0.573031
0.876843
0.410729
0.497356
-0.318841
0.974460
0.136210
-0.723126
0.337502
0.229076
-0.285533
-0.790469
-0.512099
-0.066113
-0.760412
-0.639054
0.086880
-0.992621
-0.216276
0.638908
-0.626744
-0.073759
-0.646962
-0.328387
-0.515219
-0.678587
-0.707944
0.624535
-0.234380
0.785271
-0.692464
-0.661349
0.662113
0.718265
0.836008
-0.656728
0.692724
-0.027782
-0.379854
0.030227
-0.798706
0.334613
0.239758
-0.310805
-0.731500
0.479346
0.050140
0.355380
0.486725
0.833864
-0.005713
0.859981
-0.239895
0.347326
-0.468406
0.244886
0.668739
-0.176350
-0.130579
-0.565641
-0.391079
0.176956
-0.226989
-0.728966
-0.104779
-0.390982
-0.385694
-0.412055
0.581236
0.234452
0.618172
0.782530
-0.430935
-0.142070
-0.528275
-0.162435
-0.662725
0.521865
-0.807056
0.824000
0.355729
0.187232
0.683981
-0.884165
-0.465442
-0.784425
0.360720
-0.796703
0.039225
-0.769859
-0.362344
0.648146
0.407097
0.410667
0.919180
-0.697682
-0.980315
-0.466514
-0.109736
0.600921
0.767938
-0.491565
0.383451
-0.662996
0.366365
0.855175
0.174568
0.703640
0.377040
0.367513
0.527640
-0.267230
-0.445255
0.211621
-0.151396
0.089302
0.427196
-0.790675
0.292599
-0.533579
-0.560534
0.930255
-0.885433
0.846563
0.340922
-0.966253
-0.851119
0.360606
-0.432767
0.039145
-0.038473
-0.664828
0.547580
-0.655022
-0.327825
-0.086055
-0.799847
0.846744
-0.382415
0.577193
0.214257
-0.854775
-0.690037
0.769001
0.356845
0.158567
-0.141696
-0.215959
0.367892
-0.849097
0.250462
0.807358
-0.918842
0.365029
0.653921
0.422080
0.398777
0.802802
-0.217314
0.966010
-0.158053
0.744213
-0.698818
-0.610472
-0.910809
-0.026643
0.303473
-0.710656
-0.179899
0.921058
0.866538
-0.965643
-0.933718
-0.823499
0.803359
0.423127
0.335068
-0.338337
-0.792831
-0.297039
-0.187434
0.457631
-0.489682
-0.106276
-0.177340
-0.835761
-0.684196
-0.778563
0.967042
0.098490
-0.812553
-0.191011
-0.157297
-0.511372
0.198517
-0.068106
0.461985
-0.498011
0.221239
-0.717914
-0.576953
0.087777
-0.683557
-0.510671
0.264278
-0.880198
0.912456
-0.400654
-0.218535
-0.880375
0.302307
0.594031
0.577256
0.812625
-0.512245
-0.600084
0.976864
-0.196442
-0.378647
0.943906
0.902048
-0.191200
-0.247105
-0.255249
0.297428
0.951412
0.676645
-0.240587
-0.546599
-0.102116
0.041499
-0.123552
0.985661
0.357943
0.365777
0.249938
0.477745
0.278233
0.849285
-0.740790
0.397858
0.151591
0.853240
-0.024886
-0.035784
-0.659005
0.375030
-0.058919
0.144553
0.996383
-0.115013
0.046601
-0.194817
0.637882
0.791351
-0.897389
0.589294
0.467996
-0.137976
-0.957305
-0.634120
0.903524
-0.080858
-0.648459
0.261466
-0.715081
0.601479
-0.260789
0.563152
0.450764
-0.001579
-0.038990
-0.397645
-0.148339
0.936124
0.566571
0.192656
0.311154
-0.492348
-0.662791
0.307537
0.392639
0.383809
-0.887280
0.030521
0.175161
-0.784669
-0.380186
-0.356843
0.077355
-0.337491
0.009037
-0.019121
0.581651
0.360578
-0.757655
0.866570
-0.037943
-0.018444
0.429722
-0.587179
0.979977
-0.609268
0.015176
-0.168362
-0.673145
-0.418253
-0.975706
0.638009
0.089399
-0.638497
-0.054454
-0.517963
0.745312
0.058266
0.512558
-0.079527
0.273597
-0.867628
0.563630
-0.649048
-0.205119
-0.427333
0.331831
-0.623468
0.933245
0.574176
-0.756898
-0.104698
-0.444268
0.672824
0.308122
-0.464291
-0.936445
-0.676702
0.367347
-0.609589
-0.094955
0.391641
-0.971580
0.994444
0.753144
-0.026033
-0.523519
0.498456
-0.967767
0.989039
-0.581071
0.305830
-0.878589
0.982558
0.656782
-0.083707
-0.444775
-0.011387
0.292825
-0.511530
-0.437212
0.535927
0.383772
0.118520
0.208751
-0.308106
0.654229
0.272306
0.015192
0.021576
0.662717
0.920237
-0.586783
0.691137
0.914681
-0.833639
-0.334896
-0.608838
0.664817
-0.302663
-0.619799
-0.916254
-0.996833
-0.498387
-0.933696
0.659949
0.417905
-0.378470
-0.351438
-0.289270
0.110000
0.211350
-0.753343
-0.506228
-0.670130
0.455408
0.185666
0.984100
-0.272286
-0.799141
0.005676
-0.609569
-0.878904
0.418893
-0.918432
-0.964223
0.585255
-0.253328
-0.573061
0.250072
0.444008
-0.192859
0.333818
0.447175
0.308754
0.400122
0.107124
-0.273341
-0.978348
0.755685
0.437389
0.131651
-0.032965
0.684046
0.625423
0.296906
0.139454
-0.188911
0.281006
0.867168
0.011948
-0.713318
-0.742401
0.133044
0.705575
-0.660833
0.168821
0.290830
0.085838
0.595761
-0.459099
-0.470153
-0.597099
0.874719
0.977022
0.711655
0.274841
0.084146
-0.561686
0.296492
-0.160169
0.875703
-0.571856
0.806867
0.559750
-0.946433
0.103773
-0.300796
-0.135344
-0.615222
-0.433628
0.876604
-0.328540
-0.176029
0.009648
-0.622965
0.163138
-0.821531
0.667864
-0.751023
0.774229
-0.791234
-0.221177
-0.822869
-0.916516
-0.244155
0.888786
0.358325
0.839991
-0.672900
-0.345183
-0.320178
-0.797197
0.082961
-0.513311
0.762553
0.136527
0.590462
-0.538243
-0.998817
0.975240
0.028130
0.877787
-0.353300
0.852101
-0.112565
0.023735
0.015239
0.065904
-0.308401
0.264216
-0.159867
-0.099635
-0.956961
0.017264
-0.016151
-0.201116
-0.093950
-0.657826
-0.361124
0.233150
-0.003009
0.318698
0.435953
-0.920049
0.805387
0.198506
0.216478
0.395849
0.660264
0.217662
0.371089
-0.311607
0.095449
-0.982211
-0.459506
0.982883
0.041524
0.555733
0.048787
0.733123
-0.180051
0.888920
-0.366512
-0.137012
-0.093816
0.617336
0.661873
0.812234
0.959510
-0.699252
0.045384
-0.043499
0.619446
-0.518664
0.036452
0.424834
0.679843
-0.747070
-0.179317
0.340106
0.470592
-0.808228
-0.971501
-0.433960
-0.790439
-0.431006
-0.451076
0.251085
-0.875273
0.597711
-0.015792
-0.055324
0.486631
0.617695
0.807664
-0.607185
0.235032
0.469536
-0.794951
0.194542
0.770285
0.250433
-0.848958
0.389731
0.731769
0.187494
-0.185436
0.411612
0.440424
0.635247
-0.248282
-0.088984
0.827019
-0.219782
0.477056
-0.963420
0.349211
-0.974020
0.287665
0.473938
0.623691
-0.728127
-0.581386
0.110323
0.889569
-0.773722
0.503138
0.124600
0.695814
0.708187
-0.680858
0.466099
-0.041380
-0.529815
-0.144170
-0.309611
0.657679
0.670394
-0.897999
0.098103
0.305641
-0.146280
-0.990880
0.132660
0.633937
0.486176
0.169241
-0.016852
0.512156
-0.543094
-0.542914
0.135848
-0.271221
-0.124300
-0.753830
-0.381652
0.101978
0.749308
0.742948
-0.202208
0.457496
-0.937909
-0.736109
-0.583884
-0.467725
0.119721
0.106505
-0.810046
-0.209885
0.208507
0.288058
-0.904244
-0.937774
0.297177
0.228417
0.696163
-0.216647
-0.602342
-0.320688
-0.704491
-0.145436
0.136398
0.431357
0.583343
-0.987902
0.677527
-0.798309
0.114076
0.426835
0.944639
0.911869
-0.115669
-0.993270
-0.824240
0.300447
-0.460995
0.295481
-0.593048
-0.271041
-0.914404
0.615458
-0.982983
-0.818647
0.677685
0.314194
0.409769
0.373848
-0.902453
0.807427
-0.946840
-0.606943
-0.338009
0.189558
0.824414
-0.754667
0.201656
0.501941
-0.552976
-0.684267
-0.071224
-0.608337
-0.772399
0.813107
-0.601607
-0.596639
0.113553
-0.062602
0.698842
0.520505
0.666357
0.784439
0.135964
0.683374
0.965791
-0.186352
-0.002432
0.375561
-0.812504
0.095115
0.182988
-0.759344
0.488171
0.844978
0.430214
0.312585
-0.909688
-0.368130
-0.185475
-0.462664
-0.052397
0.743301
-0.071001
0.175204
0.556408
0.327392
0.578566
-0.330038
-0.735210
0.277408
-0.809533
0.931147
0.061847
0.326431
0.614520
0.027638
-0.859921
-0.387912
-0.596802
-0.672425
0.707202
0.586186
-0.431769
0.195373
0.431164
0.998445
-0.492042
0.521476
-0.369685
0.322484
-0.941188
0.577918
0.065785
-0.012189
-0.246877
-0.377807
-0.684797
-0.668311
0.292155
-0.420007
0.609097
0.482622
-0.488861
-0.329057
-0.190947
-0.874340
0.698581
-0.050868
-0.262253
-0.898220
0.276707
-0.555050
0.687966
0.844938
0.640323
0.119130
0.843383
-0.851719
-0.359395
-0.526302
0.470765
-0.300583
-0.948383
-0.463450
0.687228
-0.195260
0.158743
-0.997569
0.136428
-0.549102
-0.417577
-0.254475
0.933520
0.093562
0.416468
-0.257427
0.219222
0.115049
0.691705
0.956969
0.216829
-0.031589
-0.598081
-0.095205
-0.186651
-0.957758
-0.976076
-0.343268
-0.809476
-0.335470
0.130430
0.661288
0.363946
0.182047
-0.802162
0.051174
0.986787
0.356581
0.053605
0.123215
0.807480
0.636028
0.868739
0.741000
-0.270410
0.285207
-0.516427
0.948812
-0.599743
-0.824722
0.905782
0.617086
0.143689
-0.692299
-0.478120
0.957038
-0.650057
-0.454196
-0.386230
-0.459533
0.210334
0.744201
-0.798244
-0.425720
-0.073753
-0.600406
0.625454
-0.086966
0.756175
-0.320941
-0.963751
0.563655
-0.684913
0.904988
0.304655
0.044677
0.190195
0.788228
-0.006511
0.590452
0.963506
-0.100729
0.207538
0.107196
0.206972
0.729418
0.064234
0.556915
-0.724777
0.678005
-0.902618
0.485556
0.422205
-0.700862
-0.940163
-0.651547
-0.301268
0.685291
0.261487
-0.545093
-0.635650
0.297735
-0.981438
-0.320563
0.202723
0.323216
0.724114
-0.607082
0.111445
-0.282397
0.983371
0.074951
0.616874
0.190908
-0.817853
-0.176154
-0.079674
0.246381
-0.619238
0.195549
-0.075614
-0.521856
-0.318895
-0.653409
-0.222718
-0.259058
-0.304956
0.476014
-0.573766
0.956530
0.930921
-0.209416
0.254266
0.949482
0.470021
-0.543011
0.272699
0.194135
-0.150093
-0.615856
0.911738
-0.166722
0.459095
0.528612
-0.975814
0.641242
-0.647542
-0.055488
-0.112377
-0.266780
-0.859939
0.812009
0.211364
-0.178833
-0.841400
0.988646
0.562109
-0.146356
0.464660
0.988342
-0.189826
0.395581
-0.221074
-0.935560
0.345063
-0.751053
-0.478571
-0.382238
0.443082
0.371336
0.001905
0.354820
-0.795386
-0.539000
-0.116568
-0.771200
-0.897758
0.235890
0.173312
-0.010135
0.969110
0.313374
-0.198126
0.180474
-0.865460
-0.039526
0.169120
0.696649
0.814118
-0.366220
0.684992
-0.375708
-0.970639
-0.536082
-0.311268
0.374424
-0.287135
0.210161
0.992186
-0.844053
-0.418503
-0.005908
0.510767
-0.213890
0.455092
-0.605802
0.014910
0.557334
0.630088
-0.811777
-0.452802
0.599198
0.501596
0.349072
-0.220328
0.636137
-0.690454
0.948793
0.332786
-0.876336
-0.417427
0.017778
-0.252043
-0.388066
0.481696
0.436688
0.986358
-0.805439
-0.353151
0.978544
-0.649492
0.228346
-0.027364
0.861274
-0.985544
-0.572272
-0.744527
0.029366
0.985061
0.885561
0.217589
-0.467740
0.484760
-0.280815
0.881332
-0.735568
-0.644679
-0.809121
-0.786775
0.688107
-0.685457
-0.204202
-0.294115
0.062500
0.407732
-0.812419
-0.500812
0.394090
-0.617859
0.146037
0.372634
-0.267351
-0.625617
-0.654730
-0.406077
-0.611162
-0.227002
-0.150604
0.418204
-0.241941
-0.265043
-0.364207
0.290319
-0.780283
0.354978
0.171651
-0.515851
0.710299
0.362530
-0.302626
0.398406
0.677073
0.493172
-0.895709
-0.260428
-0.099096
-0.708128
0.238760
-0.705007
-0.325987
-0.615203
0.667628
0.406662
-0.240820
-0.987102
-0.999414
0.148019
-0.214104
-0.150018
-0.433777
0.543955
0.584940
0.202016
-0.165727
0.804657
-0.443006
-0.994076
-0.711194
-0.732707
0.368454
-0.013820
0.665699
0.045526
-0.520648
0.769991
0.785099
0.380256
-0.938137
0.023859
0.675249
-0.264124
0.408656
0.342877
-0.857462
-0.832164
0.355775
-0.856876
0.315855
-0.858330
-0.006894
0.882078
0.685625
-0.421954
0.084094
-0.480101
-0.617298
0.641088
-0.474177
-0.328492
0.908381
0.894277
0.657689
0.574080
-0.060197
-0.862959
0.344071
-0.275098
0.517297
0.405933
0.748761
0.192546
-0.858191
0.157417
-0.464577
-0.715653
0.325253
0.891198
-0.572528
-0.358892
-0.967131
0.420578
-0.476814
0.718494
0.998623
0.607280
-0.761608
-0.618675
0.248368
-0.235785
0.052834
0.156749
-0.341508
-0.289478
-0.269171
0.598295
-0.152437
-0.925101
-0.676803
-0.635140
0.480833
-0.928042
0.557406
0.622642
0.229375
-0.907171
0.906990
-0.445372
0.984028
-0.665539
0.195736
-0.983104
0.755039
0.718923
0.735390
0.753662
0.326203
0.973782
-0.865013
-0.425429
-0.262003
0.187821
0.731319
0.396489
0.898343
-0.537852
-0.005216
-0.254093
-0.462953
0.317981
0.110767
-0.982120
0.389938
-0.331827
0.640522
-0.380687
-0.238997
0.547512
0.173941
-0.254970
0.881973
-0.630323
-0.238074
0.637011
-0.911400
-0.502684
0.390673
0.414803
-0.528902
0.525660
0.989374
0.209095
-0.286519
0.720693
-0.394416
-0.388176
-0.817159
0.600368
0.357731
-0.280111
-0.081652
-0.531502
-0.262231
-0.691713
0.136671
-0.621709
-0.072401
0.897673
0.925803
-0.898460
-0.357296
0.807776
-0.528783
0.404630
0.444787
-0.440183
0.901946
-0.164540
0.974620
-0.626956
-0.638880
0.963994
0.582139
0.074601
0.684687
-0.812277
0.686425
0.867529
0.788091
0.044156
-0.412582
-0.293561
0.512654
0.325187
0.014726
-0.350676
0.703478
0.942325
-0.453002
0.629282
-0.956135
0.189702
0.437058
-0.484917
-0.405669
-0.118155
0.074900
-0.503723
0.717305
0.049520
-0.130679
-0.921574
0.013514
-0.548540
0.153027
-0.301798
-0.360817
-0.160548
-0.434269
-0.572726
0.883608
0.153149
0.133713
0.396262
-0.521664
-0.851561
-0.954414
-0.818186
-0.909236
-0.407416
0.811096
-0.865370
0.782286
0.248153
-0.350288
-0.623383
-0.870002
0.724612
-0.127105
0.847303
-0.225868
0.742216
0.925729
0.787647
-0.806324
0.078756
-0.514151
-0.167141
0.918208
0.051579
0.260133
0.801817
-0.795272
-0.606153
0.198079
-0.316936
-0.457714
0.243665
-0.135122
-0.366950
0.836249
-0.324027
-0.232320
0.618535
0.924126
0.417392
0.995153
-0.945875
0.142004
-0.131953
0.901428
0.916136
-0.389737
0.827157
0.703783
-0.196061
-0.094087
-0.810368
0.636798
-0.175878
0.241211
-0.103068
-0.374062
0.445939
0.290779
0.824017
-0.870997
0.833065
0.067682
-0.006119
-0.533885
-0.096068
0.669854
0.233795
-0.477533
0.593981
-0.348813
-0.482380
0.648105
0.793191
0.385667
0.549533
0.709328
0.995930
0.376691
0.413111
-0.200131
-0.717396
0.602743
-0.563332
0.106726
-0.156046
0.333600
0.732664
-0.710107
-0.375622
0.556681
-0.581104
-0.542557
-0.375637
0.412777
-0.076441
0.528295
0.082631
-0.842646
-0.949238
-0.323388
-0.191459
-0.431619
-0.675283
-0.398267
0.954048
0.874250
-0.688940
0.949978
0.250941
0.724171
-0.250152
0.533545
0.326914
0.186515
-0.359729
-0.829132
-0.479885
-0.627065
-0.539239
0.144493
0.929616
-0.120343
0.601936
-0.446021
-0.707566
-0.474505
-0.917726
0.375066
-0.317151
-0.866964
-0.948322
0.491390
-0.298583
-0.623605
-0.906877
-0.344535
-0.749355
-0.595817
-0.394556
0.501586
-0.871646
0.355291
0.035131
0.455268
-0.458193
0.675401
0.626136
0.061921
-0.951664
-0.913103
-0.793586
0.977952
-0.033446
0.808351
-0.468069
0.258989
-0.666154
-0.385796
-0.365946
0.016694
-0.252760
-0.314268
-0.491916
0.448657
0.062127
-0.398793
-0.895877
0.312772
0.005390
-0.290434
-0.185642
0.133744
-0.935142
0.849489
-0.410988
-0.393336
0.524890
-0.784852
0.668586
0.573226
-0.697955
0.875000
0.551178
0.268600
0.683351
-0.916892
-0.472412
-0.982803
-0.302687
0.161643
0.033891
0.444552
0.847375
0.541975
-0.106790
-0.090499
-0.856818
-0.002668
-0.777727
0.148571
0.706898
0.036630
-0.717685
0.771756
-0.113881
-0.128672
-0.621579
-0.588991
0.086476
-0.952993
0.984235
0.388522
0.922007
0.535412
-0.342879
0.605358
0.618521
0.184710
0.622554
-0.684167
-0.653647
-0.343555
0.760386
-0.806273
-0.801580
-0.346405
0.103229
-0.658398
0.650927
0.325502
0.490173
0.357826
-0.637868
0.772488
0.129582
0.248251
-0.356184
0.508003
0.659260
0.730292
0.555009
0.643495
0.118814
0.477016
0.178907
0.775936
0.082374
-0.202572
-0.039354
-0.295072
0.113261
0.306998
0.361373
-0.126353
0.500726
0.559793
0.527242
-0.396045
0.901394
0.178169
0.929456
0.391567
-0.464005
-0.708412
0.164056
0.665577
0.539839
0.807872
0.173580
0.199099
0.538164
-0.271411
-0.157407
-0.343022
-0.794395
-0.978500
-0.567086
0.287979
-0.181072
0.393559
0.992907
0.932189
-0.299442
0.354279
-0.194165
-0.798716
-0.085928
-0.666923
-0.194762
-0.184533
0.511246
-0.265306
-0.792966
-0.952759
0.026283
0.371089
0.712818
-0.433878
0.178961
-0.113603
0.765220
-0.282875
0.614986
-0.392186
0.374104
0.820591
-0.370686
0.807017
0.108569
0.448242
0.200577
0.101476
0.380431
0.901135
-0.544245
-0.813734
-0.897582
0.369828
-0.480657
-0.092343
-0.814706
-0.969411
0.642351
-0.607672
-0.922170
-0.331366
0.763418
0.790648
0.234755
-0.057621
-0.322955
-0.000024
0.659504
-0.707969
0.607789
0.033607
-0.887378
-0.762897
-0.159375
0.221192
0.685345
-0.958798
-0.677332
0.065775
0.942337
-0.221577
0.252041
-0.955245
-0.851749
0.771385
-0.047588
-0.666455
0.801974
-0.405237
-0.274127
0.879804
0.263397
-0.510709
0.670452
-0.501848
0.431670
-0.652503
0.498128
0.091173
-0.360471
0.105917
-0.875219
-0.247849
0.343020
-0.034594
0.973343
0.028365
0.006608
-0.703990
-0.905860
-0.051056
0.074433
0.346182
-0.006301
0.222684
0.117566
0.946111
0.556229
-0.080460
-0.459126
-0.717898
-0.200656
0.804271
-0.228607
-0.530203
-0.697577
-0.796937
-0.182706
0.800551
0.294236
0.456823
-0.093532
0.419017
-0.791026
-0.750512
-0.615577
-0.817684
0.277853
0.391031
-0.521673
0.371993
-0.660025
0.552760
-0.281826
0.333674
-0.224556
0.835741
0.279785
-0.668327
-0.244719
0.820659
-0.386225
0.554625
0.624930
0.385169
-0.975578
0.927354
0.588231
-0.158284
0.727905
-0.117533
-0.701461
-0.365627
-0.698516
-0.492487
-0.116139
-0.314093
-0.310171
-0.838286
-0.923062
0.168156
0.533707
-0.583087
-0.279084
-0.748119
0.750587
0.496360
-0.912378
0.030372
0.828033
-0.157097
-0.148969
-0.558192
-0.602472
-0.524039
0.826977
-0.578050
-0.596685
0.415208
0.263666
-0.868780
-0.702325
0.562205
-0.234407
-0.400840
-0.930282
0.649454
0.285067
-0.240453
0.811168
0.362005
0.927703
0.344875
0.778918
-0.351382
0.596757
0.529504
-0.855022
0.684378
-0.440124
0.973011
-0.472719
0.410907
-0.585181
-0.075190
0.886868
-0.758204
0.346760
-0.709817
0.657004
-0.389574
-0.578597
0.954680
-0.827369
0.186997
-0.446161
-0.757651
-0.163549
0.838906
0.001896
-0.352381
0.200911
-0.070402
0.992495
-0.020171
0.578217
0.589251
-0.490667
0.723195
0.273630
0.069209
0.696206
0.800911
-0.519885
-0.888975
-0.274279
-0.633016
-0.647178
-0.927520
-0.342833
-0.990174
-0.317094
0.078570
0.964505
-0.144463
-0.734433
-0.481655
0.097886
0.102018
-0.642749
-0.900219
0.749637
0.558163
0.029380
0.742132
-0.462009
-0.392404
0.331383
0.047324
-0.669209
-0.394987
-0.883467
-0.973003
-0.594076
-0.403351
-0.861977
0.131645
-0.036368
-0.509156
0.204125
0.620799
-0.499330
0.887031
-0.300631
-0.534825
-0.257432
-0.035065
-0.016480
0.840454
-0.933047
0.340771
0.940235
0.816590
-0.101066
-0.030386
0.558722
0.436925
0.577211
-0.109895
-0.515750
0.908002
0.495118
-0.399217
0.934999
0.901042
0.197431
-0.926978
0.032687
-0.838937
-0.436134
-0.763188
0.781862
0.064535
-0.876157
-0.518769
0.529711
-0.133589
0.446166
-0.486769
-0.293135
0.513120
0.854002
-0.352901
0.329710
-0.247064
0.616714
-0.111568
-0.810139
0.193925
0.778537
-0.325889
0.101926
0.273655
0.274893
0.036926
0.174698
-0.527676
0.109947
-0.792615
-0.366612
0.673813
-0.555803
-0.584750
-0.261652
-0.431960
-0.103519
-0.731941
0.434451
-0.657353
-0.218710
-0.858685
0.855767
-0.364708
-0.211585
0.185476
0.388228
-0.594872
-0.926092
0.578089
0.599053
0.852445
-0.747800
-0.299021
0.126101
0.527093
0.737905
-0.699202
0.999418
-0.152148
-0.491817
-0.367195
-0.478335
-0.047620
0.048055
0.260014
0.520419
0.944536
0.528073
-0.045130
-0.712817
-0.690637
0.096185
-0.857051
-0.055345
0.884600
0.328426
-0.667118
-0.710272
0.402334
0.910972
0.888781
0.254779
-0.836829
-0.410239
-0.619120
0.690265
-0.672334
-0.318322
0.689682
0.175518
0.189861
-0.677512
0.697183
-0.857759
0.370543
-0.042803
0.662661
0.315079
-0.514731
-0.382469
0.602262
-0.205368
0.713716
0.745211
0.739286
0.598316
0.073637
-0.927831
0.888045
-0.524029
0.983140
0.776826
0.730750
-0.853688
-0.633413
-0.888370
0.836576
-0.305747
-0.206692
0.526259
0.869771
0.983170
0.848746
0.566954
-0.874589
0.219289
-0.475849
0.788072
-0.465632
0.009420
-0.594397
-0.863371
0.804052
-0.880681
0.881840
0.543338
0.717635
-0.044523
0.615507
0.605680
0.431448
0.598647
0.382506
0.162198
0.744959
0.749093
0.273828
0.581535
-0.556654
-0.932864
0.107794
-0.686883
-0.949694
-0.043460
0.880071
-0.824283
-0.824171
-0.595779
0.963788
-0.289803
0.413641
-0.630609
-0.153173
0.217693
-0.511290
-0.271333
-0.238969
-0.793655
0.684144
-0.623462
0.812024
0.115592
0.975185
0.194530
-0.722210
0.720145
-0.056377
0.551618
0.301680
0.386969
0.618754
-0.590526
0.700086
0.669060
0.366014
0.580156
0.844776
0.541843
0.984378
0.808565
-0.747960
0.398019
-0.822044
0.098867
-0.384288
-0.333335
0.827534
0.376743
-0.126990
0.511678
0.753282
-0.314966
-0.372729
0.728467
0.879564
-0.094939
0.448612
-0.176813
-0.543321
-0.249709
-0.789843
-0.924567
0.159765
0.910242
0.744493
-0.474221
0.490399
0.589269
-0.932378
0.474776
0.397834
-0.680337
-0.127205
0.575790
0.418530
0.488508
-0.757545
0.246064
-0.134749
0.115465
-0.242258
-0.381467
0.800499
0.385013
-0.653000
0.680063
-0.709926
0.795611
-0.496749
-0.253247
-0.454097
-0.286593
-0.177814
0.705668
-0.376351
-0.433321
-0.768553
-0.885952
-0.844052
-0.700930
0.588824
0.553782
-0.381268
-0.538380
0.129572
-0.962738
0.950127
0.372027
0.283326
-0.184622
-0.512508
-0.958931
0.433911
-0.712009
0.426082
0.780911
0.968054
0.716156
0.576522
-0.528696
-0.537091
-0.877575
0.184711
0.285095
0.828093
0.808361
0.851774
-0.940460
0.922409
-0.992278
-0.641390
0.511233
0.561504
-0.022658
0.972853
-0.308924
0.014605
0.922980
-0.936897
-0.702069
-0.261641
-0.449405
-0.661000
-0.827730
-0.161415
0.765081
0.953181
-0.193361
0.481237
0.529703
0.277943
0.944146
0.652128
-0.537345
0.229241
0.480221
-0.728985
0.081015
0.539762
-0.806576
0.088737
0.898372
0.704657
-0.349759
-0.124286
0.677510
0.341317
0.890319
0.600490
0.404420
-0.811750
-0.661151
0.955015
-0.472751
-0.488881
-0.206400
-0.707669
-0.535700
0.600239
0.773568
0.994003
-0.121817
0.717714
0.646131
0.340837
-0.053045
0.126352
0.611853
-0.972030
-0.333886
0.805277
0.116707
-0.435515
0.509934
0.766948
0.440199
0.187444
0.108265
0.330518
-0.212065
-0.487315
0.518768
0.126784
-0.532300
-0.953983
0.637903
0.261301
-0.661653
-0.897798
-0.138460
-0.888085
-0.903795
0.739723
0.829629
0.742336
0.080560
-0.223415
-0.131312
-0.307587
-0.195445
0.534802
-0.502310
0.921262
-0.900713
-0.992376
0.688210
0.539486
0.195069
-0.203525
-0.129996
0.983003
0.309160
-0.611228
0.109787
0.776860
-0.565211
-0.252310
0.038161
-0.226864
-0.150108
0.899701
-0.114949
-0.053903
0.639423
-0.285319
-0.311568
-0.280016
0.491265
0.557120
0.412397
-0.704180
0.091922
0.910087
-0.782918
0.191209
0.917711
0.905292
-0.269305
0.112780
-0.298233
0.600700
0.095784
-0.989073
0.989472
-0.794429
0.787787
-0.575739
-0.046740
-0.174052
0.197397
0.803152
-0.274352
-0.917552
-0.250751
-0.634928
-0.202871
0.437681
0.085055
-0.711606
-0.005198
-0.502548
-0.415785
-0.913277
-0.592461
-0.198703
0.277932
-0.674750
-0.293412
-0.991372
0.438030
0.408355
0.609327
-0.466186
0.419282
0.598799
-0.260615
0.207069
-0.976940
0.692645
-0.966984
0.220456
0.495797
-0.241335
0.302905
-0.754954
0.123737
-0.899967
0.682728
-0.791208
-0.611572
-0.322471
-0.293756
-0.027358
-0.235747
0.113783
0.773939
-0.957815
0.439034
-0.519473
-0.949187
-0.122936
0.888882
0.660140
0.410878
0.308164
0.258940
-0.849737
-0.484767
0.281999
0.842908
-0.451751
-0.497544
0.338705
0.306914
0.805360
0.583751
-0.569349
0.905394
0.266479
-0.360556
-0.706179
0.944008
0.345688
0.266463
-0.291739
-0.540529
0.040402
-0.249553
0.898505
0.520929
-0.198741
-0.224431
0.409812
-0.538600
-0.813553
-0.282024
0.720339
-0.663291
0.233209
0.002339
-0.820383
0.781458
0.504794
0.518322
0.088373
0.310155
0.102073
0.519024
0.215548
-0.631448
-0.841533
0.509369
-0.687440
0.504155
-0.224167
0.020822
0.963627
0.816235
0.771268
0.862131
0.337164
-0.427472
-0.362300
-0.253025
0.033927
-0.175853
0.464951
-0.245733
0.160856
-0.301840
0.756605
0.340473
-0.520382
0.261400
-0.141205
0.567991
-0.428446
0.960868
0.087015
0.787102
-0.670580
0.245482
0.296472
-0.358020
-0.250363
-0.927696
0.662802
-0.286736
0.888539
0.434070
-0.424605
0.225703
-0.993403
0.213095
0.972678
0.040525
-0.962758
0.437630
0.794791
0.198098
-0.864211
0.551397
-0.461429
-0.384592
-0.187204
0.397366
-0.816602
0.384351
0.358234
0.270413
0.171453
0.687654
-0.484105
-0.532075
-0.670366
0.265532
-0.459771
0.992435
0.978796
-0.571232
0.426505
-0.445809
0.654471
0.433102
0.767286
0.627150
-0.526373
0.804528
0.064780
-0.731582
0.002627
0.200569
0.819815
0.541198
0.815977
-0.367389
-0.061436
0.999375
-0.983038
-0.703202
0.269787
0.188415
0.984452
0.785682
0.656340
-0.685914
0.051214
-0.803431
-0.693479
0.030009
-0.374663
0.733026
0.584200
-0.720191
0.166128
0.351486
0.906959
0.639755
0.156015
-0.028262
0.908173
-0.841359
-0.827693
0.727988
0.699840
0.988284
-0.639401
-0.361596
0.987659
-0.622439
-0.064798
0.257446
0.565976
-0.080346
0.043128
0.222315
0.233740
-0.905658
0.418884
0.540261
0.124352
-0.955778
0.273287
-0.291448
-0.675970
-0.560585
-0.939962
-0.769011
-0.920830
0.216053
0.202727
0.987344
0.374694
0.375035
0.715332
0.074534
0.363319
-0.924069
0.712938
0.350978
-0.546509
-0.351860
-0.391576
-0.980533
0.567794
0.651552
0.241782
-0.198466
0.745894
-0.339334
-0.658204
-0.129754
-0.295112
0.615083
0.578798
0.028918
-0.945502
0.638836
0.259907
-0.866331
-0.145111
-0.537365
-0.878988
-0.770417
0.837670
0.836344
0.304117
0.200989
0.912274
0.017055
-0.448034
-0.634234
0.665195
0.160390
-0.614767
0.232989
-0.188058
0.627015
-0.965476
-0.442164
-0.712319
-0.623681
0.428082
-0.007431
0.991402
0.006880
-0.978512
-0.954100
-0.354284
0.281395
-0.820431
0.500604
0.744030
-0.699419
0.730188
0.581700
-0.863076
0.034305
-0.217312
-0.950801
-0.948640
0.334655
-0.585036
0.716555
-0.504955
-0.199803
-0.050456
0.306987
-0.572788
-0.015932
0.864823
-0.285107
0.360387
0.292905
0.707463
0.351789
-0.700215
0.728951
0.397690
-0.054499
0.010346
0.577258
-0.553895
-0.245624
0.877839
-0.823707
-0.663924
-0.985237
0.210597
0.118764
-0.936038
0.261957
-0.546581
-0.521074
-0.021489
-0.051536
0.279123
0.928055
-0.744550
0.706335
-0.087877
-0.879726
-0.578772
-0.727489
0.413179
-0.871309
0.624300
0.712964
0.857642
0.021990
-0.341535
-0.132013
-0.400752
0.104570
0.622363
-0.522913
0.280862
0.958439
-0.508150
-0.508540
0.077203
-0.444188
0.753416
0.530621
0.034739
-0.268073
-0.520915
-0.686138
-0.340017
-0.265465
-0.979803
0.572106
-0.145191
-0.558575
0.844617
-0.732012
-0.429884
0.468917
0.980952
-0.572242
-0.509093
-0.360583
0.295745
0.090155
0.743987
-0.081892
0.567242
0.024849
-0.123453
-0.940908
0.516309
0.953749
-0.385095
0.269725
0.484370
0.649644
-0.998347
0.963455
0.963505
-0.338365
-0.302010
0.983702
-0.766258
0.552799
-0.574873
-0.921641
0.820787
-0.004756
0.547276
0.801740
0.423001
-0.961817
-0.558843
-0.281253
0.128338
-0.814856
0.636855
-0.304420
0.209993
-0.486599
-0.245328
-0.273698
-0.532849
0.369577
0.996027
0.951521
0.019221
0.997680
0.914976
-0.017274
-0.340685
-0.387033
-0.033572
-0.106943
-0.834234
0.391556
-0.028585
0.986554
-0.613201
-0.481309
0.788293
0.809801
-0.443126
-0.770550
-0.471452
0.685212
-0.585406
-0.834598
-0.619209
0.624587
-0.321196
0.135464
-0.649111
0.145954
-0.494959
-0.653084
0.097475
0.524262
-0.655404
0.012452
-0.493012
0.003911
0.625418
0.473417
0.896968
0.791185
-0.135028
-0.131617
0.777738
0.251772
0.387074
0.566031
0.061573
0.943948
0.795481
0.590120
0.629159
-0.789925
0.755522
-0.990049
0.834662
-0.565674
0.145415
-0.814449
0.580281
0.650456
-0.467533
-0.322244
0.174718
-0.122937
0.690208
0.681706
0.880974
0.315626
0.155123
0.777942
0.106811
-0.979905
-0.353675
-0.115451
0.271867
-0.966601
-0.549420
-0.666560
0.977347
-0.753939
0.923560
0.606506
-0.543864
0.679082
0.616457
-0.709202
-0.886592
-0.238129
-0.523650
0.693689
-0.587673
0.008817
-0.628555
0.587045
0.885880
-0.938347
0.268751
0.766854
0.377279
-0.576127
0.544796
-0.515911
-0.556032
-0.808879
0.368638
0.715835
-0.775480
0.819218
-0.950726
-0.798133
-0.934721
0.972834
0.808373
-0.478584
0.651916
0.424829
-0.187786
0.765325
-0.813300
0.288564
0.459014
-0.400973
-0.702619
0.830459
-0.813928
-0.816739
0.892111
0.454822
0.950115
0.269390
0.878695
0.494911
0.753479
-0.677336
0.686032
0.122117
-0.961502
0.910552
-0.058665
-0.912227
-0.887581
0.006615
-0.939393
0.920791
0.528031
0.712524
0.345620
-0.659755
0.477848
0.532321
0.628809
-0.063138
-0.868652
0.926190
-0.232679
-0.682581
-0.890550
-0.340568
0.772241
-0.940435
0.928822
0.650937
0.554476
0.682301
0.973600
0.240508
-0.195582
-0.987901
0.151061
0.745754
-0.900128
0.263480
-0.247632
-0.839521
0.184271
-0.719601
0.873003
-0.470109
-0.379356
0.350851
-0.937788
-0.750547
-0.712287
-0.806440
-0.824357
0.055034
-0.489021
-0.714906
0.714466
-0.716780
-0.655341
0.643288
0.934157
0.899135
0.325589
0.907758
0.139643
-0.869993
0.919857
-0.709296
0.875761
-0.980272
0.554183
-0.371870
-0.819793
-0.261546
-0.091471
-0.946790
0.268346
0.529173
0.404061
0.330558
0.778626
0.691774
0.524118
0.954270
-0.253192
-0.964903
-0.760637
-0.538726
-0.681683
-0.415978
-0.895437
-0.747526
-0.516843
0.430152
-0.839768
0.622800
0.560159
-0.919911
0.913503
0.435920
-0.900183
0.467687
-0.935950
-0.719976
-0.793859
-0.027421
-0.666766
0.474487
-0.498248
0.737295
-0.194955
-0.719622
0.429069
-0.670838
-0.765352
-0.824123
-0.635741
-0.525989
-0.362848
-0.317424
0.058033
-0.258286
-0.064950
0.541189
-0.828134
0.095282
0.163989
0.732025
0.175371
0.077492
0.167945
0.275187
-0.454821
0.231995
0.555212
-0.248680
-0.795426
0.888446
-0.774193
-0.293674
0.625741
0.030851
-0.013296
0.054810
0.360013
0.221351
0.230687
0.724272
0.695362
0.867839
-0.593152
-0.246605
-0.390447
0.341898
-0.705416
-0.218581
-0.562820
0.458573
-0.486556
0.612550
-0.463935
0.681389
-0.112262
0.081244
-0.086616
-0.557051
0.832564
0.117958
-0.668605
-0.941629
0.824284
0.957136
0.089222
-0.189012
0.011945
-0.550764
-0.967661
-0.757368
-0.826492
0.727701
-0.889529
-0.419644
-0.518904
-0.279976
0.922253
-0.224320
0.501442
-0.640567
-0.765747
-0.985114
0.971983
-0.229682
0.696275
-0.140279
0.851562
-0.390340
0.302670
0.684127
0.727618
0.634065
0.742498
0.551902
0.591201
-0.168280
-0.637111
-0.396854
0.280956
-0.604772
-0.154221
0.454464
-0.877071
-0.043750
-0.965181
-0.395975
0.676273
0.957072
0.379705
0.177715
-0.683495
0.613958
0.192601
-0.711512
-0.615724
-0.111124
0.148209
-0.764161
0.498536
-0.549121
0.919965
0.226154
-0.915056
0.662463
-0.221945
0.676145
-0.505817
0.140945
-0.720708
0.775139
0.536173
0.125071
0.229602
0.659102
-0.918680
0.264422
-0.736873
0.757593
0.221494
0.642833
-0.064691
0.537999
0.256791
-0.872090
0.826488
0.641067
0.016786
-0.025303
0.876906
-0.484678
0.425576
0.796871
0.741476
0.510520
0.459334
-0.480469
0.186666
0.953517
0.660476
0.465958
0.728656
0.196649
-0.408972
-0.041742
-0.144249
-0.327651
-0.777320
0.118878
-0.570058
0.444174
-0.238289
0.365251
-0.017827
-0.981498
0.493161
-0.191340
0.659569
-0.490053
0.783357
0.536475
0.025269
0.208933
0.333346
-0.233255
-0.280547
-0.207320
0.286277
0.906119
-0.253803
-0.053247
