1.372076
0.474852
0.143401
1.963104
1.433111
0.999152
0.635453
1.655791
0.118030
1.065395
1.099964
0.879741
0.430646
0.082137
0.898243
1.923807
0.890797
0.557812
0.433754
0.674154
0.094286
1.459023
1.883087
1.427632
0.225769
0.602540
0.220311
1.512046
0.508658
0.966508
0.458798
1.880735
1.441360
0.602199
1.843839
0.874471
1.601351
0.479292
0.530262
1.719381
1.544687
1.630226
0.599122
1.975333
1.712363
1.497365
1.899140
0.603160
0.055177
0.332894
1.277315
0.149463
1.791917
1.160402
1.577095
0.017686
1.762942
1.797406
1.529731
0.271600
0.763914
1.988529
0.152335
0.205275
0.590729
1.996174
1.079746
0.192080
0.475466
1.610008
1.911461
0.020153
1.240233
0.510584
1.995487
0.952596
0.007949
1.894626
1.555757
0.063125
0.227520
0.833071
0.212588
0.019437
1.993473
1.789683
0.037123
1.756415
1.587089
1.566854
0.028015
0.351003
1.555383
0.180350
0.556278
0.146112
0.176524
1.636024
0.338192
0.651990
1.246031
0.249654
0.672143
0.486265
0.760237
0.667630
1.438861
0.768186
0.562256
0.994618
0.831312
0.789776
1.827689
1.043900
0.809213
1.821163
0.833583
0.846335
1.577577
0.420672
0.413189
1.605593
0.771675
1.968572
1.785942
1.327953
0.114684
1.962466
0.963977
0.452877
0.614456
0.210008
0.702530
1.286600
0.696272
1.462768
1.954229
0.135133
0.230954
0.516486
1.129751
1.062265
1.306262
0.957441
0.106165
0.115474
0.778603
0.939748
0.961810
0.356180
1.360420
1.374999
1.961773
0.132095
1.343571
1.747715
1.460048
1.458256
1.710182
0.424024
1.911132
0.324638
0.634032
0.613663
1.611237
1.330304
0.076430
1.565467
1.465438
0.307384
0.081952
0.595189
1.369649
1.388214
1.552630
1.475814
1.503688
0.331233
0.415562
0.465498
0.687413
1.775981
1.840497
0.649186
1.908076
1.184068
0.396902
1.368124
0.642324
0.107083
1.792148
0.553457
0.431721
0.426180
1.167119
0.042959
1.756485
1.243549
1.608426
1.221922
1.550933
1.690378
1.817112
0.920582
1.078592
1.369741
0.396396
0.582281
1.700974
0.811958
1.047779
0.388387
0.587939
0.888276
1.037574
0.496015
0.072344
1.434475
1.864139
0.714669
1.541559
1.656287
1.268125
1.973280
0.082467
0.435245
0.016238
1.838951
1.678794
1.624664
1.060874
1.229727
1.315042
0.877985
0.150309
0.393634
0.247727
0.546705
0.975915
1.948701
1.358663
0.023694
0.337088
1.946601
0.911970
1.374662
0.442616
0.984314
0.809137
0.306755
1.698983
0.350696
1.963042
0.967108
0.323975
0.045508
1.402353
0.340214
1.884460
1.081147
1.964878
0.945334
0.310874
1.279920
1.823319
0.461183
1.673554
0.071046
1.007888
0.649469
0.019747
0.366551
0.673163
0.356835
0.313152
1.585132
1.731497
0.755769
0.569447
0.540634
1.062523
0.268430
0.891329
1.025565
1.235538
1.215305
1.071073
0.637891
1.555518
0.955533
1.719038
1.520396
1.900867
0.029912
0.800316
1.724186
0.491095
0.473871
1.795232
1.498983
1.123340
1.814979
1.865534
1.796502
0.171814
0.178687
1.381635
1.903310
0.934455
1.951082
0.443944
1.996978
0.219511
1.335273
1.022543
1.455049
0.550578
0.093617
0.092940
0.106096
1.049150
1.811977
1.626493
0.950017
1.841889
0.426809
0.674203
0.332984
0.900679
0.469435
1.831968
0.024019
0.284413
1.697502
1.820522
0.456227
1.876188
1.202156
0.359537
0.810644
1.153238
0.803482
0.807622
1.372749
0.138755
1.830165
0.827798
0.689333
1.923782
0.920738
0.795430
0.972932
0.732715
0.421922
1.922949
0.574604
0.848731
0.597151
0.907588
1.749411
1.066586
0.739556
1.773430
1.350999
0.437058
1.593952
1.807226
0.313246
0.796108
0.166764
1.123889
1.949346
0.970245
1.931511
1.322095
1.109000
1.761677
0.149893
1.798334
1.685459
1.070631
0.593763
0.658391
1.803346
1.015686
0.581339
0.377950
1.864417
1.178490
1.285538
1.613828
0.245076
0.025093
1.387258
1.596075
0.462151
0.981210
1.403301
0.775397
1.777318
1.570065
1.899286
1.726664
0.540310
1.830798
1.048759
1.649310
1.592475
1.198652
1.447644
1.277933
0.269282
0.041407
1.936324
0.072628
1.057093
0.517663
0.450578
0.921510
1.696154
1.736115
0.535338
1.941230
1.761209
1.922597
1.537305
0.223360
0.903806
0.940606
0.998757
0.681124
0.510671
0.898043
0.407787
1.050981
0.728841
1.456546
0.700291
0.321316
0.655198
0.147935
1.599249
0.924480
0.189342
1.535573
0.997108
1.246436
0.053236
1.447686
0.167946
1.749390
1.183801
0.703284
1.690619
0.945010
0.625881
1.227924
1.168370
1.529687
0.168530
0.167127
0.210811
0.679201
1.065170
0.618598
1.730182
1.794011
0.075144
0.430473
0.115327
0.730342
0.578408
1.714576
1.654822
0.767750
1.250149
0.651931
0.014186
1.303385
0.099617
0.182132
1.052774
1.283418
0.885416
0.743393
0.228428
1.511297
1.971317
1.396798
1.040984
0.139848
1.563925
1.251795
0.819048
0.629095
1.870393
0.549230
0.423107
1.945537
0.979703
0.538433
0.675879
1.558111
0.253009
0.330702
0.325861
1.503157
0.982632
0.340047
0.806542
1.082249
0.522179
1.859316
0.365667
1.407595
0.602710
0.594095
0.918892
0.574027
1.990893
1.959876
0.713875
1.554819
1.211671
1.532923
0.183914
1.082064
0.082153
0.607021
1.027601
1.061856
1.145454
1.703481
0.619967
1.398463
0.034182
0.945828
0.901621
1.016814
1.285875
1.708163
0.099063
1.808054
1.567479
0.464730
1.215649
0.170188
1.058825
0.134541
0.744215
1.049718
0.094417
1.458090
0.604537
1.306089
0.991013
0.788451
0.388153
1.073166
1.395472
1.415754
0.135022
0.540926
1.119235
0.754989
1.939389
1.153417
1.700817
0.841010
0.170231
0.986692
0.549173
0.269294
0.794746
0.116652
0.734024
0.010395
0.286840
1.792849
0.144936
1.031056
0.842567
0.239353
0.489146
1.447104
1.545442
1.480158
0.235556
1.933595
0.553325
1.631028
1.349349
0.688347
0.171954
0.468584
1.443336
0.111344
1.622001
1.144153
0.952354
1.792232
0.130845
1.501527
0.061526
0.925592
1.618178
0.795550
0.935986
1.905018
0.588399
1.080922
0.936074
1.430966
1.320276
1.425220
0.878071
0.865718
0.905378
1.113626
0.799313
1.458703
0.744654
0.148662
0.147049
0.916609
0.617246
1.590385
1.027952
0.239246
0.734538
1.980306
0.031478
0.865384
1.481833
0.093004
1.790975
1.100011
0.888554
0.726962
1.005030
1.476953
1.807884
1.941104
0.907919
1.128160
1.366323
1.785989
1.993877
0.271701
0.899616
0.793190
1.730404
1.644270
0.941852
1.877453
0.560879
1.559097
1.467838
1.588831
1.798344
0.202376
1.569137
1.829822
1.067760
1.050970
1.922826
0.858736
0.150981
0.811380
1.585697
1.156011
0.288333
1.393581
1.097115
1.196251
0.521741
0.463438
0.982241
0.515619
0.735139
1.881857
1.308809
0.465542
1.526127
0.250660
0.342995
0.087006
1.809758
1.810833
1.675837
1.608102
0.013210
1.244974
1.437924
1.080970
0.295944
1.360750
1.939706
0.446925
0.172129
1.525403
1.602936
0.460462
0.918984
0.700051
1.656713
1.440725
1.163489
0.638954
1.956344
1.898627
0.520811
1.265153
0.364170
0.046937
1.515813
0.707165
0.133943
1.325571
0.517999
1.809780
0.933673
0.531208
1.054754
0.371596
1.612179
1.350698
1.732346
1.551884
1.797623
1.904475
1.077287
1.400560
0.364937
1.996271
0.100610
0.021650
1.436997
1.264099
0.660605
1.393341
1.162726
1.181415
0.658494
1.526896
1.228353
0.174307
0.234061
1.362296
1.499878
0.752060
1.172075
0.433551
1.283268
0.226829
0.805147
0.895447
1.577527
0.537493
0.447331
1.375150
0.441968
1.524618
0.775710
0.806905
1.520889
0.876320
0.828556
0.957886
0.140419
1.489160
0.351227
1.303145
0.670576
1.009721
0.830041
1.898928
1.184028
1.064103
1.261224
0.683906
1.816162
0.433300
1.117457
1.099430
0.660129
1.922604
1.994877
0.237655
0.460097
0.442207
1.612806
0.902065
1.966825
0.388515
1.708970
1.487715
1.264835
0.537526
0.445601
1.405254
0.026687
0.796829
0.708400
0.697262
1.806550
1.538441
0.596191
0.990578
0.602544
1.857415
1.674484
0.418706
0.290714
0.791941
1.518136
0.950843
0.714545
1.513013
1.188498
1.174642
1.955220
0.801304
0.076707
1.922046
1.189819
1.785677
1.409760
0.454654
0.323204
1.855362
1.859909
0.349890
0.652190
0.568308
1.047152
0.458740
0.106749
1.643343
1.449318
0.709293
1.500758
1.123802
1.127999
1.791472
1.915744
0.646135
0.742315
0.630289
0.159147
1.930813
1.804931
0.114367
0.732117
1.881638
0.036413
1.921936
1.667315
1.446173
0.376590
1.990518
1.301535
0.236499
0.340408
1.953725
0.804807
1.387561
0.412465
0.911556
1.030904
1.861783
1.620849
0.531662
0.985585
0.748848
0.323134
0.901329
1.394982
1.065449
1.531618
1.554130
0.996262
1.336548
1.668497
1.728379
1.218186
1.704910
1.650315
0.885501
1.151083
0.026906
0.876019
0.452618
0.263404
1.216427
0.406342
1.068211
0.603988
0.818807
1.979768
1.634892
0.680590
1.600617
0.166554
1.666176
0.349465
0.489688
0.567505
1.744447
1.555137
0.099122
1.298577
0.551400
1.435670
0.967074
0.279779
0.653856
0.671983
1.930094
1.539357
1.823066
1.957000
0.415376
0.275684
0.220404
1.631803
0.682026
1.288615
0.235792
1.500833
1.268383
1.870684
0.181424
0.869000
0.037238
1.847599
1.218464
0.526927
0.415104
0.962912
0.082064
0.514226
0.261488
0.633464
1.949897
1.228562
0.913243
0.603753
1.900545
0.843337
0.143110
1.723611
0.800337
0.558486
1.999295
1.020741
0.190289
0.681321
0.309356
0.426081
0.182155
1.577739
0.296765
0.363578
0.446739
0.334003
0.211178
1.665204
0.860930
0.626282
0.628115
0.942994
1.140508
0.889603
1.576458
1.090404
0.118165
0.489700
1.694157
0.018711
1.333037
1.837267
1.742322
0.133374
0.395752
1.741617
1.154114
0.586041
0.422938
1.463471
1.012122
0.605093
1.041210
1.308886
0.968671
1.487949
1.642890
1.179849
1.153153
0.503819
1.806130
1.781268
1.446813
0.946638
0.670871
1.023271
0.037042
0.789036
1.512971
1.731200
0.807747
0.846008
1.568466
0.550069
0.979382
1.964219
0.291686
0.133496
0.550260
0.714624
1.596966
1.562382
1.319717
0.638176
0.871268
0.288389
0.126125
0.514158
1.468238
1.279278
1.017977
1.274368
1.060545
0.464791
0.221006
1.731416
1.488061
0.258049
0.520452
1.001032
1.989248
1.328199
1.847040
1.557715
1.878268
0.826422
1.521933
0.169954
0.959918
0.072194
0.884578
0.556884
1.634576
0.204296
1.195061
0.505844
0.492684
1.321186
1.020002
1.960922
0.600464
0.037979
1.235290
1.661009
0.502770
1.456296
1.392426
1.990831
1.714345
1.912878
0.991864
1.703593
1.241077
0.838904
1.261307
1.119345
1.665326
0.783241
1.289299
0.625244
0.855434
0.173878
1.182128
0.490010
0.378173
0.377189
0.995854
0.870857
1.698375
0.015856
0.831779
0.298838
0.053835
0.067069
1.959848
0.556605
1.523365
1.352273
0.547436
1.237709
1.265151
1.539299
0.941302
0.506228
0.378203
0.202609
1.625574
0.043529
0.985850
0.914873
0.668773
1.841284
1.088750
1.850901
0.331294
1.466924
0.228090
1.327148
0.337781
1.926464
1.343003
1.169560
0.225303
1.396838
1.236629
0.185150
1.953443
0.759994
1.537423
0.500879
1.997704
0.802574
0.040178
0.939006
1.308803
0.418382
1.141615
0.934377
0.461911
0.127466
1.849249
1.130684
1.968750
0.938000
0.981585
0.300044
0.404924
1.209674
1.627192
0.742705
1.136138
0.970195
1.912265
1.361441
0.367034
1.148894
1.546591
0.320477
1.908889
1.084014
0.821355
1.906592
1.886589
0.861534
0.845598
1.195392
1.279915
1.987214
0.129768
1.741826
0.114679
1.979018
0.872510
0.083429
0.917018
1.854095
0.383473
1.321941
1.063769
0.010665
0.064646
0.199908
0.980861
1.976911
1.561349
1.347894
1.125805
1.107940
1.668371
1.034694
0.191954
0.489726
0.941286
0.078543
1.351260
1.786885
1.273935
0.631175
1.774098
1.403703
0.373001
1.888777
1.382721
1.245511
1.972206
0.299739
1.099606
0.355680
1.621680
0.163375
0.366345
1.686326
0.363283
1.347206
1.663237
1.924631
0.695100
0.789043
1.032571
0.363471
1.823737
1.224525
0.853198
0.765023
1.303068
0.204458
0.551908
0.577003
0.835633
0.326006
1.980707
1.208634
0.214783
1.363428
0.454146
0.186990
1.663167
1.553752
0.542669
1.284847
1.717127
0.909014
0.971173
0.080410
0.256220
0.634410
0.005041
0.951320
1.423452
1.037612
1.314792
1.247189
0.262137
0.167989
0.012212
1.565206
0.372447
0.564120
0.142209
1.208080
0.890125
0.122916
0.416714
1.104908
1.486344
0.870860
1.291898
1.149510
0.424611
1.834567
0.434357
0.141738
0.743582
1.405530
0.222148
0.999802
0.039939
0.227189
1.951122
1.463392
1.264801
1.265914
0.710581
1.526938
1.433903
0.722793
1.092144
1.806350
1.286913
1.234353
1.014429
0.177038
1.357269
1.431143
1.281946
0.843612
0.302003
0.573844
1.993123
0.726614
0.408412
0.427480
0.868353
1.151993
1.833009
1.090500
0.151795
1.872949
1.317689
0.102918
1.336340
0.582490
1.368832
0.046921
0.109428
0.802734
0.769715
1.201572
0.609084
0.056627
0.435925
1.623513
0.233665
1.793194
1.054657
1.515612
0.636806
1.356660
0.089456
0.629929
0.083274
0.497868
1.057409
0.951627
1.649861
0.890418
0.042127
1.801657
0.763366
1.359816
1.904575
0.099707
1.942306
1.273406
0.146628
0.051735
0.076140
0.916343
1.253307
0.685225
0.972970
1.689232
0.308738
1.206635
1.482426
1.363395
0.722247
0.119232
0.720055
0.811703
0.749161
0.803329
1.309571
1.806570
1.754955
0.959432
0.696987
1.797082
0.761089
1.460354
1.156898
0.665664
1.560060
1.099205
1.939070
1.706689
1.150939
0.015210
0.623032
0.404246
0.700435
1.596002
0.093478
1.009173
0.802637
1.575903
0.372568
1.524884
1.695136
1.092622
0.336587
0.444297
1.895951
1.646158
0.250866
1.650906
0.605591
0.947854
1.447988
1.366680
0.408208
0.604886
0.032344
1.968268
1.704090
1.971414
1.674957
0.855030
1.986624
0.297988
1.259276
0.687059
1.893990
1.352753
1.696231
0.696627
0.928657
0.068799
0.221510
0.623792
1.161421
0.558097
1.068089
1.057372
0.204256
1.318956
0.708277
0.809846
0.266809
0.156265
0.176526
0.675017
0.761151
0.208870
0.643285
0.465241
0.180283
0.318242
1.320271
0.166907
0.616230
0.579547
0.853966
0.510220
1.932300
0.550197
1.206846
0.860957
0.618996
1.428357
1.484750
1.780417
1.986454
0.552839
0.837789
0.190710
1.871794
1.546066
1.000556
0.138604
1.702331
1.177082
0.813621
0.463482
1.385952
1.456906
0.928723
1.566235
1.775147
0.248994
1.733142
0.391377
0.828541
0.587108
0.901597
0.760841
1.137305
0.108443
1.621798
1.756301
1.536800
1.106547
1.536718
1.523254
1.659386
0.374506
1.713964
1.531180
1.920572
0.714520
1.669784
1.622903
1.891602
0.483405
0.086385
1.277554
1.940311
1.015108
0.843789
1.715458
1.264102
0.576931
0.106835
0.092643
1.164038
1.008433
0.853484
0.301343
1.116876
0.475282
0.057644
0.653676
1.581829
1.594361
0.176930
1.241215
1.968868
1.890894
0.772395
1.889440
0.605414
0.442179
1.512344
0.497016
0.925584
1.598729
1.774570
0.865895
0.613837
0.618358
0.581353
1.877939
1.195289
0.688188
1.970582
0.359328
1.696621
0.824066
0.660671
0.813497
1.299348
0.718314
1.467173
0.881176
0.312675
1.644103
0.122391
0.281543
1.534997
0.894786
0.170983
0.140411
1.336966
1.683327
0.637427
0.262550
1.282056
0.411996
1.128444
1.895893
1.030355
1.709797
1.773833
0.225644
0.397986
1.744415
0.584972
0.094606
0.568481
1.245642
0.908103
1.867829
1.963956
0.375276
0.749005
0.276632
0.019378
0.871396
0.558175
1.554375
1.766183
0.729158
1.694786
1.103148
0.412486
0.332212
1.365698
1.694542
0.744209
0.494142
1.590435
1.774564
0.203939
1.364268
0.000208
0.601925
1.108683
0.585179
0.696531
1.677164
1.830821
1.604635
1.544993
1.794778
1.979910
0.293998
0.071409
1.999289
1.165394
0.629584
1.553664
0.931576
1.358743
1.248449
0.034725
1.771229
1.580662
1.400422
1.465770
0.324870
1.894565
1.056205
0.099434
0.098504
0.420473
0.099641
0.700429
1.529156
0.684821
1.396961
1.206320
0.515642
1.001595
0.751313
0.310420
0.981505
1.045310
0.381829
0.980794
0.210704
1.011413
0.534458
1.142281
0.370156
1.782907
1.177005
0.141385
1.363569
0.577428
1.607155
1.688439
0.471992
0.663361
1.787873
0.570496
1.083834
1.887514
1.270925
0.612990
0.572335
0.667886
1.819310
1.087977
1.669481
0.570622
1.398397
0.650986
1.615933
1.780226
1.631780
1.826637
0.791639
0.166238
0.968917
1.161795
1.949145
0.145922
1.303180
1.312714
0.723350
0.910335
1.001152
1.195342
1.573695
0.789025
1.765839
0.657529
0.676540
1.036764
1.270519
1.248875
1.704650
1.089829
0.336852
1.374131
1.660451
1.735248
0.025118
1.276384
1.515474
1.656898
1.103021
0.307113
1.823136
0.071938
1.468908
1.772281
0.217860
0.772087
1.084995
0.941211
1.682422
0.086147
0.136553
1.256118
0.875172
1.902391
1.913647
1.551712
0.939155
1.184166
0.800587
0.643805
0.273994
1.137438
0.017937
1.934446
0.872687
0.043054
1.210829
0.388160
1.699952
0.313850
0.695273
1.523088
0.385788
0.164180
1.295369
0.603649
0.936268
0.380364
1.544859
0.618690
0.466511
1.681412
1.874808
1.341684
1.583803
1.788455
0.893396
0.522959
0.972620
1.693982
1.166764
1.246615
0.831421
1.184701
1.181060
1.704107
1.227755
0.391890
0.092268
0.927707
0.705740
0.787540
0.450795
1.091528
0.951721
1.746165
1.695177
1.887989
0.126529
1.240036
0.506679
0.593040
0.921448
0.381487
1.934723
0.505251
0.169942
0.828119
1.028210
1.142562
0.522102
0.194974
0.389177
1.353522
1.379674
1.570237
1.057630
0.607429
1.962127
1.149897
1.535136
0.667867
1.937438
1.985931
1.759395
0.889158
1.732096
1.454572
0.777147
1.858625
0.694608
1.283826
0.451664
1.616055
1.665313
0.386388
0.121306
1.835255
1.214507
1.149516
0.977817
1.736609
1.344489
1.366994
1.090131
0.724164
0.937231
0.147761
1.331593
0.899358
1.297658
0.866729
1.567225
1.235096
0.852660
1.326620
0.124254
0.584756
0.781192
0.901401
0.443381
1.475800
0.185227
0.895045
1.091855
1.850540
1.281433
1.213162
1.685795
0.495940
0.362677
0.663612
0.232549
1.707167
0.030606
1.322680
0.431331
0.967837
1.470441
1.762923
1.867195
0.768099
0.629652
1.434420
0.003194
1.482312
0.761041
0.127448
0.067068
1.542233
1.028849
0.510449
1.018033
1.214077
1.405494
0.109888
1.064617
0.686927
1.323050
0.750412
1.182867
1.685727
1.414024
1.415416
1.392894
1.444630
0.738096
1.824225
0.412467
0.208536
1.587148
0.279662
0.976635
0.216800
1.714082
0.979829
1.699112
0.475123
1.107277
1.766180
0.017356
0.136127
0.276629
1.035389
1.350203
1.682123
1.145278
0.414820
0.369050
0.468328
1.165233
1.551917
0.154055
0.579257
0.967333
1.546949
0.023887
1.705428
1.371174
0.436354
1.913965
0.958322
0.716016
0.890600
1.175122
0.430098
1.870429
0.874234
0.905222
0.977706
0.640414
0.922578
1.113833
0.917044
1.957967
0.464036
0.599167
1.103245
0.878857
0.968217
1.571573
0.044089
0.520134
1.725627
0.623346
1.487467
1.272576
0.647234
1.192895
0.643750
1.083588
1.106860
1.602072
1.799604
1.997459
0.777193
0.229702
1.867888
1.651427
1.134924
0.845594
0.291842
0.057502
1.959427
1.208886
0.015469
0.423464
1.808053
1.118714
1.302320
0.776270
0.690287
1.346410
1.296404
0.415914
1.969756
0.783871
1.688490
0.616990
1.976766
0.332240
1.700577
1.083626
1.934312
1.500181
1.081085
0.711505
1.729883
0.948973
0.362932
0.864807
1.794567
0.654774
0.922309
1.753995
1.863659
0.937778
0.177458
1.671712
0.056492
1.479778
0.447982
0.746779
0.826188
1.744386
1.162693
0.795944
0.528257
0.851183
1.412934
0.505023
1.183423
1.113511
1.588649
1.117735
0.613693
0.669734
1.829240
0.343576
1.618707
0.192172
1.208383
1.413274
0.846946
0.130692
1.167269
0.710606
1.068471
1.344727
0.382318
1.124963
0.824506
0.830299
1.871742
1.650694
0.574685
1.034434
0.446638
1.102942
1.885618
1.859572
1.607964
1.069041
0.973083
1.196613
0.186776
1.586776
1.866347
0.016016
1.930352
1.485054
0.208188
1.138735
0.898328
1.055134
1.269427
0.065597
1.765740
0.337898
1.410325
0.148058
1.462861
0.234830
0.978357
1.334603
1.885524
1.553042
0.369037
0.332162
0.655983
0.254655
0.191734
0.263948
1.323696
1.164817
1.460561
1.510472
0.751593
1.326907
1.526488
0.681944
0.811961
1.734676
1.820679
1.710290
0.789810
1.090107
1.775887
0.555550
1.428005
1.186212
0.703608
0.890866
1.421042
1.681964
0.225469
1.306566
1.235006
0.594506
1.638728
1.890990
0.849161
1.830461
0.154937
0.172856
0.995278
1.615498
1.683328
1.746870
0.942405
1.209815
0.428815
1.754367
0.944491
0.249494
1.464656
1.734301
1.339601
1.240544
0.289851
0.767606
0.426756
0.993459
1.658472
1.847798
0.675423
1.883941
1.154364
1.910430
0.478446
0.793091
1.801419
1.327607
0.623552
1.956356
1.500463
1.618830
1.571854
1.183791
1.365701
0.514259
0.393607
1.794515
0.268626
1.338098
0.044009
1.733282
1.072399
1.383610
0.973826
1.362250
0.151216
1.400582
0.355709
1.809688
1.248379
1.031133
1.693628
0.402743
0.941562
0.172075
1.195834
0.742981
1.499682
1.819387
0.699338
1.000145
1.438217
0.271192
0.183936
0.803917
0.785451
0.577543
0.598432
1.054077
1.915640
0.642442
0.787359
0.988039
0.026052
1.761185
0.350289
0.177268
1.161767
0.705999
1.986955
0.410146
1.737131
1.680584
0.812889
0.678693
1.852658
0.008724
1.421675
1.352340
1.828110
0.121013
0.352485
1.266327
0.392205
0.536421
0.070244
1.177656
1.113964
0.668676
0.231733
1.029605
1.311118
1.019093
0.017644
1.337170
0.780278
0.367933
1.514437
1.942045
1.073932
1.501393
0.352191
0.811063
1.181976
1.165080
1.489756
1.034635
1.173804
0.911431
0.386975
1.001914
1.032444
0.739460
0.268241
1.424649
1.275881
0.338485
0.602305
0.389845
1.007161
0.834038
1.419450
0.318279
1.853130
1.437093
1.655449
0.633408
1.805027
1.169886
0.575453
0.878958
0.671279
0.927644
1.690021
1.853255
0.092724
1.179777
0.887890
1.266528
0.091208
1.274864
0.268442
1.123652
0.014324
0.536683
0.548301
1.290205
0.875168
1.150605
1.680050
1.882329
1.984643
1.099500
0.200608
1.837773
0.536593
1.856057
0.471181
0.341620
1.025943
1.046634
1.220578
1.697222
1.974278
0.910599
1.550477
0.067003
0.090376
0.438367
1.333531
0.181584
1.713231
1.601973
1.305236
1.727555
0.138656
1.853537
1.017759
1.013824
1.004142
0.697809
0.896153
0.988785
1.797309
1.096761
0.826558
0.333902
0.952818
1.297739
0.675522
1.978761
0.344373
1.896100
1.675983
0.318651
0.806699
1.226460
0.385654
0.897075
1.664827
1.719185
1.078659
1.378058
1.321158
0.383896
1.105613
1.459815
0.237433
0.123372
0.473639
1.241575
0.821182
1.369793
0.230360
0.618491
0.466554
1.056918
0.952393
1.419372
0.354657
1.627915
1.398134
0.699030
1.524014
1.074117
1.017682
0.330713
0.300578
1.403336
1.227788
1.965405
1.122521
0.306447
1.343463
0.443679
0.690343
0.449076
1.903494
0.927775
0.572448
0.377134
0.169350
1.393629
1.746926
0.399710
0.012120
0.213480
1.456627
0.964513
1.632853
1.811284
0.592427
1.030987
0.510315
0.116442
0.105104
1.527996
0.447155
0.405682
0.931332
1.674943
0.371087
0.053853
1.981390
1.714550
0.497532
0.671733
0.163626
0.401027
1.599508
0.736074
0.778160
1.768858
0.129703
0.525087
0.168568
0.141823
0.738567
1.625196
1.106336
0.371420
1.436480
1.698763
1.402407
1.946795
1.815205
1.507510
1.474791
0.262360
1.913192
0.406123
1.937304
0.284279
0.459976
1.918694
1.998829
0.957509
0.590427
0.162454
1.358536
0.189936
0.898528
0.136696
1.958794
1.028231
0.661783
0.127362
1.170054
1.400350
1.752558
0.276390
1.771770
1.189038
1.975153
1.174176
1.135833
1.790358
0.681687
0.610624
0.052719
0.594879
1.016747
1.990022
0.879158
1.476723
1.908716
0.877987
0.434232
0.499144
1.040442
1.792768
0.689079
1.938970
1.929464
0.647873
0.967200
0.591247
0.775236
0.137254
1.991597
0.527793
0.413644
1.763367
1.716831
0.388798
0.937543
0.852664
0.179156
1.619230
1.463288
0.231875
0.214109
0.480035
0.221897
1.093268
1.956758
0.130613
1.971255
0.390990
0.629757
1.011696
0.183758
1.318836
0.950666
0.113222
1.966710
1.917866
0.704469
0.741945
0.055121
0.696067
1.269739
0.468765
0.459433
0.986570
0.857563
1.396977
1.839234
1.036719
1.016207
1.302521
1.268593
1.230317
1.782556
1.490490
0.323584
1.739314
1.621104
0.294839
0.130304
0.250861
1.306535
0.314063
1.569697
0.257201
0.427285
1.536407
0.175068
1.131755
0.278352
0.230189
1.827821
1.548091
0.698954
0.287255
0.534661
1.556517
1.684231
0.373894
0.593235
0.700438
1.676416
1.861829
1.930755
1.458972
1.352319
0.254339
1.198286
0.973422
0.549178
1.328590
1.224283
1.855714
1.642653
0.793980
0.112915
0.069938
0.330387
0.287983
1.201692
0.608738
0.518171
1.029514
0.156829
1.217125
1.316768
0.691490
0.773641
1.000999
1.065384
1.366877
1.701438
0.741800
1.228705
1.632193
0.200772
0.581024
1.886532
1.399058
1.554446
0.435710
0.727648
0.778729
0.291424
0.370301
1.572709
0.404339
0.440239
1.903096
0.692322
1.641931
0.511834
1.210493
0.671445
0.668663
0.427618
1.988213
1.360153
1.201259
0.989212
0.425537
0.568136
0.690650
1.167337
1.796841
0.322843
1.368109
0.377865
0.209375
0.767167
1.932311
0.645086
1.494815
0.711041
0.936510
1.865115
0.283750
1.340849
0.305354
0.186846
0.033170
1.947286
0.698681
1.243663
0.618731
1.367344
1.671281
0.606944
0.727497
0.872540
1.596156
1.153034
1.440676
0.286806
0.320370
1.237517
0.609650
1.688479
1.615382
0.819025
0.455646
1.547693
1.464111
1.950460
0.258734
0.400621
1.815576
0.542484
1.741470
0.120930
0.729330
1.774640
0.068216
1.428011
1.018304
0.686946
0.795355
0.689584
1.293890
1.522852
1.562124
0.890046
0.675885
1.002800
1.176852
0.996256
0.240317
1.786502
0.684735
1.855698
0.605527
1.140380
1.403391
0.069638
1.090841
1.662125
0.470259
0.906416
0.204609
0.211729
1.027346
0.933940
1.986369
1.095562
0.361951
1.004673
1.782508
1.157306
1.694257
1.076398
0.680158
1.256382
1.966444
1.356043
0.259182
1.143297
0.352298
0.499498
0.929799
1.037033
0.355197
1.535326
0.177413
1.758588
1.604965
1.268254
1.420713
0.075224
0.174670
1.625323
0.286953
1.202017
0.559262
0.273323
0.297579
0.921213
1.277996
0.080087
0.078519
0.972253
1.156485
0.758677
0.228635
1.122930
0.114720
0.487816
0.266226
0.467018
0.987315
1.196025
1.504051
1.342511
0.731351
1.681464
1.101099
0.336316
0.949718
0.521812
0.411540
1.124389
0.147135
0.698493
0.326405
0.706397
0.971816
0.623984
1.627611
0.249811
0.704071
1.706130
1.222064
1.860556
0.464807
1.450699
0.983486
0.579526
1.938515
1.249712
1.046544
0.925829
0.445737
0.550595
0.268340
1.177089
0.232059
1.369439
1.513405
1.181778
1.891251
1.924945
0.306166
0.038386
0.623438
0.632571
0.744783
1.595253
1.256555
0.372393
1.845064
1.960626
0.078523
1.067128
1.821182
0.543330
0.517827
0.804668
1.122857
0.456342
0.054380
0.169401
1.382171
0.500117
0.719996
1.650511
1.677206
0.952055
1.019951
1.190610
0.133833
0.911202
1.115555
0.439999
0.949588
1.738993
1.072571
1.694371
1.334246
0.329126
0.066764
1.179310
0.289752
0.145288
0.246439
0.110934
0.688618
0.764265
0.915602
1.811474
1.220607
0.969981
1.980875
0.602778
1.470098
0.700871
0.253289
1.147304
1.652927
1.273240
0.337914
1.786760
0.184442
1.453469
0.226759
1.134029
1.192462
1.299330
0.828400
0.526708
1.628456
0.895164
1.706018
1.918208
1.040452
1.952457
0.029142
1.729070
0.716723
0.944744
1.540544
1.937330
1.914725
1.521419
0.540108
1.384823
0.222290
0.793397
0.532127
1.875217
0.066636
0.870042
1.661977
0.251078
0.323511
1.888736
1.385107
1.515973
1.188065
0.213508
0.042681
0.816521
1.108672
1.748700
0.734729
0.149124
1.701157
0.763871
1.878194
0.417879
1.708615
1.418738
0.355209
1.623340
0.940157
0.895317
1.008163
1.162447
1.688713
1.540291
1.037664
1.755350
0.410332
0.699640
0.006428
0.733843
0.588376
1.391535
0.249816
1.776441
1.605043
0.292497
0.592963
0.713715
0.041197
1.327692
0.862839
1.742354
0.091562
0.741032
0.160233
1.800177
0.159770
0.515442
1.423517
1.099927
1.410759
0.431680
0.262374
1.099472
1.971970
1.300038
0.854822
0.382303
1.999678
0.861249
1.116146
0.588054
0.252784
1.365962
0.364496
1.857827
1.658459
0.957458
0.571542
1.699656
0.285150
1.434380
1.442009
0.376712
0.175413
1.602242
0.176889
0.335183
0.117684
1.600406
1.435109
1.528443
0.032086
1.697483
0.627915
0.004056
0.997521
1.482736
0.386359
0.997199
0.343986
1.502505
1.585253
0.596770
0.868466
1.949749
0.454597
0.526925
0.907207
1.026139
0.226581
1.192357
0.460520
1.668591
1.569069
0.635932
1.270833
1.745958
0.971115
1.388518
1.346364
0.406224
0.916961
1.378450
0.103707
1.544875
1.382507
1.101228
1.027612
1.768865
0.098427
1.371598
1.271370
1.683680
1.968368
0.139836
1.633429
0.422965
0.666762
0.540636
1.449104
0.893343
1.732993
1.909624
0.561934
1.302062
0.545556
1.832767
1.048021
1.516671
1.221285
0.394385
1.922895
0.138245
1.772835
0.026602
1.683121
1.155342
1.127830
0.710733
0.924207
1.226257
0.082330
0.195577
0.909938
0.050698
0.335414
0.543367
0.473663
1.002176
1.084003
1.922768
1.895519
0.816997
1.832392
0.457453
0.119059
0.377948
0.290220
1.167080
1.894619
1.511505
1.561465
1.817514
1.649751
1.334300
1.844117
1.332871
0.489642
0.971947
0.043604
1.413849
0.198205
0.125934
1.609426
1.108142
0.176632
1.944840
1.651509
0.650296
0.947016
0.735513
0.573063
0.842535
1.552509
0.405455
1.299988
1.671568
0.783403
1.590208
0.838648
0.678023
1.101713
0.400112
0.495537
0.751464
1.734412
0.339654
0.084335
0.224054
1.311601
0.127939
1.637903
1.509806
0.253873
1.247329
0.617948
0.430505
1.192169
0.269457
1.080801
0.139185
1.004970
1.653864
0.981720
0.557479
0.059319
0.281707
0.229047
0.842722
1.871915
1.067695
1.520745
0.973629
1.467807
0.016282
1.725092
1.202219
0.355936
1.809427
1.426273
1.667537
1.937366
1.064176
1.177342
0.191239
0.311505
1.795290
0.621744
1.503674
0.064747
1.702545
1.642859
1.069717
1.356409
0.624578
1.627196
1.415728
0.906286
1.856243
0.258450
0.778201
0.923937
1.779195
1.751830
0.391744
1.795477
1.476922
1.593963
0.151413
1.286349
1.020236
1.818950
1.223715
0.084411
0.996292
1.414954
0.395916
0.791582
0.036698
1.899590
0.856329
1.739243
1.542448
1.926046
1.095652
0.167027
1.553242
0.511379
1.073312
1.409484
0.769830
1.851514
0.333422
0.549025
1.603343
0.725166
0.344502
1.080265
0.319129
0.495915
0.366615
1.339365
0.314865
1.590330
1.423776
1.311157
1.005284
1.819693
0.102740
1.041983
1.719282
0.959069
0.781226
1.261731
0.885115
1.876877
1.428757
0.438357
0.388257
0.502070
1.847841
1.158086
0.353583
0.181263
1.707111
1.956927
0.906429
0.051614
1.037192
1.225558
0.547529
1.403807
0.564923
0.862394
0.994137
1.988699
0.173552
1.999421
1.808392
0.276291
1.041404
1.527674
1.235360
1.822630
0.789405
0.120475
1.699507
0.218163
0.558832
0.087764
0.720232
0.406673
1.245850
1.073816
0.587936
0.952961
1.030743
1.494365
1.004575
0.067935
0.719923
1.552104
1.471742
1.284846
0.414498
0.465879
1.273545
0.588050
0.465300
1.081937
0.864341
1.506704
0.609612
0.099701
1.329333
1.399017
0.220176
1.028840
1.617179
0.779008
1.116604
0.337412
1.185681
0.362454
1.411228
1.773617
1.315415
0.441970
1.267982
0.319990
0.509905
1.987904
1.872094
1.981647
1.272750
0.286592
0.447525
0.546295
0.874642
0.912825
1.628233
1.738983
0.419529
0.237844
1.838684
1.748863
1.636861
0.058860
0.777703
1.254040
0.837867
1.894306
1.591452
0.023548
0.256760
1.002680
1.797165
1.572175
1.444650
1.065146
1.892165
1.954555
1.053051
1.764260
1.936202
0.325801
0.050852
0.383727
0.872096
0.925494
1.296552
0.500329
0.664477
1.716081
0.738173
0.503161
1.464944
0.375034
0.562021
0.242647
1.629074
1.399888
0.136953
1.220527
1.423437
0.393714
0.223206
1.220601
1.965889
1.667856
0.285747
1.858054
1.622411
1.338798
1.622314
1.558613
1.664599
1.673166
1.942340
0.536695
0.598660
1.238892
1.037023
1.263138
0.954974
1.775196
1.766299
0.419918
0.150230
0.328320
0.662564
1.779305
1.728208
0.799518
0.999831
1.151645
1.193231
1.223038
0.372246
1.159120
0.890894
0.657994
1.017174
0.513305
1.996791
0.639488
0.071918
1.661390
0.312654
0.014258
0.198085
0.911314
1.253150
1.235108
0.174452
0.208124
1.010304
1.940751
0.628041
1.160534
0.269071
1.290606
0.939839
1.997279
0.090123
1.939670
1.148924
1.283355
1.162708
1.521170
0.442475
0.053602
0.179164
1.459649
0.566908
0.175955
0.099137
0.638826
1.837345
0.411792
0.653084
0.035430
1.323106
1.906234
1.270538
1.497558
0.114358
0.280841
1.438309
0.742399
1.441376
1.707380
0.033004
0.381215
1.704659
0.123128
0.320885
0.853583
1.406482
1.483593
0.374753
1.848957
1.537195
0.553917
1.308606
0.104103
0.729872
1.407743
0.742929
0.567217
1.819535
1.396013
0.602647
1.142641
1.302247
1.873184
0.640199
1.416605
0.154026
0.078508
0.159003
1.595401
1.785887
0.192008
1.976616
1.490546
0.315136
0.297501
0.344129
1.721618
1.781094
0.718882
1.570575
1.318289
1.272799
0.879181
1.422392
0.002671
0.286924
0.165321
0.569888
0.106459
1.561334
1.172535
1.249100
0.863581
1.045719
1.889299
0.280185
1.199745
1.967806
0.439189
0.795146
1.753694
0.631196
0.771762
1.244240
0.946332
1.069263
1.588369
0.667950
0.850357
0.307251
0.238525
0.168646
1.580050
1.117705
1.591038
1.582721
1.404629
1.756359
0.152609
1.511088
1.317692
1.325144
0.760188
0.181273
0.370863
0.649487
0.461458
1.570608
0.617293
0.900647
0.365754
0.370987
1.531843
1.137516
1.615227
0.478175
0.206780
1.203596
1.146125
1.057136
1.510847
1.384649
1.225782
1.090897
0.502355
0.816820
0.673618
1.906984
0.573179
0.826227
1.418072
1.890871
0.151370
0.178261
0.072144
0.522233
0.827747
0.533602
0.092841
1.445040
1.434249
0.458595
1.816027
0.966092
1.596111
1.431254
1.444267
1.802891
0.634849
0.590392
0.860027
0.145696
1.975041
0.085810
1.236593
0.477396
0.902630
1.910211
0.384380
1.475809
0.736438
1.802452
1.366680
0.887808
1.980713
1.438824
1.410041
0.808460
1.972426
1.502882
0.253500
1.406676
1.961476
0.069528
0.372768
1.557588
1.500781
1.817036
1.360478
0.135631
0.407428
0.220505
0.281327
0.382469
0.306315
1.517920
0.859865
1.208945
1.428131
1.244245
0.684753
0.164569
1.046697
0.051433
1.052376
1.027410
1.490257
0.462417
1.835870
1.462684
1.965299
0.089370
0.869359
1.926775
0.158898
1.242128
1.484363
1.659679
1.059163
0.844841
1.795310
1.466591
1.065346
0.076637
1.849060
1.371661
1.594557
0.708926
0.580606
1.022689
1.953171
1.265360
1.187257
0.999868
1.316793
0.239634
0.027278
0.807050
0.702051
1.863148
0.269733
0.667350
1.952518
1.139093
0.594125
0.111416
0.381220
0.078487
1.771095
1.440384
0.923328
1.566405
0.906975
1.988675
1.643043
0.756035
1.360336
1.237600
1.464961
1.940943
0.260289
1.418131
1.206302
1.447546
0.417999
0.523095
1.687180
0.445277
1.330144
0.389231
0.308425
1.599878
1.056580
0.260943
0.738971
1.650705
0.372359
1.120191
1.729193
0.143454
0.560574
0.652521
1.709860
1.467549
0.641196
1.352902
0.223585
0.001532
0.590503
1.688546
1.942474
0.850791
1.106677
1.148777
0.298337
1.524676
1.671871
1.985517
1.969953
1.002016
0.374748
0.278378
0.601894
1.431328
0.539320
1.340864
1.082033
0.911679
0.461055
0.811226
1.055133
1.021629
1.463746
0.764993
0.489179
0.104942
0.117895
0.712763
0.106474
0.708398
0.401309
0.048949
1.559189
1.507986
1.197725
1.857527
1.032662
0.869596
1.843044
1.002615
1.871612
0.217792
1.280993
0.473506
1.649120
1.820313
1.814370
0.731153
0.731992
0.275425
1.542378
1.787125
1.297054
1.006125
0.552118
1.786233
1.111067
0.670014
0.498996
1.217541
1.378412
0.900305
1.266489
0.937601
0.408291
0.464214
0.795127
1.440953
1.333811
0.638171
0.443568
1.205423
0.855963
1.724560
1.678928
0.505082
1.544873
1.493298
1.236235
0.276865
1.768722
0.778613
0.063991
1.065776
1.784737
0.616109
0.852009
0.895804
1.286123
1.351005
0.113345
0.664534
0.251310
1.379834
1.602135
0.659601
1.844048
0.397262
0.100554
1.177859
1.035434
0.544122
0.383281
1.891396
0.268682
0.062210
0.396479
1.813555
1.555507
1.632714
0.090420
1.324230
0.411327
0.154411
0.390006
0.196064
0.770519
1.242015
1.091868
0.056642
0.593021
1.205213
0.721176
0.844331
0.585047
0.323311
1.503932
0.429095
0.720573
1.604486
1.606954
1.756007
0.148608
1.990236
1.647403
0.417290
0.052445
0.043882
0.230845
1.607953
1.676595
0.321265
0.932182
0.087922
0.475675
1.322189
0.283986
1.246195
0.564204
1.375854
1.302837
1.157225
0.581067
0.024013
0.001556
1.166114
0.347324
1.505488
1.595209
1.067897
1.109974
1.202163
0.823904
1.258582
1.192399
0.471306
1.675872
1.244844
0.515188
1.906717
0.852797
0.191783
0.227982
1.784979
0.279705
0.703657
1.107168
0.563691
1.949852
1.671372
1.939545
1.252689
0.828596
0.520612
1.276702
0.830152
1.686725
1.624025
0.335640
1.281935
0.691922
1.445614
0.484098
1.515826
0.704197
1.676497
1.987132
0.380069
0.921341
0.502320
0.286785
1.774138
0.694104
0.514767
1.559117
0.973809
1.218424
0.666285
1.537500
1.168276
0.337657
1.477044
0.420964
1.166253
1.997656
1.697666
1.996405
1.684381
1.321691
0.332045
0.966316
0.013613
1.777659
1.450414
1.529439
0.481856
1.126911
1.516571
0.861925
0.048253
0.018892
1.148710
1.822391
0.712995
1.663477
1.381508
1.686804
0.881901
0.047793
1.224304
0.050176
0.385449
0.701348
0.471140
1.551702
0.699004
0.168806
1.548107
0.383385
1.490497
1.880152
1.349701
1.504110
1.657812
0.800115
1.033550
0.139668
1.927027
0.550121
1.001593
1.975279
0.569013
0.150303
1.797670
1.282008
1.813780
1.179178
0.968812
0.695681
1.226971
0.193116
0.745857
1.612420
0.894464
1.216997
1.164122
1.593468
1.385804
0.712229
1.976853
0.876301
0.592381
1.326554
0.380411
0.250193
0.126669
1.413961
0.389861
0.053696
1.964082
1.391453
0.028975
0.533094
1.541756
1.826645
1.815102
1.355536
1.005823
0.783914
0.051216
0.232794
0.977030
0.797073
1.845214
1.871494
0.014071
1.009335
1.464962
1.399874
1.721564
1.441815
0.276175
0.313946
0.768369
0.656586
0.564139
0.895038
0.070547
0.954000
0.948734
0.034628
0.345453
0.977709
0.567722
1.887209
0.804355
0.382824
1.242745
1.810178
1.166739
1.293961
0.042971
0.143769
0.091034
1.888185
0.015263
0.105105
0.897520
1.480224
1.504979
0.619085
0.922039
1.781154
0.933031
1.690408
0.437740
1.497169
0.585445
0.508287
0.451169
1.534179
0.542915
0.796622
0.511889
1.110637
0.683831
1.316243
1.493461
1.926576
1.126421
0.660200
1.220536
1.169392
0.803969
1.311570
1.057577
0.819231
1.416675
1.955098
0.299456
0.921654
0.574183
1.221495
0.702808
1.507213
0.911902
1.140547
1.004383
1.497347
1.648834
1.455552
1.031527
0.191749
0.252174
1.543415
1.302386
0.936004
0.859658
0.795847
0.862580
1.986079
1.456047
0.083116
1.155472
0.260016
1.394687
0.213049
1.079247
0.811362
0.168146
1.378703
1.733016
0.742329
0.600197
0.435824
0.249542
1.512099
1.576371
1.253925
1.009447
1.225205
0.709477
0.040974
1.416954
0.961650
1.584389
0.719340
1.897655
0.444048
1.515187
0.760235
0.430127
0.971234
0.843351
1.585598
1.231250
0.238038
1.798647
0.310497
1.049400
1.966793
1.689200
0.782416
0.709123
0.289397
1.218240
0.958665
1.801497
0.794611
0.212590
0.810944
0.019816
0.922066
0.851917
1.436770
1.883717
0.436306
0.156110
1.781371
0.880354
1.671297
0.541606
1.310481
0.642531
1.384957
0.896079
1.873781
1.622995
0.694726
0.184278
0.672395
0.661519
1.873478
1.454811
1.370642
0.162876
0.673051
0.329307
1.964372
1.467662
0.541896
0.775316
1.487477
1.463963
1.627233
0.924247
1.347679
0.063539
1.080357
1.129051
0.943893
0.751653
1.670657
0.254374
1.394184
1.055614
1.150452
1.267965
0.678609
1.845178
1.452243
1.351004
0.506698
1.325722
0.805816
1.877340
1.488597
1.478866
0.206646
1.452970
0.946528
0.748543
0.228285
0.434005
0.212506
1.855518
1.358253
1.560185
1.919058
0.438610
0.689236
0.862951
1.190263
0.359893
1.117324
0.584447
1.415507
0.267777
1.852413
0.094116
0.112955
1.304656
1.445120
0.619653
0.630377
0.250936
0.496992
0.118975
1.729802
0.703638
1.571944
0.676330
1.452181
1.800230
1.110336
1.664687
1.655748
0.468588
1.224871
1.574806
0.907198
1.914107
0.437757
0.097461
0.274000
1.555081
0.681909
1.689507
1.822858
0.534321
1.783622
1.935813
1.838977
1.228743
0.555465
0.469354
1.479679
1.052457
0.588329
1.209481
1.756096
0.160273
1.885812
1.208277
1.960503
0.996147
0.872963
1.616251
1.464736
0.097835
1.191057
0.371934
0.011942
1.628814
0.469395
0.285942
1.183895
1.151304
1.975448
1.006752
1.685625
1.759071
0.942565
1.524602
0.987814
1.498031
1.993956
0.467493
0.550488
0.582286
1.676974
0.306584
0.742559
1.562786
1.514860
0.703062
0.558933
0.387824
0.319313
0.023669
0.485658
1.510370
0.395602
0.497600
1.139184
0.864997
0.783542
0.323079
0.016301
0.758990
1.329831
1.701926
0.518061
0.272396
1.226528
1.505875
1.770427
1.220484
1.973367
0.320915
1.802770
1.650341
0.627499
0.545329
1.213127
0.142359
1.248391
1.772060
0.530183
1.567704
1.795729
1.015841
1.078074
0.191331
1.513442
0.217258
1.056329
0.296984
0.540337
1.072630
1.055974
1.870168
0.774556
1.574035
0.142565
0.001083
1.079910
1.912992
1.221568
1.053278
0.233907
1.024337
0.703619
0.861405
1.569666
1.916746
1.003764
0.818057
1.688806
1.533947
0.385761
1.484534
0.549789
1.463835
1.675865
0.063231
1.681093
0.732194
0.360215
0.221430
1.804824
1.416189
0.091598
0.579379
0.990224
0.234163
0.580463
0.070135
0.147155
1.802031
1.123412
0.381061
0.826368
1.827031
1.242466
0.396034
1.743777
0.246231
1.214091
1.432583
1.780178
1.599851
0.917117
0.329967
1.063686
0.592983
0.393197
0.744779
1.325177
0.753412
0.966209
1.130000
0.169601
1.057807
1.709380
1.159825
1.291970
0.289842
1.229960
1.439125
0.091873
0.353372
1.820186
0.918241
0.180403
1.062652
1.314275
1.924180
1.308883
0.528365
1.356763
1.089061
0.128217
0.273880
1.419028
1.191903
0.866862
1.812225
1.936682
0.192039
0.565637
0.902891
1.322039
0.735238
1.960698
1.031419
1.895063
1.252668
1.321261
1.125023
0.691793
1.413134
1.478395
0.511979
0.331375
1.658798
1.574631
1.645650
1.582978
0.883514
0.174016
0.939740
1.972575
0.302232
1.213620
1.391603
1.494135
0.080483
1.203828
1.430817
0.272522
1.769465
0.333707
1.594561
0.504703
0.294405
0.625980
0.399767
1.547074
1.947242
1.524790
0.238866
1.360376
1.003185
0.750845
1.691751
0.661982
0.325476
1.337402
0.244960
1.208990
1.511417
1.184701
1.181565
1.813649
0.398321
0.573168
1.307784
0.478804
1.776996
0.738601
0.751326
1.546461
1.072309
0.345887
0.051165
1.366714
0.971868
0.450931
0.913788
0.919109
1.975721
1.152654
0.279486
0.978906
1.903499
1.971237
1.640888
0.228975
1.308639
1.885848
1.437965
0.820056
1.070549
0.619529
0.633705
1.468870
1.192697
1.941489
1.947674
0.969693
0.680090
0.699000
0.516154
1.752399
1.044887
0.567319
1.119113
0.016755
1.018250
0.032900
0.935864
0.993971
1.185554
1.215350
1.972877
1.089053
1.186587
1.613765
1.318028
0.495225
1.499613
0.755993
1.315281
0.570162
1.375522
1.948986
0.039032
0.568219
1.890475
1.986706
1.537912
0.570565
0.685706
0.054066
0.322964
1.730593
0.621385
1.442077
1.747348
1.639635
1.474977
0.683212
0.633606
0.660531
1.898562
0.606483
1.749585
1.085148
0.220247
1.067613
1.580374
1.719860
1.823606
0.895654
0.290022
1.199128
0.844640
0.329055
1.767347
0.735115
0.315761
1.305260
1.305680
1.001467
1.359326
1.628644
0.732061
1.980711
1.070720
0.479409
1.620346
0.545697
1.162621
0.253952
1.206228
1.061183
0.860435
0.955813
0.146332
1.080682
0.023426
1.726705
0.800543
1.847031
0.622359
1.090565
1.046159
1.466999
1.419620
0.813507
0.202114
1.735381
0.118766
1.507794
0.736848
1.478092
1.136437
1.468909
1.458803
0.207158
1.948318
1.079149
0.752855
1.110940
1.333101
1.959083
0.172123
0.193536
0.914896
0.318455
1.274219
0.938322
0.045160
0.074761
0.785353
0.667519
1.165327
1.831513
0.134519
0.584947
0.645019
0.336633
0.320327
0.763785
1.844427
1.057176
0.241877
0.980864
0.526085
1.700680
1.188022
0.474404
0.779829
1.940876
1.585343
0.112931
1.899960
1.757466
0.306467
0.814856
0.075921
1.580686
1.753178
0.121081
1.655447
0.538531
0.788600
0.820774
0.370044
0.923119
1.405721
1.015063
1.259752
1.726048
1.778848
1.104179
0.783224
0.020726
0.085043
1.309309
1.721406
1.273064
1.783713
0.501235
1.213941
1.369056
0.614166
1.113900
1.126522
0.920633
1.928756
1.202443
0.501319
1.681934
1.323524
0.156767
0.220465
0.112125
0.977541
0.590509
1.035244
0.383261
1.605572
0.294996
0.109309
1.384420
1.399174
0.892533
1.405146
1.484217
0.201842
1.126552
0.757281
1.985555
1.627787
1.971222
1.354611
0.241954
1.085123
0.481133
1.162587
1.013879
1.683576
1.663906
0.695813
1.007101
1.820673
0.916278
1.119225
0.798213
1.506787
0.154469
1.181475
1.112359
0.449465
1.290784
0.496779
1.848639
0.183317
1.901925
1.332856
0.385159
1.028478
0.090137
0.370714
0.656265
0.061359
1.725324
0.898219
1.146482
0.206457
0.060806
0.160361
1.890034
1.724712
0.856174
0.897135
1.545384
1.772452
0.016360
0.343598
1.279239
0.170829
1.525072
0.391598
0.620294
0.815856
0.888377
0.468933
0.999173
0.790302
1.801789
1.384332
1.818780
1.891927
1.755046
0.475045
1.953286
1.480370
1.373264
1.099768
1.686828
1.434069
1.260129
1.576862
1.158781
0.116303
0.473996
0.704165
1.888754
0.490356
1.047763
1.167993
0.661186
0.572835
1.559591
1.281480
1.388691
0.447968
1.750413
0.387865
1.238270
1.552203
1.772197
1.057050
1.444129
1.527242
1.532095
1.397416
1.007613
0.905358
0.497184
0.694440
0.339427
1.757313
0.271302
1.498208
1.873615
0.745298
0.202373
1.762370
1.235655
1.250136
0.930363
1.896840
1.822972
0.489953
1.178320
1.211663
0.937921
0.928734
1.599528
0.176191
0.480937
1.371724
1.233241
1.925066
0.898967
0.765335
1.322482
1.906579
1.670694
1.819665
0.601020
0.010121
1.576978
0.872322
1.508329
1.450593
1.617620
1.710702
1.212963
0.853275
0.960839
0.143325
0.750115
0.783810
0.633279
1.928436
1.995473
1.571200
0.857170
1.595001
1.747390
1.338106
0.966725
0.980631
1.263172
1.865692
1.745966
0.585654
1.772271
1.416660
0.405320
0.373291
1.426781
1.982298
1.245613
0.935110
1.432891
0.863233
0.645812
0.645854
1.716507
1.606651
0.789179
0.466622
0.390461
1.422458
0.395058
0.385935
0.993657
1.252228
1.980936
0.741048
0.590334
0.947661
1.721678
1.853506
0.813353
1.467645
0.439160
0.585625
0.884304
0.844480
0.958916
0.311085
0.826778
0.204528
1.246195
0.259668
1.067761
1.892007
0.905522
0.784269
1.498658
1.694701
1.250891
1.889120
1.117158
1.645949
0.275055
0.110816
0.898177
0.255990
0.851863
1.488511
1.203652
0.573542
1.342017
0.017005
0.041186
1.781177
0.602629
0.925491
0.625657
1.561545
1.236576
1.452435
1.766074
0.482771
1.712103
0.833835
0.374779
0.617625
1.618103
1.873437
0.312326
0.868994
1.762557
1.429484
0.514944
0.037611
1.540300
1.413120
0.293602
0.392163
0.901631
1.497254
0.965705
0.243648
1.514258
1.006891
0.024825
0.116888
1.932382
0.650483
1.678433
1.168958
0.102918
1.444506
1.651729
1.815021
0.278341
0.026508
0.432646
1.896444
1.899945
0.744972
0.765439
1.662502
0.174456
1.280383
1.700113
1.714756
0.693503
1.993715
0.106919
1.595134
1.490969
1.072624
1.838782
1.005227
0.079515
1.863607
1.122115
0.011898
0.514090
0.800547
1.180856
0.617007
0.245054
0.832585
0.432028
0.523395
0.859093
0.864674
0.419839
0.759038
1.609646
1.185278
0.421539
1.784102
0.465661
0.121652
1.498858
1.159164
0.115368
1.605777
0.754298
1.606336
0.678401
0.593080
0.611563
0.757917
0.456687
1.733678
0.769814
0.970777
0.534225
1.950670
1.587784
0.779279
0.783255
0.019812
1.302674
1.642348
0.884487
1.722513
0.401385
0.494132
0.907791
0.822925
0.278234
1.373452
0.944577
1.777092
0.532615
1.059945
1.382870
1.286913
0.666281
0.061271
1.879993
1.277844
0.819188
0.336680
1.011521
1.589002
1.307456
1.545746
1.539673
0.895241
0.325025
0.322927
0.915053
1.627699
1.965275
1.799540
1.350212
0.366660
0.293672
0.258003
1.189585
0.571906
1.631455
0.134162
0.348999
0.164070
1.194107
1.731869
1.450983
1.860387
1.793140
1.330976
1.138231
0.612328
1.667656
0.149752
0.201330
0.975112
1.695498
1.741003
1.870353
0.020523
0.063930
0.785406
1.648222
0.029206
0.584945
0.998434
0.395866
0.878617
1.256437
1.585451
1.450524
0.887892
1.719613
1.799523
1.051963
0.913719
1.531391
0.502946
0.774107
1.324531
1.833922
1.912337
1.936859
1.501578
0.062089
0.138189
0.476690
1.757588
1.879192
0.347043
1.778111
1.943123
1.132449
1.426333
1.972328
1.717394
0.424768
0.368194
0.596012
1.681205
1.953645
0.046535
0.569098
1.673258
1.846058
1.621060
0.586977
1.377449
0.124006
1.361084
0.701980
1.957928
1.273421
0.638839
1.459506
1.335510
0.777028
1.936196
1.093098
0.656221
0.283239
0.871209
0.599343
1.415688
0.297542
0.571672
1.133082
0.722310
0.939866
1.729094
0.403515
0.893511
1.775629
0.972613
0.566768
1.621687
0.593673
1.153745
0.999136
0.717679
0.514829
1.701116
0.675608
1.788250
0.339955
0.135113
1.123760
1.116984
0.071310
0.216858
1.773205
0.354549
1.088067
0.372548
1.770236
1.385609
0.944219
0.903319
0.107919
1.884085
0.632412
0.511434
0.777596
0.408041
1.484047
1.344364
0.029728
0.077721
0.498109
1.028864
0.795400
1.012938
0.729980
1.471007
0.801188
1.069935
1.606121
1.924949
0.186919
1.677430
0.141807
1.960124
0.031979
1.229873
0.332672
1.802215
0.615482
1.276891
0.705534
0.723401
1.160976
1.337946
1.234835
1.938572
1.745987
0.718882
1.282936
1.775715
0.796603
1.781045
0.804578
1.592003
0.793984
1.534558
1.063010
1.595172
0.604494
0.669131
1.520121
0.791413
0.346561
1.661927
0.751536
0.378540
0.891801
1.084208
0.180756
1.507283
0.361099
0.886290
0.230683
1.522075
0.224236
1.465518
1.460647
1.970223
0.184401
0.743583
1.745937
0.981003
0.524628
0.550516
0.573006
1.318612
0.085074
1.636016
0.913784
0.689568
0.305147
0.433905
1.480981
0.651708
0.095833
0.232517
1.030248
0.987633
1.316725
1.211004
0.494916
1.677824
0.097293
0.725599
1.199900
0.321529
0.191118
0.660547
0.291752
0.375519
1.404130
0.037689
1.356522
1.928758
0.588205
1.929528
1.247370
0.673279
1.565544
0.161155
1.362847
1.870691
0.595060
0.843828
0.522399
0.690892
1.076345
1.552647
1.678526
0.393070
0.763651
0.173442
0.070894
0.860944
0.899041
1.270794
1.182473
1.090159
1.931340
1.474225
1.465678
1.335470
1.511914
0.822200
1.264228
0.100119
0.751728
0.511599
0.773398
0.317272
0.672753
0.136245
0.187962
1.267813
0.980073
0.710361
1.958705
0.056418
0.263008
1.637231
0.449487
1.026659
1.810673
0.520382
1.887603
0.709714
1.791175
1.070076
1.799873
1.722515
0.544300
1.265550
1.057986
0.056214
0.087750
0.322214
0.156332
0.839477
0.833813
0.929730
1.156749
1.506566
1.065975
1.344711
0.774379
0.046048
0.055072
0.733085
0.102466
0.318081
0.370315
0.551953
1.344740
0.180988
1.072335
1.232343
0.890702
0.863510
0.302419
0.690574
0.586025
0.846719
1.956124
1.644011
0.902933
0.043874
1.966225
1.059266
0.883351
0.800038
1.988996
0.040100
0.306604
1.054971
1.384811
1.080984
1.101019
1.439884
1.814068
1.203485
1.757964
0.184384
1.755438
1.102704
0.365372
0.827773
0.335047
1.256073
1.691283
0.637465
1.946647
0.277308
1.484185
1.902772
1.921319
0.387118
1.946646
1.887544
1.446383
0.829997
0.687583
1.435379
0.870097
0.994187
0.490350
0.254908
0.075170
1.591370
1.694792
1.889238
0.794855
1.452756
0.073622
0.550293
0.555460
0.438994
1.378066
0.890507
1.695067
1.069349
1.527972
1.641714
1.346657
1.012157
1.544486
1.267977
1.399274
1.491132
1.155521
0.845658
0.321129
1.843104
0.281037
1.191226
0.837291
0.771387
1.446134
0.912461
0.362756
1.140926
0.801700
1.157611
0.593682
0.875322
1.707904
1.149142
1.314315
1.085970
0.039649
1.009382
0.155319
1.567621
0.651097
1.501976
0.579778
0.195583
0.769953
1.979052
1.686715
1.925474
0.824710
0.007844
1.768578
1.105747
1.199070
0.605868
1.877133
0.645204
1.518329
0.239890
1.786130
0.320029
1.397501
0.379812
1.195350
1.105405
1.528954
0.509666
0.191375
1.568603
1.519048
0.346694
1.136224
0.170144
1.848670
1.716002
0.365727
0.618623
1.695054
0.052442
0.544097
0.519764
0.060286
0.312675
1.625511
1.259356
0.918543
1.502644
1.904560
0.436872
1.742534
1.690690
0.756901
1.140035
0.070501
1.952251
0.245440
1.599455
0.461917
0.436815
1.168058
1.980965
0.783509
0.304281
0.151109
0.632179
0.020283
0.516836
1.250802
1.715337
0.569279
1.794899
0.235101
0.629565
0.107574
1.860612
1.888921
1.026117
1.363256
1.793481
1.462990
1.105790
1.484171
0.219891
0.245824
1.554672
0.172142
0.491264
1.154127
0.634059
0.928079
0.322185
0.615023
1.711588
0.626466
0.766133
0.343767
0.646749
1.282969
1.594569
0.362087
1.852248
1.389468
0.597188
0.481813
1.497043
0.457800
0.370734
0.523160
1.821056
0.164215
1.986150
0.926846
1.648385
0.206040
1.172670
1.203057
0.378182
1.663934
0.357184
1.012241
0.592013
0.679369
1.627264
0.303601
1.305835
0.393397
0.647367
1.952585
1.676366
0.241936
0.314672
1.528613
1.631404
0.911860
0.010426
1.128447
1.369660
0.381160
1.651607
1.190716
0.545374
1.637756
0.117561
0.193760
1.843796
1.290231
1.396817
0.221978
0.954166
1.754001
1.234219
1.546179
0.433371
0.861484
1.849779
1.739206
1.254881
0.497146
1.691791
0.931247
0.739082
0.006462
0.459860
0.370486
0.918322
0.470286
1.498933
0.287982
0.851446
1.150540
1.478698
1.396820
0.788296
1.596259
1.590579
0.632093
0.886490
0.987396
0.854071
1.840656
0.741398
0.088291
1.386834
1.174768
0.949774
1.236614
0.913974
0.204655
1.733760
0.605765
1.135902
0.472842
0.612227
1.595761
0.843328
1.530549
0.066047
0.342262
1.818531
0.917493
1.492802
1.297229
0.314313
0.281098
0.893488
1.904892
0.913190
1.779978
0.892288
1.767262
1.620634
1.633686
1.855552
1.007469
0.808454
0.805326
0.244082
1.722429
1.009981
1.977842
0.328194
0.145883
0.450684
0.940421
1.741644
1.294012
0.470971
1.807692
1.636274
0.289502
0.725185
1.129076
1.586731
1.039497
1.410174
0.480219
0.944389
0.323364
0.260197
1.836678
0.090626
1.880831
1.470364
1.946178
0.888300
0.278818
0.751504
1.132382
0.001246
1.761486
1.110224
0.329440
1.907369
1.560908
1.269861
1.649013
0.854920
1.740832
1.456705
0.491194
0.030334
0.181889
1.620270
1.617065
1.221387
1.030444
0.097284
0.165776
1.353808
0.357481
0.002454
1.444434
0.238312
1.472817
1.390612
1.126611
1.751635
0.142116
0.258993
1.752881
1.903602
1.369217
0.082322
1.810970
0.930124
1.352183
1.459983
1.785045
1.093015
0.916688
0.276239
1.123349
1.098578
1.896509
0.740414
0.319964
0.926953
0.837697
0.485740
0.280761
1.195178
0.488194
1.725195
1.433490
1.961011
1.115807
0.560101
1.712646
1.257923
0.819094
1.465527
1.161525
0.188311
1.547849
0.972495
1.118435
0.900031
0.432478
0.903480
1.993046
1.349167
1.179718
1.116395
0.447744
1.076227
1.856809
0.767709
0.003180
0.694507
1.253449
0.283941
1.889685
1.741643
0.009135
1.323174
1.702653
1.124942
1.883275
1.415299
0.382865
0.702369
0.880826
1.544389
0.890680
0.428675
0.516884
0.009115
1.328706
0.949363
0.912595
1.321752
0.298529
0.092313
0.438148
0.746273
1.168540
0.294957
1.513982
1.171720
0.989463
0.767431
1.455661
0.879148
0.509073
1.464796
0.202322
0.211727
0.589738
0.085597
1.627026
0.972603
0.787966
0.507852
0.516992
1.678646
0.936527
1.033876
1.687761
0.265233
1.983239
0.600356
1.586985
0.281768
0.692669
0.025133
1.028041
1.861209
0.320090
0.542023
1.032930
1.309553
1.309454
0.488591
0.188701
1.818527
1.953387
0.391023
0.030254
0.543126
0.476620
1.657280
1.515729
1.264587
0.165132
0.032721
0.943233
1.101659
1.066597
0.630994
1.366891
1.049836
1.231349
0.953876
1.331603
1.924018
0.979009
0.359645
1.785228
1.299099
0.901668
0.818158
0.608652
0.211122
1.306749
0.797353
0.029649
1.260136
1.188376
0.059903
1.803261
1.664996
1.717183
1.318990
0.929583
1.882315
1.351711
1.872816
0.983973
0.418308
0.503810
0.350865
1.468143
1.735159
1.304741
0.799747
1.659178
0.283750
1.159391
1.444405
1.582849
0.061059
0.262563
0.191500
0.272181
1.569312
0.988853
0.301830
0.829447
0.177229
0.361733
0.632709
1.842226
0.078915
1.951699
0.771809
1.961230
1.303410
0.644625
0.945203
1.721717
1.148435
1.296068
1.189861
0.883594
0.600809
1.989607
0.542771
0.884559
1.148999
1.987177
0.467407
1.210058
0.249740
0.658908
1.482239
1.819052
1.647761
1.784069
0.648499
1.824990
0.145801
1.281208
1.667216
0.224717
1.232907
0.439025
0.185947
0.536317
1.083650
1.131150
0.258034
0.232084
0.427218
1.447895
1.115678
1.028026
1.437502
1.658449
1.912585
0.586501
1.645626
0.379992
1.796559
1.895366
1.038900
1.278799
1.714418
0.686661
1.062867
0.362917
0.511651
1.208669
1.644125
0.178867
1.433386
0.877032
0.617892
1.619332
1.413348
1.701542
0.750482
1.671383
1.933627
1.177699
1.119278
1.049305
0.205726
0.556780
0.707754
0.118310
1.143281
0.353381
0.498302
0.939841
0.248747
1.537202
0.218639
1.963165
0.223863
1.281507
0.326081
0.735515
0.490176
1.970206
0.914382
1.923561
0.847238
1.532274
1.542893
0.260586
1.233817
0.293375
1.931969
1.167443
1.471075
1.051246
0.216748
1.676800
1.608026
0.924503
1.795111
0.751307
1.277883
0.293413
1.691148
1.526630
1.830615
1.909787
1.489795
0.054479
1.191294
1.815876
0.789993
1.681469
1.786082
1.704375
1.605031
0.633320
1.236649
1.147924
0.893906
0.470466
1.441299
0.825875
1.637910
0.912374
1.877122
1.854658
0.589174
1.485148
0.779160
0.384285
0.236455
0.057044
0.677698
1.927603
1.583674
0.508313
1.837391
1.073469
0.562792
1.028685
0.889345
1.352785
0.710154
0.675427
1.057160
0.315185
1.308748
0.293810
1.463108
0.202654
0.764276
0.904407
1.028529
0.402185
1.816781
0.905651
0.256843
0.405955
0.390799
1.036003
0.790239
0.627254
1.093047
1.467937
0.554857
0.676721
1.976250
0.392248
1.750190
0.539042
1.420933
0.639535
1.891827
0.131087
1.314962
0.948987
0.446271
0.623710
1.242796
1.909380
0.826364
0.007072
0.813787
1.854893
0.409257
0.630568
0.760544
0.666100
1.036522
1.151342
1.702104
1.826761
1.778596
0.795151
1.294698
0.333454
1.471872
1.270948
0.725702
1.222062
1.809990
0.146635
1.861597
1.701817
0.277721
1.176559
0.650804
0.723993
1.800269
1.893600
0.633372
0.626632
1.900673
1.447159
0.481525
0.309930
0.077727
1.242069
0.976030
1.114249
0.393411
0.678134
0.941011
0.172008
1.473284
0.235709
0.505462
0.945156
1.506657
1.231164
0.167218
1.316647
1.377798
0.028814
1.018464
1.655520
1.205373
1.669268
0.379512
1.005642
1.562869
1.012885
1.632274
1.463541
0.460044
0.113799
1.773471
0.537771
1.355868
0.749501
1.652020
1.749280
1.427634
0.593031
1.921288
0.900919
0.828740
0.426749
1.846075
0.335397
1.657913
0.013293
1.652045
1.035711
0.042107
0.670509
0.691231
1.247480
0.339777
1.070743
0.253122
1.902646
0.083628
1.885396
1.366187
0.543672
1.999196
1.139658
1.081443
1.355064
1.889158
0.733463
1.104344
1.316793
1.326494
1.025631
0.217712
0.155234
1.452381
0.063787
0.490632
1.110294
0.077079
0.142677
0.146005
0.119187
0.813186
0.837236
1.366667
1.152963
1.907979
1.619789
1.055608
1.991606
1.505186
0.421795
0.535278
1.504382
1.561453
1.616721
0.859446
1.450611
0.350184
1.963790
0.767404
1.676678
0.989421
0.985115
1.831913
0.441802
1.048902
0.322545
1.552095
1.125981
0.465221
1.698100
1.245168
1.278407
0.535336
0.611835
0.431369
0.443315
0.231624
1.486978
0.434921
1.736810
1.908773
0.970199
1.241191
1.470226
0.586920
0.100637
0.920837
0.937104
0.064427
1.688241
0.613783
1.053848
0.673356
0.445696
1.495649
1.722258
0.768240
1.047745
0.848239
1.233461
0.745845
0.093407
0.511868
1.281181
0.705242
0.943238
1.724496
0.936866
0.430216
0.159417
0.673676
0.338989
1.129616
1.914867
1.809214
1.716536
0.015504
0.730051
0.653641
0.079931
0.418292
1.267423
1.133778
1.091648
1.713119
0.629428
0.813906
0.481359
1.677172
1.662146
1.714820
0.423018
1.755553
0.226688
1.704199
0.460795
1.169926
1.428695
1.397661
1.600142
1.588112
0.071336
1.939130
0.717728
1.986203
1.748345
0.434264
0.001707
0.478396
1.087905
0.081638
0.896688
0.355328
1.215416
1.988336
0.068447
1.844844
0.802242
0.549805
1.522016
0.464387
0.264626
1.945034
0.219940
0.491314
1.649233
0.680735
1.661240
1.077928
0.078396
1.261382
0.666039
0.149732
1.200512
1.383767
0.135936
0.948856
1.818032
0.137643
1.427252
0.905936
0.219281
0.323940
1.261264
1.434697
0.312276
1.329711
1.279541
1.114517
1.879516
0.801557
1.578905
0.144142
0.746591
1.798845
0.635456
0.395823
0.479580
0.296696
1.473751
0.557976
1.558078
0.139790
0.707708
0.758590
1.523558
0.843644
1.707446
1.341589
0.981287
1.134698
0.247526
1.200568
1.458638
1.508790
0.635265
1.770914
0.838501
1.914806
0.885431
0.718018
0.716363
0.464336
0.862160
1.462953
0.263182
1.497616
1.858777
0.742762
1.794312
1.332528
1.300738
1.352390
1.472318
0.008446
0.110980
0.995876
0.852090
1.818426
0.337465
1.833377
0.953124
0.584991
1.033945
0.411763
0.093781
1.669211
0.182677
0.932282
1.584017
1.068108
1.650300
0.300379
1.532445
0.512460
1.763333
1.795626
0.010075
1.622110
0.538388
1.804388
0.954637
1.839126
1.156778
0.426955
1.847572
1.267758
1.422830
0.699662
1.086184
1.760296
0.533039
0.039308
0.345286
1.566984
0.451071
0.439067
1.236194
0.633748
1.371350
0.820211
1.701856
1.021650
1.120590
1.234300
1.534109
0.883923
1.029927
1.544185
0.506033
1.568315
1.348572
1.460670
1.407440
0.505350
1.887625
1.255012
1.773107
1.310455
1.954673
0.859291
1.070751
0.487712
0.898599
1.416037
0.054696
1.349670
1.855105
1.290890
1.983418
1.226454
0.111101
1.685273
0.248104
1.231691
0.919574
1.782213
0.115615
1.949501
1.326398
0.621648
1.517815
0.674970
0.082318
0.925255
1.180320
1.969942
0.180267
0.953428
1.280398
0.134941
1.812719
0.351149
0.622653
0.711318
1.767186
0.677349
0.060988
1.622291
1.968239
0.044405
0.848745
0.079340
1.729679
1.096849
1.311031
0.649253
0.879062
1.426646
0.598753
0.205460
0.048293
0.116569
0.880431
0.130611
1.041824
0.060751
0.100554
1.222092
1.014178
1.380951
1.357032
0.826897
1.732100
1.979685
1.538215
1.499286
0.657034
1.599203
1.121576
0.625272
1.643608
1.970321
0.704612
1.373287
1.067171
0.015643
0.022540
1.946233
1.442289
0.621294
0.151693
1.490582
0.737862
1.032124
1.621193
1.779686
1.092875
1.721747
1.001778
0.107053
1.102698
0.358810
0.933950
0.834798
0.338495
0.472166
0.334084
0.995529
0.071368
1.455660
1.620801
1.714977
1.425982
0.325413
1.088264
0.493152
0.341056
1.110804
0.439385
1.783345
1.732098
0.591079
1.273927
0.469960
1.623203
0.895120
0.249647
0.716077
0.616867
1.251425
0.823131
1.719565
1.610235
1.757081
0.554363
1.948731
0.229247
0.888447
0.944260
0.300615
0.344107
0.565061
0.015592
1.770089
0.890474
1.103856
0.263241
1.231530
0.214660
0.702627
1.014875
1.946758
1.293705
0.288802
0.416718
0.916908
1.183922
0.666365
1.632985
1.800789
1.917790
0.456116
1.520354
1.528025
0.213197
0.074717
1.476755
0.442444
0.963164
0.421015
0.743059
1.307272
0.986076
0.758651
1.077361
1.876550
1.862507
1.340602
1.108080
0.077167
0.043229
0.122955
0.023925
1.336934
0.411757
0.440643
0.253842
1.595679
1.107008
1.886827
1.396468
1.024798
0.342943
0.916822
0.552823
0.556140
0.991539
0.029578
0.998583
1.954703
0.450593
1.741642
1.261975
1.436669
0.500293
0.339336
1.313220
0.362799
1.679939
0.421300
0.439966
1.723168
0.544255
0.463891
1.060102
0.956012
0.904534
1.313944
0.551691
0.011543
1.200771
1.948159
1.036341
1.543714
0.864980
1.589164
0.099853
1.856519
1.618742
1.098437
1.811223
0.069336
0.840079
1.073198
1.506005
1.340372
1.412535
0.819225
1.703171
1.092473
1.240524
0.143138
0.815641
1.784780
0.607029
1.875743
0.740792
1.511563
1.189686
1.292483
1.523105
0.390457
1.240641
0.559446
1.934171
0.105622
0.148610
0.034024
1.962141
1.767352
1.132461
1.773364
1.836688
1.972540
0.846563
1.342693
1.312912
0.259097
0.161917
1.016084
1.351570
1.402442
1.159221
0.167211
1.187221
1.766250
0.042954
1.928013
1.277813
1.232640
1.220496
0.800919
1.623098
0.461137
1.360365
1.557268
0.566759
1.508975
1.591293
0.528900
1.276327
0.723754
0.302264
1.113014
0.696294
1.148827
0.455707
0.009206
1.407924
0.617624
1.025290
0.759494
0.020066
0.184511
0.926706
1.207287
1.950762
0.969660
1.135300
1.228575
0.202300
0.355796
0.029493
1.825398
0.816933
1.389858
1.382666
1.383691
0.898833
0.973959
1.912592
0.175159
1.697712
0.214856
1.288174
0.394006
1.363683
1.743880
0.403212
0.771607
0.361504
1.428502
1.531102
0.381570
1.613014
0.457807
1.588857
1.563775
1.427467
0.724157
0.792350
1.629767
1.079952
0.821843
1.455165
1.896885
0.211701
0.837831
1.280576
1.110534
1.811790
1.193168
1.285693
1.509502
1.408024
0.573867
1.903509
0.771708
0.317747
0.306721
1.543315
0.679252
1.735223
1.074416
1.060822
1.348237
1.532224
0.649679
0.912013
0.959691
1.373835
1.704363
0.589458
0.453788
0.526206
0.044624
0.350673
0.737907
0.882455
1.631249
1.848441
0.694245
0.824417
1.134135
0.203748
0.232442
1.708001
0.107256
1.004149
0.025749
0.413977
0.547464
0.705000
0.149200
1.621881
1.765822
1.497438
1.154104
0.415500
0.409450
0.113795
1.789336
0.113813
0.703254
0.243123
0.640019
0.747877
0.593796
1.377927
1.630332
0.225045
1.226368
0.324577
1.049463
0.360503
0.528325
1.281905
0.068504
0.635581
0.286054
0.094253
1.049558
0.833518
0.799253
1.198759
0.455399
0.565075
0.696196
1.609503
0.980575
1.105647
1.723299
0.769911
1.219460
0.426552
1.013034
1.859479
1.174430
1.606830
1.237406
0.804762
1.831875
0.463774
1.129339
0.881338
0.824277
1.657664
0.163243
0.892781
0.293245
0.449297
0.987034
1.342803
1.282815
1.786287
0.541562
1.738214
0.351362
1.237758
1.347718
1.331937
0.343405
1.071016
0.101847
1.562865
1.497568
1.114881
1.422344
0.671998
0.721711
0.659750
1.476760
0.553587
1.123524
0.606099
1.434925
1.947801
0.263763
1.598168
0.840582
0.557008
0.047465
1.827616
1.899812
1.330280
1.613903
0.441374
1.068494
1.965265
1.679132
0.416212
1.297201
0.022537
1.487228
1.399049
1.585402
0.984797
0.513930
1.007746
1.656795
1.235641
1.667496
1.133554
1.789227
0.791020
1.739653
1.224152
0.738821
0.003416
0.822320
1.579404
0.560425
0.869785
1.407020
0.460236
0.200065
1.020923
0.901610
1.268559
0.986188
0.580742
1.684771
0.283389
0.603280
1.171999
1.682438
0.188682
0.156796
0.196367
1.196428
1.813590
1.432008
0.863925
0.947145
1.221236
1.654945
0.686798
0.445388
0.393767
0.690214
1.267708
1.973170
1.250639
0.137493
1.380190
1.710875
0.337557
0.401113
0.612485
1.606117
1.387300
1.193227
1.290888
1.670689
1.796507
0.462887
1.353127
1.985189
0.619682
1.549495
1.181618
0.433273
0.981503
0.045542
1.380417
0.202739
1.700488
0.067215
0.648126
0.094254
0.757429
1.915834
0.067424
0.008068
0.053327
1.447614
1.718943
0.390885
1.848727
0.331428
1.997001
1.236027
1.524656
1.287889
0.906717
1.321163
1.750775
0.259844
1.306352
0.370458
1.809339
0.487970
0.803730
0.790841
0.533512
0.184148
0.993580
0.234000
0.251363
1.641706
0.328254
1.008792
1.557541
0.395678
1.016861
1.610868
1.843293
0.735804
0.001752
1.692020
1.067232
1.998753
0.928047
0.591888
1.286642
1.834764
1.913051
1.037418
0.094608
1.219403
1.407875
1.903947
1.707373
0.211606
0.694788
0.240885
0.395754
1.688368
0.474885
0.647116
1.330075
0.803139
1.655909
0.887616
1.198817
0.672769
0.498483
1.042110
1.408573
0.500236
0.734130
0.475805
0.498989
1.662177
1.067693
1.785631
1.496942
0.980744
0.823049
1.591550
0.200147
0.230924
1.495497
1.907520
0.442530
0.190285
0.148405
0.838284
1.878654
0.623290
1.485400
1.208728
1.426429
1.141309
0.096344
0.625246
1.814078
0.594827
1.667357
1.222651
1.095063
0.401486
1.698457
1.594052
0.063664
0.766150
1.379683
1.560605
1.746894
0.202732
1.152155
1.947041
0.433656
0.647652
1.854562
0.876186
0.837937
0.002967
1.714470
0.716591
0.626257
1.199870
1.925319
0.052686
0.341179
0.021663
0.677933
0.155257
0.616490
0.345289
1.377908
1.711553
0.746776
1.076365
1.305605
0.810439
1.842515
0.685289
0.371045
1.589409
0.888021
1.523200
1.536450
1.321677
0.170852
1.391012
0.197864
1.008789
1.393979
1.912334
1.725380
0.020236
1.112204
1.650699
0.072922
1.453383
1.672363
0.750855
1.608640
0.288853
1.096144
0.986548
0.000406
1.842920
0.062913
1.306011
0.653359
1.905428
1.991300
1.024404
1.494838
0.879321
0.547604
1.031288
0.200998
0.718455
0.422300
0.398862
1.727245
1.816279
0.311196
1.452625
1.836515
1.423400
1.103324
1.909437
0.876783
0.775687
0.660291
0.485423
1.064540
1.756435
1.471972
1.064946
1.599355
1.534885
0.370957
0.252714
1.440314
0.362257
1.277117
0.935151
1.241578
1.824721
1.966439
1.442576
0.543176
0.388739
1.841438
0.270421
0.205018
0.152635
1.723046
0.041532
1.576035
0.826370
1.950969
0.452819
1.602057
0.611260
0.938242
0.666597
0.367695
0.410213
1.731542
1.967050
1.945098
0.102499
0.219764
1.385412
0.464756
1.496881
0.320563
1.706334
1.321602
0.287002
1.148910
1.864778
0.675741
0.990348
0.135200
0.880759
1.142983
1.858245
0.922291
0.719018
0.684616
0.873260
1.171837
0.286673
1.484520
0.110079
0.953270
1.852215
0.520292
0.684812
1.819265
0.465391
0.787311
0.039029
1.850803
1.252067
1.535910
0.171366
0.958401
0.857512
0.458368
0.107310
0.722290
1.134109
1.097658
0.857489
0.014868
0.240641
0.715735
0.937159
0.959660
1.400351
1.810419
0.131497
1.687023
1.294939
0.241575
0.640293
1.147154
0.761867
1.325105
0.966419
1.227258
0.112416
1.005448
1.078060
1.364483
0.541357
1.249426
0.322883
1.398869
1.707794
0.430194
0.121159
0.841903
1.527852
0.978648
0.856770
1.768493
1.694383
1.793929
0.728153
1.094734
1.604348
0.859650
0.781757
0.899287
1.101225
1.422050
0.046441
1.863092
0.747155
1.012860
1.090350
0.859571
0.018308
0.168410
0.224054
0.559665
1.417836
0.546937
1.958534
1.125630
0.977131
0.079693
1.967533
0.504983
1.058341
0.824303
0.273476
0.752725
0.618232
1.001629
1.847459
0.222580
1.861279
0.629216
1.121867
0.962504
0.051267
1.168308
0.825596
0.798422
0.181168
1.915946
1.657993
0.199476
0.084356
1.882047
0.759141
1.502193
0.428984
0.717675
0.627823
1.406115
0.797368
0.595356
1.911098
1.855710
1.419658
0.184574
0.608434
0.037890
1.186203
0.455893
0.260470
1.047482
1.085109
1.382337
0.009986
1.136375
0.550645
0.835582
1.934797
0.731812
0.751528
1.592790
0.931288
0.835885
1.474837
1.690429
0.338078
1.903822
0.408104
0.965901
1.309937
1.205472
1.561256
1.221035
1.061182
0.980914
1.405609
1.669616
1.018805
0.591812
0.125509
1.279275
1.639294
1.210618
0.661612
1.649280
0.346993
1.212257
0.484863
0.281790
1.944069
1.236391
1.874581
0.875357
0.072276
1.349418
0.565786
0.410353
1.253240
0.973890
1.376254
0.563177
0.179362
0.937510
1.784212
1.240544
1.918424
1.189821
0.910160
0.937229
1.781633
1.035669
0.216504
1.420927
0.246286
0.878116
1.070208
0.593279
0.090373
1.555070
0.875070
0.034441
0.791461
0.749650
0.909798
0.863737
0.099069
1.475584
1.274090
1.352309
0.449475
0.650344
1.915486
0.628837
1.587854
1.699698
1.869381
1.506278
0.889518
0.779541
0.443507
0.671151
1.815209
0.660011
0.092078
0.061495
1.538127
1.162286
0.654774
1.628500
0.717356
1.529844
1.662941
1.508817
0.279494
0.572740
0.372554
0.378563
0.048324
1.646644
1.730872
0.497799
0.296989
1.646358
1.126636
1.884843
1.346055
0.996016
1.391121
0.235573
1.775557
1.834628
0.906725
1.590766
0.494640
0.998803
1.652261
0.032767
0.161088
0.307035
1.661267
0.878444
1.836879
1.324209
0.387262
0.116373
1.896949
0.759816
0.494936
1.945273
0.406460
0.225808
0.443072
0.703449
1.872166
1.569707
0.588292
1.218221
0.565724
1.979413
1.453795
0.341281
1.814041
0.360519
1.932047
0.308681
1.359322
1.584308
0.341448
1.520410
1.891343
0.002716
0.398854
1.728222
1.326924
0.786116
1.844596
1.223873
1.545932
0.339532
1.169146
1.952392
0.565340
1.612217
0.655841
0.437506
1.181925
1.244132
1.655727
1.747648
1.223545
1.109522
0.088929
1.037586
1.470041
0.020975
1.346267
0.829363
1.605283
1.687715
0.349773
1.496626
1.690431
0.748627
1.224848
1.017355
1.534743
1.069444
0.241228
1.080674
1.408976
1.410374
1.033066
1.974317
1.022591
1.688907
0.411823
0.204516
0.933039
0.067550
1.952165
0.156584
1.177072
0.041093
1.194170
0.647113
0.062069
0.540437
1.476475
1.667352
0.228152
1.826248
1.163978
1.918583
0.574875
0.388826
0.935939
0.109618
1.458270
1.177167
1.190292
0.867247
0.587541
0.223358
0.841563
1.610132
1.912265
1.253386
1.814649
0.845304
1.320937
1.766813
1.001888
0.498009
1.807907
0.196058
1.145122
1.869976
0.736494
0.621597
1.537328
0.964647
0.447845
0.701306
0.883230
1.022720
1.090132
1.819169
1.132338
0.548403
0.996336
0.322630
1.415649
1.583877
0.545988
0.257213
1.194009
0.458253
1.510599
1.008658
1.303558
0.831536
0.775471
0.305446
1.329545
0.583378
0.501503
0.474666
0.453353
1.237998
1.096263
1.990681
0.202644
1.544109
0.691987
1.085874
0.566829
1.782119
0.905043
1.699167
0.330521
1.901378
0.021797
1.746170
1.485255
0.567785
0.003383
0.679264
1.026038
1.513982
1.687922
0.329596
0.345518
0.463393
0.635042
1.675063
1.046771
1.136545
0.149729
1.500124
0.374542
1.245993
1.490805
0.577187
0.790101
0.182791
1.663061
1.356930
1.964910
0.568104
1.056097
0.295431
0.469482
1.077894
0.041601
1.954737
1.645679
0.044985
0.634002
0.671717
1.558967
0.321924
1.001313
1.904485
0.785317
1.636355
1.579548
1.832087
0.772900
1.729277
1.332211
1.147442
0.975270
0.823016
1.724629
1.765371
1.005807
1.387690
1.122302
0.970717
1.955794
0.178398
1.266148
0.425276
1.256292
1.307749
0.380013
0.901971
1.352734
1.014015
1.573688
0.911701
1.335939
0.575001
0.816186
0.121255
0.211356
0.395735
1.953342
0.984256
0.125012
1.285553
0.131698
1.100282
0.108569
1.856326
0.865653
1.114376
1.244016
1.987955
0.085093
1.199810
0.166353
1.351241
1.625086
1.422645
0.658990
0.005100
0.324616
0.011724
1.019115
1.898304
0.923425
0.355053
0.473305
1.739611
0.476308
0.684661
0.135346
0.429651
1.668917
0.260358
1.715204
1.800614
1.360640
1.823773
1.656941
0.226293
0.938149
0.900957
0.214248
1.023242
0.100767
0.380601
0.374483
1.725854
1.803246
1.033473
1.730954
0.127862
1.045197
0.750068
0.026166
1.968622
1.105122
0.499471
1.708233
1.581430
1.184132
1.843579
0.011081
0.853049
0.103937
1.726285
0.653663
1.464577
1.550058
0.310603
1.690869
0.488206
1.211561
1.905117
1.511448
1.312328
0.285718
1.885931
1.038182
0.088964
0.919403
0.769135
0.216826
1.964600
1.519204
0.242992
1.933222
0.624326
0.742463
1.641455
0.205756
1.926595
1.485034
0.216837
0.779643
1.588971
1.943121
1.433306
1.053547
1.493179
1.743910
0.744416
1.981385
0.955470
0.649533
1.492834
0.267798
0.935251
1.378764
1.305980
1.024215
0.298168
0.075116
1.241041
0.262768
1.594319
1.484033
0.195989
0.218645
0.226495
1.837444
0.424401
0.153090
1.322478
0.641237
0.932734
0.911448
0.584359
0.366040
1.964995
0.077537
0.109950
0.709412
0.058923
1.065420
1.358945
1.551756
1.333218
0.294197
0.930520
0.639199
1.318412
1.228688
0.714314
0.559452
1.491456
0.308634
0.043485
1.687445
0.527278
0.269980
1.524889
0.951679
0.423071
0.847367
1.592916
1.355804
1.758815
0.177275
1.721844
1.723810
0.254812
1.831794
0.433222
0.313735
0.897214
1.792168
1.865491
0.230433
0.086364
0.796011
0.869631
1.404776
0.024699
1.583945
1.964228
1.516155
1.892579
0.007713
1.203600
0.419857
0.277694
0.728489
1.371537
0.700764
1.575856
0.964453
0.056569
1.334671
1.141728
1.778413
1.058481
1.396540
1.610207
1.491704
1.710275
0.507421
1.283871
1.575766
0.737854
1.370235
0.371777
1.607485
0.775011
0.396476
1.191430
0.739239
1.912631
1.084009
0.746952
1.116231
1.503867
1.024646
1.844721
0.875403
1.725410
1.420576
1.839856
1.781979
0.755247
0.981584
1.560392
1.813729
0.378125
1.170599
1.305432
0.088400
1.678020
0.589303
1.664166
0.415873
1.959538
0.035943
0.023358
0.734549
0.432419
1.214789
1.473788
0.345050
0.298798
0.220740
1.461282
1.802664
1.245386
1.306002
0.678067
0.970797
0.726579
0.517924
0.752776
1.481826
1.499508
0.313168
1.295554
1.877633
1.483766
0.600986
1.966032
1.161786
1.190290
1.630198
1.577660
1.149828
1.666141
1.601018
1.884377
0.098560
0.815806
1.358165
0.443610
1.114604
1.578906
1.904891
0.917268
0.824292
1.210894
1.595336
1.795089
1.937472
0.113259
0.547865
1.419298
1.612767
0.861032
0.714852
1.490400
0.344798
1.315839
1.456432
1.506585
0.506128
1.086630
1.084244
1.655956
0.752771
0.685262
1.540333
0.851330
1.501068
0.898498
1.294940
0.615672
0.477404
1.199831
1.532941
1.301696
0.410725
1.128277
1.096785
0.348197
1.241536
1.644649
1.767495
0.854303
0.505682
0.482347
0.344703
0.850480
1.798186
1.801136
0.357065
0.304315
0.887766
1.441309
1.960271
1.640536
0.126571
1.500604
0.491867
1.627639
0.399102
1.786807
0.243311
0.876506
0.986638
1.776252
0.178202
1.397363
0.904529
1.274987
1.745560
0.146065
0.919637
1.513055
1.000368
1.425318
1.995403
1.345071
0.275798
1.793589
1.146207
0.632863
0.097904
0.033973
0.074172
0.058174
1.674509
0.200743
1.558779
0.166376
1.828382
1.957881
1.953183
0.071693
0.834387
0.939820
1.847945
1.012590
0.337183
0.752474
0.287577
0.082744
0.898539
1.207214
1.595799
1.898907
0.632532
1.591201
1.243978
0.908330
1.384790
0.390185
1.541194
1.482694
0.424158
1.615365
1.540868
0.098667
1.816108
1.099647
0.265043
1.644490
1.057528
0.218226
1.716183
1.891915
1.158046
1.564128
0.904505
1.495230
0.316602
1.192082
1.577973
1.215141
0.399296
1.173772
1.114047
1.031828
0.764973
0.358026
1.940158
0.149763
0.748211
1.481352
1.632456
1.172369
1.096717
1.173324
1.271036
0.912825
0.272971
1.536079
0.557315
1.330498
1.754305
0.273498
1.222413
0.912351
1.837626
0.126918
0.407580
0.154228
1.319000
1.985553
1.369369
1.718296
1.159325
0.483416
0.750123
1.924298
0.841442
0.690281
0.074061
1.589652
0.171633
1.706517
0.762021
1.268350
0.879842
0.033057
0.181175
1.152813
1.569136
0.738490
0.483311
1.323441
1.011987
1.705725
0.235791
0.849613
1.832643
0.643372
1.003842
1.151643
0.628925
0.373210
0.869939
1.788250
0.856627
1.620062
1.712548
1.698068
0.310343
1.786609
1.287721
0.481976
1.493127
0.049742
1.750326
0.372968
0.082799
1.931500
1.525781
1.651935
0.669990
0.009092
0.975376
1.681978
1.714817
1.211167
0.531591
1.547460
1.854539
1.535433
0.699103
0.483464
1.908643
1.569042
0.271714
0.765270
1.189103
1.984262
0.463338
1.499446
1.770872
1.751059
1.981422
1.263998
1.800801
1.731748
1.636967
1.883600
1.663248
1.162748
1.535535
0.333238
1.171840
0.510911
0.015216
0.886658
1.722078
0.546807
0.434118
1.576617
0.082239
1.133221
0.060081
1.990882
0.702263
0.331795
0.756152
1.891366
0.316057
1.219490
1.390813
0.086929
0.970549
1.372235
1.350927
0.771350
1.103983
0.987894
0.654950
0.767231
0.150642
0.190486
1.100469
1.322482
0.701397
1.115685
0.209140
0.423475
1.662492
0.643258
0.000091
1.744731
1.776479
0.060172
1.735614
0.478741
0.391967
0.491766
0.370108
0.708024
1.711256
1.760920
0.794952
0.681805
1.133155
0.145879
1.453155
0.237138
1.133773
0.108105
1.004369
1.284415
0.298591
0.104838
0.606897
0.999988
1.220523
0.816037
1.423462
0.883015
1.459294
1.423553
0.627747
1.235773
1.483725
0.363360
1.714514
1.875692
0.855126
0.084622
0.583716
0.566382
1.845542
1.378668
1.248186
0.978697
1.524547
0.701341
1.215835
0.658320
0.809447
0.220204
1.942735
1.108037
0.325042
0.549632
0.108025
1.545565
1.365668
1.531487
0.428581
0.824963
0.955040
1.056327
0.060735
0.438766
1.419688
1.775250
0.314458
0.274814
1.859871
0.898173
0.841196
1.705413
0.276841
0.089382
0.684111
1.801388
0.790723
1.899946
0.459708
1.600170
0.120150
0.402443
0.708207
0.445192
0.952075
0.816232
1.990757
0.317743
0.347720
0.419338
1.142705
1.302760
1.475665
1.203441
1.741526
0.895353
0.978691
0.055983
1.170167
0.838562
0.954156
0.011363
0.543975
1.230997
0.100745
1.228086
1.032385
0.891468
1.128032
1.492094
0.491638
1.248182
1.894537
1.199846
1.693374
0.846611
0.016078
1.684131
1.164354
0.363798
0.103469
0.307060
1.666558
1.579134
1.510501
1.408083
0.474487
0.489191
1.464067
1.644654
1.327753
0.418223
1.656017
1.871729
1.649220
1.756762
1.099815
0.681606
0.648230
0.227846
0.173700
1.139868
1.476028
0.068236
0.339714
1.169402
0.914848
0.355792
0.853532
0.079202
0.719590
0.957001
0.386262
0.386147
0.536135
1.896763
1.794231
1.010623
0.385954
1.258297
0.655277
1.713707
1.676520
0.311294
1.585436
1.325741
0.068056
0.685250
0.007347
0.716286
0.913097
0.181047
1.856154
0.389125
0.249283
0.195868
1.558526
1.164131
0.551660
0.412059
1.243333
1.271250
1.369060
1.629595
1.657397
1.905195
1.526358
1.451628
0.915818
1.912312
0.709925
1.571095
1.626019
0.386446
1.882389
1.211454
1.712186
1.950445
1.896704
1.719533
0.666731
0.809801
1.900580
0.522885
1.198925
0.149863
0.718753
0.757452
1.313994
1.270413
1.169510
0.557327
0.541663
0.538570
0.186922
0.199060
0.443765
1.713280
1.650688
1.359583
1.625591
0.360613
0.930678
1.251610
0.747058
0.813068
0.463064
0.459245
0.763513
0.359768
0.178778
1.430244
1.169569
0.079358
1.953128
0.368494
0.229221
0.671881
1.125946
1.543214
1.942294
0.295456
0.100541
0.483957
0.834026
0.287463
0.683017
1.277791
0.000743
0.333704
0.637374
1.626334
0.694317
1.568053
0.877944
1.441375
0.381120
1.341008
1.900620
1.144633
1.700776
0.079398
0.574876
0.870345
0.158755
0.528005
1.238839
0.387976
1.199886
0.364785
1.931190
1.142181
0.660241
0.031731
1.626138
1.494266
0.319194
0.309155
0.772057
0.319937
0.642859
1.409432
1.946271
1.337176
0.977484
0.824214
0.778551
1.358605
0.165222
0.679171
0.503237
1.865998
0.758569
1.078114
0.736343
0.917324
1.606118
1.975182
1.305300
0.806005
0.339966
1.236491
1.948185
1.000207
1.268222
1.574323
0.494473
1.587416
1.883478
1.266531
1.907353
0.526337
0.675963
1.853624
1.863514
1.653447
0.677838
0.642065
1.012052
0.843060
1.321236
1.515289
0.709058
0.079805
0.593402
1.445401
0.997129
0.199521
1.420582
0.302429
1.005525
1.760548
1.538920
0.953711
0.760755
0.807141
0.528034
1.255229
0.394558
0.411512
0.521760
0.301911
0.937849
1.197722
0.155535
0.801362
0.851169
0.833373
1.443427
1.863221
1.676433
0.764663
1.378510
0.385492
0.844468
1.971912
1.830892
1.841597
0.171433
1.251474
0.144026
1.176958
1.012023
1.682946
0.130669
1.772778
0.490087
0.658703
1.028007
0.884645
1.070215
1.549766
1.186556
0.008064
0.747489
1.342091
0.809426
1.598658
0.175464
0.252854
1.461879
1.851898
1.017517
0.840389
0.237389
1.861985
0.812301
0.068281
1.703582
0.983734
1.319755
1.847609
0.160693
0.331778
1.530554
0.291362
0.104556
0.020641
0.950065
1.132562
0.905286
0.020280
0.682329
0.091842
0.028343
1.429818
1.433933
0.837770
1.028476
1.609398
1.090623
0.490355
1.461295
0.108140
1.330743
1.698685
1.970126
0.143044
1.766966
1.673708
1.126779
1.086721
1.521317
1.287471
1.418499
1.051871
1.578833
1.523055
1.072512
0.528898
0.655617
1.977799
0.549177
1.337946
0.069641
0.577520
0.767764
1.503574
1.415290
1.796240
1.112972
0.505913
0.286594
0.574267
0.614053
1.617338
0.272951
0.584179
1.760382
0.039917
0.257887
0.887160
1.126638
1.779204
0.174632
0.545138
0.831075
1.753464
0.068192
1.903587
0.282362
0.723810
1.881386
0.831539
0.061756
1.951027
1.409060
0.829520
1.454601
0.824349
0.625760
0.567572
1.330263
0.912354
1.141839
1.944316
0.529691
1.414791
0.528495
0.290073
1.454708
0.786382
1.177234
0.581346
0.565586
1.351865
1.126484
1.396661
1.105330
1.194676
1.300248
1.387692
1.918486
1.181634
0.219231
1.980242
1.132661
1.628290
0.809763
0.587262
0.452640
1.435522
1.154834
1.782902
0.347876
0.296673
1.727218
0.877567
1.711464
0.255713
1.167640
1.166172
1.042095
0.344874
1.747518
1.607682
1.696739
0.874002
1.004343
0.802069
0.068678
0.304591
0.189761
1.987164
1.486225
0.408992
1.967406
0.618886
0.037282
0.777169
1.206148
0.489922
0.212691
0.360982
0.272824
0.560567
0.657655
0.000043
1.438134
0.369119
0.255756
0.605775
1.535291
1.297851
0.950649
1.282809
0.905533
0.647388
0.156810
1.909875
1.449457
0.225488
0.214466
1.639218
0.212652
1.700692
0.048209
0.180059
0.319578
0.085491
0.957228
1.525725
0.575413
1.169919
1.886707
0.848237
1.730486
0.544362
0.848280
1.168620
0.913481
1.104035
1.774394
0.448772
0.401887
0.725043
1.731581
1.307419
1.372431
1.888391
1.217295
0.821888
0.113879
1.431761
0.461105
0.326531
1.132453
0.509315
0.506590
1.452031
0.594806
1.463818
0.977756
1.170219
0.633736
0.864463
0.018456
0.364222
1.408825
0.866735
1.532842
0.322306
1.970771
1.307236
0.771078
0.372657
0.032279
0.502659
1.680077
1.404710
0.391050
0.897372
0.226598
0.504929
0.329133
0.687703
0.831460
1.461586
1.197018
1.338050
0.913617
1.791824
0.801868
1.891373
0.962042
1.435604
0.755836
0.980498
1.799826
0.164662
1.847233
1.332668
0.486968
1.818004
0.639904
1.258046
0.190661
0.672183
1.760705
1.870738
0.076893
0.151755
0.768110
0.303491
0.656684
1.097244
0.991194
1.488144
0.558830
0.188212
0.826194
1.472447
1.980036
1.628062
1.363820
0.942078
1.063666
0.119656
1.922576
0.863492
0.284318
1.769809
0.196160
0.771286
1.587813
0.836064
0.029332
1.778475
1.508247
1.790038
1.649213
1.585140
1.941793
0.417324
1.888631
0.598477
1.514567
0.879825
0.086621
0.073397
1.068038
0.912815
1.545844
1.048074
0.540877
0.909664
1.990152
1.604543
1.029320
1.912728
0.468035
1.313638
1.682537
0.664194
0.084924
1.270351
1.500258
0.114257
1.048825
1.008505
1.904294
0.698039
0.593645
1.846087
1.115362
0.482276
0.444564
0.629929
1.362102
0.531184
0.703326
0.430139
1.443999
0.249170
1.478213
1.984876
1.158834
1.468365
1.589418
0.188155
1.381093
0.057453
1.501793
1.063630
0.721647
1.586718
0.333980
0.221905
1.700974
1.382806
1.230410
1.605269
0.080845
1.824055
1.451356
1.196207
0.306331
1.895919
1.826136
1.668432
0.427104
0.529463
0.098572
1.871103
0.778633
1.576785
1.855978
1.937468
1.045150
1.445396
0.125622
0.426242
1.502849
1.627415
1.489872
0.224496
1.214133
1.823853
0.446401
0.915107
1.206659
1.676811
0.520376
1.287503
1.500865
1.971732
0.483711
1.807196
1.867651
0.309847
1.475629
0.294755
0.839310
1.574200
0.165858
1.617943
1.150985
0.021836
1.555411
0.196135
1.467232
1.681033
0.622377
0.970081
1.308448
0.112249
1.194576
0.522581
1.936102
1.640977
1.437689
1.142761
1.317788
1.958065
0.430264
0.818653
1.929797
0.913975
0.625849
1.797448
1.223822
0.101478
0.092203
0.063131
1.675678
0.258061
1.681074
0.826664
0.279896
1.236485
1.022798
1.747128
0.917518
1.645175
0.717209
0.225966
1.757425
1.911785
0.748548
1.693527
1.552763
0.186236
0.836287
0.870550
0.144301
1.266551
1.689203
0.074098
0.180526
0.315052
1.871546
1.404347
0.416530
1.963750
1.467479
0.092209
0.221810
1.148553
0.918872
0.501707
0.385038
1.941670
0.248835
1.302556
1.586846
0.966044
1.528522
1.344271
0.877830
0.277070
1.037797
0.430592
0.463306
1.874085
1.301142
0.607607
1.140636
0.990345
0.681706
1.321162
1.305398
0.553252
0.725509
1.721928
0.517002
0.192988
1.814137
0.738812
1.341541
0.733009
1.240519
1.726579
0.674679
1.489354
1.029135
0.261525
0.455398
0.557657
1.605796
1.333228
0.834726
0.643593
1.763820
1.298033
0.517678
1.064962
1.905640
1.658313
0.055308
0.587346
0.979475
1.360706
1.140598
1.704984
1.082634
1.657600
1.897971
0.896770
0.396412
1.239512
1.629779
1.636931
0.966091
0.304459
1.126286
1.995225
0.565984
1.581684
0.552882
0.171780
0.914912
1.387608
0.815373
0.678732
0.685641
1.333050
1.743694
0.591281
0.991364
1.799002
1.178627
1.970839
1.159708
0.319225
1.675823
0.242342
1.976825
1.573794
1.139112
0.373237
0.813306
0.768891
0.010168
1.779397
1.073350
1.136454
1.774622
1.639334
0.718138
0.327504
1.811113
1.633050
1.715113
0.626486
0.311782
0.400754
1.959536
0.055476
0.992035
0.950900
1.854479
0.170662
0.921739
1.014187
0.489887
0.597562
1.256528
0.466711
0.171356
0.395641
0.839948
0.984662
1.164532
0.850117
0.764058
0.237882
1.986571
0.538681
1.877216
0.704709
0.866185
1.688329
0.337759
0.581297
0.314815
0.649541
0.982051
0.274351
0.705017
1.974086
1.225251
0.559496
0.144748
0.146990
1.573682
0.634634
0.744552
0.830210
1.101346
0.915907
1.225851
1.941294
1.900569
0.390383
0.791411
0.664627
0.628265
0.777982
1.203308
0.505481
1.482690
0.069492
0.193810
1.820449
0.650790
0.508625
0.469990
1.632841
0.782976
1.175007
1.606927
0.008227
1.734502
1.751675
0.155217
1.308184
0.386309
0.899769
0.138395
1.487655
1.815676
1.364246
1.428949
1.716244
1.754629
0.220360
0.380872
0.382894
0.998342
1.584179
0.888375
0.481032
1.653672
1.082184
0.301481
0.304462
1.590809
0.771471
1.937303
0.373785
1.946478
1.544230
0.382012
1.680980
1.295904
0.537228
0.989164
1.682213
1.436997
1.127559
1.169868
1.252673
0.491805
0.598817
0.968917
0.246434
0.819177
1.349789
0.629328
1.817519
0.933968
1.517703
0.298551
0.587640
0.599887
0.600032
0.892102
0.190696
1.371503
0.829405
0.564481
1.317981
0.373634
0.946492
0.998961
1.669539
1.483721
1.988126
1.351752
0.920718
1.115685
0.521620
0.173390
1.607490
1.120437
1.142308
1.853924
1.939615
0.492096
0.483252
1.757134
1.426065
0.000955
0.055685
0.013705
0.600843
0.655717
0.905807
0.791539
0.027220
1.735212
1.356020
1.345201
0.108846
0.302512
0.344162
1.778385
1.786233
0.332288
1.130137
0.706950
1.447973
1.651758
0.880341
1.055463
0.772195
0.022648
0.909387
0.711810
0.514745
1.392640
0.468943
1.940810
1.393595
0.524628
1.954515
1.994437
1.180345
0.860322
0.785976
1.207565
0.595534
0.141996
0.552766
0.704380
0.444507
0.896929
0.482766
0.230740
1.229217
1.612903
0.937690
0.677189
1.264660
1.818031
1.732652
0.036856
1.840680
0.642039
0.748665
0.355425
0.034679
1.217609
0.296234
1.428274
1.742237
0.250749
1.422711
0.922582
1.111071
0.208687
0.130147
1.706605
0.350682
0.682913
0.410985
0.795190
1.579842
0.893751
1.025930
0.809059
0.506654
1.963620
1.486248
1.771314
1.781652
1.218900
1.808170
1.622331
1.860939
0.556835
1.977756
1.895618
1.774444
0.273990
1.323891
1.516681
0.524739
0.746602
0.439262
1.635810
0.955289
0.569409
1.342415
1.305972
1.252323
1.753401
0.101161
0.832165
0.647152
1.127091
1.641224
1.153805
1.090712
1.127472
0.925120
0.872363
0.346371
0.733289
0.494695
0.207311
1.290125
0.472451
0.102928
1.064568
0.746441
1.426820
0.581249
1.271180
0.173422
1.020512
0.906991
1.128711
1.589921
0.249406
0.434683
0.842244
0.002807
0.535844
1.674409
0.649958
1.662936
1.315633
1.803763
0.753647
0.443104
0.728883
1.626011
0.789475
1.462172
0.120705
0.996786
0.752297
0.593156
1.099714
1.816865
1.339597
0.526534
0.398114
0.610777
0.699956
1.418626
1.517767
1.828668
1.008547
1.767173
0.263350
1.850791
1.769980
0.799195
1.525200
0.419938
0.462130
0.840833
0.223701
1.215778
1.283937
0.952584
0.841788
0.073412
0.414756
0.962494
1.070198
1.167053
1.555649
0.169913
0.983918
0.895246
0.696447
1.382032
1.506023
1.396403
0.800658
1.023790
1.225071
1.809205
0.790963
1.488421
1.659996
0.560943
0.287616
1.185196
0.980880
0.749746
0.026029
1.204581
1.965523
1.309965
0.157165
0.807312
1.383377
0.571922
1.769805
0.453576
1.738974
1.325455
0.623488
0.722892
0.220700
1.319935
0.104925
1.726723
0.716338
0.905583
0.750513
1.941409
0.714788
1.541476
1.429830
0.374785
0.102418
1.717445
1.559981
1.083299
0.467191
1.586010
0.287880
0.432715
0.895975
0.445045
1.240026
0.279353
1.016967
1.009831
0.732928
0.755941
0.335286
1.356417
1.478834
0.555986
0.676351
1.583758
0.282709
1.392689
0.489341
1.033222
1.334098
1.204129
0.574698
0.763928
1.578914
0.677116
0.481373
1.138895
1.760415
0.948564
0.724905
0.048295
1.381279
1.620880
0.493340
0.621305
1.900233
1.510307
1.631137
0.633162
0.266249
1.966422
1.989578
1.745082
0.522409
0.665930
1.328840
0.805118
0.058619
1.818181
1.838340
1.392717
1.022310
0.413038
0.156645
0.601223
1.090155
0.638019
1.740118
0.850570
1.586583
0.465023
0.898865
0.967862
0.085903
1.392205
1.589167
1.986136
0.902512
1.220304
0.619298
1.168761
1.186726
0.608876
0.913843
1.709135
1.274806
0.242683
0.514253
1.333425
0.060864
0.352593
0.726142
1.083174
0.765631
0.882787
1.684397
1.855786
1.520806
1.424515
0.706356
1.107389
1.889538
1.605220
0.075251
1.975441
0.997425
1.664419
1.961578
1.899938
0.884722
0.580875
1.068698
0.071449
1.189751
1.982541
1.780583
0.464557
0.225224
0.294836
1.797982
0.286088
0.647429
0.524124
1.369262
1.413061
1.406911
1.053659
1.268847
0.927717
0.478175
1.975202
0.035106
0.367713
1.580422
0.110357
0.343155
0.577848
1.774776
0.304732
0.477785
0.659498
0.885608
1.546484
0.730947
0.075359
1.529025
0.511530
0.539916
1.754250
0.806367
0.337897
0.040338
1.453796
0.862021
1.409600
0.866857
0.268932
0.463260
0.135704
1.196648
0.941435
0.110906
1.231754
1.309148
1.691328
1.342111
1.652302
0.269176
1.116887
1.957035
0.746961
1.776385
0.842642
0.293445
0.507332
0.918001
1.822471
1.018863
1.457917
1.576720
1.825229
1.795814
1.617058
1.279025
0.657835
1.026659
0.145882
0.926767
1.489918
0.281586
0.123415
0.431353
0.392492
1.355169
1.740501
0.083820
0.697281
1.392803
0.352996
1.814168
1.349838
1.099958
1.590553
0.192480
1.393403
0.097886
1.110481
1.215873
1.116748
0.568398
0.792594
0.941978
0.364212
0.409652
0.221003
1.022047
1.436311
0.366885
1.948814
0.926229
0.648471
0.072229
1.357582
1.040963
1.427398
1.098082
1.124783
0.124679
0.490886
1.477779
1.938847
1.840723
0.577737
1.529401
0.033203
1.971140
1.627286
1.143684
1.187013
0.744035
1.712082
1.979607
1.686012
0.076294
0.389259
1.907015
1.098341
1.825570
0.273901
1.047155
0.751799
0.922372
1.119384
0.109381
1.963335
0.546782
1.207463
1.088119
0.671461
1.698349
0.565898
0.610308
1.539072
1.143635
0.139709
1.572276
1.114775
1.766995
0.715960
0.301788
0.511030
0.428042
0.281396
0.197042
0.504336
0.670655
0.104057
1.602677
0.496225
0.377958
0.649832
1.248024
1.300331
1.769216
1.357404
1.263666
0.315998
0.564867
0.351784
0.987459
0.263216
0.917682
1.597768
1.802288
0.061317
1.737477
1.374564
1.176092
1.504472
0.090523
1.477881
0.015502
0.518565
1.759276
0.212544
1.022901
0.429931
0.316601
0.625578
0.926156
0.694560
1.275410
0.174179
1.994890
1.044626
1.531584
1.258556
1.360624
0.096451
1.610340
0.348084
0.359667
0.528023
1.945851
0.161955
0.589340
1.683328
1.536518
1.765432
1.187800
1.627042
1.243313
1.203302
0.145607
1.002589
1.415845
1.168508
1.432520
1.732447
1.794087
0.358676
0.427006
1.069497
0.532855
0.421896
0.114123
0.064439
1.680453
1.474748
0.160890
1.290793
1.822831
0.520556
1.818816
1.768683
0.682511
0.408156
1.452011
0.219029
0.173588
0.639810
1.846071
1.416901
1.843112
1.991677
0.419490
1.258958
1.160186
1.852010
0.991404
0.954272
0.210686
1.418411
0.023769
0.743542
1.840307
0.137893
0.807981
1.520760
1.612640
0.968870
0.811553
1.435472
1.489426
0.630368
1.204154
0.171937
