0.322308
0.186112
0.248636
0.579050
0.624067
0.860037
0.516012
0.684384
0.653179
0.379756
0.478197
0.293215
0.037172
0.412778
0.113940
0.788266
0.677988
0.575362
0.532701
0.175872
0.767523
0.375865
0.121415
0.463081
0.508587
0.271405
0.762781
0.591715
0.948749
0.237801
0.962442
0.271057
0.423914
0.211078
0.850108
0.047981
0.071115
0.366120
0.732365
0.724294
0.745876
0.210562
0.017509
0.783048
0.623340
0.131448
0.571314
0.301328
0.706810
0.104015
0.477200
0.474333
0.479880
0.598616
0.937415
0.988467
0.870021
0.700195
0.580182
0.818770
0.937997
0.542624
0.089828
0.361910
0.753702
0.939935
0.409891
0.824816
0.306055
0.142256
0.549110
0.051931
0.352819
0.566619
0.834979
0.976159
0.698067
0.406293
0.277487
0.404878
0.510308
0.754688
0.879211
0.990188
0.353304
0.816626
0.978655
0.223325
0.516821
0.558837
0.042095
0.454817
0.101461
0.131923
0.816728
0.855162
0.071858
0.226619
0.679979
0.377913
0.368875
0.229089
0.429843
0.721694
0.795708
0.264822
0.697854
0.493775
0.671115
0.975341
0.898653
0.181423
0.730028
0.777864
0.171611
0.083332
0.594490
0.150266
0.306657
0.111310
0.709103
0.348752
0.566128
0.810564
0.480674
0.382856
0.665726
0.552532
0.609475
0.345705
0.930445
0.978350
0.574794
0.360288
0.700045
0.370502
0.625111
0.397898
0.864278
0.296226
0.373239
0.762931
0.477649
0.103267
0.540795
0.649259
0.186599
0.135284
0.799525
0.493256
0.246595
0.508628
0.842008
0.812722
0.319191
0.322682
0.195578
0.984917
0.875215
0.805053
0.330622
0.805660
0.783403
0.905416
0.165948
0.483447
0.275918
0.791059
0.881345
0.140196
0.087285
0.254584
0.903127
0.564933
0.357852
0.443921
0.214193
0.544451
0.579206
0.013717
0.037707
0.825800
0.522345
0.879715
0.638523
0.841536
0.202398
0.834101
0.826453
0.077612
0.639154
0.157075
0.883272
0.422556
0.062491
0.049220
0.906004
0.338409
0.840279
0.787349
0.478605
0.927563
0.041934
0.381731
0.492496
0.399786
0.825653
0.706689
0.944237
0.404858
0.720406
0.981944
0.230659
0.242751
0.861660
0.869181
0.084287
0.064057
0.703282
0.910740
0.141670
0.342436
0.067815
0.024941
0.764992
0.130305
0.074161
0.670996
0.468714
0.914440
0.458346
0.947319
0.842003
0.500279
0.329050
0.334499
0.900065
0.154703
0.041188
0.844302
0.559561
0.761594
0.826246
0.790220
0.004345
0.687906
0.659401
0.088632
0.751963
0.362683
0.999372
0.893633
0.705119
0.067187
0.918574
0.470112
0.197492
0.992735
0.141108
0.666206
0.907175
0.599454
0.613525
0.749178
0.099733
0.942575
0.083677
0.999798
0.097278
0.124865
0.844100
0.656839
0.886460
0.670346
0.447058
0.890805
0.358252
0.106459
0.979438
0.110216
0.469143
0.978810
0.003848
0.174262
0.045997
0.922422
0.644374
0.243489
0.915158
0.785482
0.909695
0.822333
0.384936
0.523220
0.571511
0.484669
0.465795
0.655188
0.484467
0.563072
0.780054
0.328567
0.219911
0.666513
0.998913
0.666969
0.557319
0.357166
0.773428
0.536756
0.467381
0.242571
0.515566
0.471230
0.416833
0.561563
0.393652
0.061207
0.805052
0.308810
0.846689
0.714747
0.131143
0.231625
0.237967
0.702654
0.716294
0.703762
0.357843
0.200761
0.266834
0.137896
0.529328
0.486745
0.804410
0.528241
0.153714
0.361728
0.885407
0.927143
0.898485
0.352788
0.169714
0.414051
0.824018
0.586547
0.975614
0.217670
0.647754
0.780666
0.526480
0.494443
0.495414
0.657623
0.726068
0.733381
0.360277
0.442362
0.437143
0.718119
0.643123
0.703978
0.856016
0.172450
0.190723
0.660425
0.700691
0.344437
0.022154
0.586098
0.271580
0.920638
0.938886
0.441293
0.334689
0.762903
0.027840
0.310303
0.980573
0.675594
0.090969
0.507053
0.170038
0.586383
0.164675
0.896106
0.319764
0.524952
0.338468
0.756908
0.243071
0.981591
0.460886
0.099087
0.154041
0.651609
0.759512
0.854732
0.996046
0.781665
0.440830
0.267625
0.702304
0.379715
0.708919
0.036993
0.142619
0.736759
0.347296
0.123192
0.412353
0.438265
0.630244
0.582391
0.024648
0.794919
0.478497
0.344413
0.319871
0.816965
0.101321
0.562942
0.798555
0.562206
0.662029
0.952596
0.213815
0.421541
0.807328
0.209860
0.203206
0.248157
0.477486
0.905510
0.627873
0.186404
0.942502
0.770492
0.923163
0.289798
0.893683
0.335516
0.728063
0.523927
0.917907
0.752711
0.318847
0.396404
0.097124
0.638718
0.213368
0.198444
0.201660
0.011923
0.760650
0.863689
0.964519
0.974465
0.285229
0.771847
0.184326
0.488435
0.020004
0.661811
0.393945
0.647877
0.848216
0.336447
0.418368
0.771379
0.626245
0.312052
0.106895
0.354308
0.835979
0.024802
0.107019
0.154826
0.421206
0.204143
0.793544
0.634574
0.402587
0.995204
0.646497
0.163237
0.858892
0.611016
0.137703
0.144122
0.382863
0.322028
0.632557
0.402867
0.983840
0.026502
0.050744
0.832055
0.362949
0.469112
0.603434
0.989194
0.781164
0.710329
0.343503
0.617143
0.735132
0.450522
0.771969
0.156337
0.654665
0.565513
0.790911
0.057252
0.560717
0.437408
0.220489
0.419609
0.048424
0.358192
0.563731
0.431286
0.680220
0.196288
0.834153
0.664060
0.222790
0.884897
0.496115
0.585739
0.354009
0.099549
0.574933
0.135173
0.809879
0.918436
0.752316
0.545010
0.368958
0.524285
0.701348
0.023622
0.089798
0.492258
0.080874
0.650515
0.929666
0.301363
0.070124
0.978090
0.659554
0.633855
0.409376
0.339774
0.830142
0.243529
0.003834
0.052932
0.128426
0.499949
0.638671
0.482434
0.599498
0.213604
0.617607
0.409377
0.132040
0.369923
0.954388
0.500997
0.894208
0.655735
0.524619
0.984006
0.147994
0.605493
0.634520
0.077660
0.906856
0.704644
0.055750
0.566410
0.338499
0.465126
0.906185
0.168641
0.708655
0.910019
0.221573
0.837080
0.409968
0.860244
0.319515
0.009466
0.073848
0.937122
0.418844
0.205888
0.307044
0.373232
0.706885
0.201252
0.028967
0.231505
0.185258
0.176961
0.836998
0.819778
0.254621
0.743854
0.524422
0.310370
0.310264
0.862921
0.775496
0.216449
0.031562
0.484151
0.126468
0.253135
0.321232
0.536436
0.113379
0.640746
0.545902
0.187227
0.577868
0.964746
0.393114
0.884912
0.337977
0.100000
0.086165
0.366944
0.331504
0.271422
0.543905
0.168502
0.091200
0.798526
0.912355
0.615623
0.108896
0.222619
0.478544
0.884392
0.439068
0.510106
0.368544
0.565536
0.763240
0.689775
0.101971
0.876619
0.330521
0.647874
0.063846
0.908389
0.612619
0.456960
0.793302
0.950597
0.556960
0.879466
0.317541
0.888464
0.150889
0.861446
0.056966
0.242089
0.659971
0.969321
0.857712
0.768867
0.191941
0.336255
0.653260
0.631009
0.846361
0.021803
0.196545
0.609601
0.711578
0.298516
0.486221
0.042100
0.946390
0.550067
0.950489
0.559009
0.007027
0.743791
0.509606
0.563987
0.623257
0.827147
0.452451
0.774146
0.688592
0.509417
0.016235
0.348564
0.478738
0.873947
0.117431
0.670679
0.210203
0.770690
0.301688
0.056564
0.792494
0.498233
0.666165
0.504072
0.796749
0.152386
0.546171
0.743139
0.702452
0.496660
0.302148
0.709479
0.240451
0.811754
0.273466
0.863708
0.638901
0.725917
0.637854
0.327493
0.235334
0.654089
0.676057
0.714072
0.528037
0.793487
0.384751
0.738239
0.564178
0.686438
0.794803
0.356671
0.184671
0.460968
0.860743
0.981420
0.613353
0.406915
0.724559
0.315806
0.903575
0.026707
0.025285
0.144026
0.838460
0.298751
0.007734
0.477361
0.024668
0.645589
0.804854
0.260002
0.299678
0.480910
0.974074
0.827715
0.274398
0.358825
0.565954
0.838576
0.045263
0.360756
0.195247
0.229934
0.821724
0.055990
0.211354
0.435077
0.462905
0.935913
0.750883
0.366480
0.962620
0.776168
0.510506
0.801080
0.074919
0.518240
0.278441
0.099588
0.163829
0.083295
0.359590
0.463507
0.564205
0.333664
0.291222
0.838603
0.692489
0.857176
0.677179
0.737752
0.217932
0.872426
0.967687
0.039656
0.928417
0.179041
0.474734
0.391322
0.114954
0.225617
0.757802
0.077573
0.001785
0.268308
0.878653
0.076704
0.786548
0.157094
0.176291
0.950377
0.240389
0.535881
0.413884
0.804595
0.869545
0.705106
0.643198
0.562034
0.562282
0.320377
0.299786
0.780215
0.192803
0.267473
0.819871
0.121219
0.446513
0.294605
0.512541
0.561467
0.520221
0.270343
0.639040
0.522006
0.538650
0.517694
0.598709
0.325198
0.674788
0.775001
0.275575
0.915177
0.310882
0.689460
0.719772
0.180426
0.394566
0.362970
0.742460
0.956849
0.683346
0.042246
0.737063
0.876149
0.309719
0.556934
0.997369
0.756232
0.851539
0.509910
0.317699
0.371760
0.780253
0.956740
0.893765
0.318903
0.474433
0.492475
0.644101
0.149222
0.267475
0.919677
0.064399
0.578357
0.609136
0.784171
0.758783
0.003703
0.147141
0.501244
0.960552
0.830487
0.543490
0.697615
0.706636
0.853209
0.254549
0.704005
0.609441
0.106088
0.213915
0.927140
0.477847
0.994168
0.883880
0.371613
0.313070
0.358313
0.864088
0.957172
0.507535
0.131563
0.876848
0.571933
0.709920
0.485985
0.356104
0.468703
0.489687
0.503245
0.969947
0.450239
0.333732
0.513437
0.147854
0.040368
0.366645
0.402403
0.744374
0.976086
0.508491
0.958289
0.903226
0.986338
0.952456
0.787106
0.357951
0.265527
0.145419
0.222039
0.222699
0.652954
0.353601
0.099547
0.224887
0.063521
0.585531
0.580991
0.532224
0.075219
0.084236
0.502171
0.525458
0.417968
0.015607
0.673311
0.458336
0.382253
0.075714
0.202710
0.358339
0.584205
0.160999
0.261565
0.570543
0.113455
0.048671
0.928494
0.378982
0.194090
0.150532
0.601680
0.847043
0.504134
0.701227
0.071930
0.567655
0.286758
0.652922
0.099879
0.361977
0.737158
0.602050
0.887434
0.155126
0.617658
0.560746
0.613462
0.999910
0.636460
0.816172
0.358249
0.220665
0.977170
0.619814
0.791208
0.090625
0.668485
0.719701
0.469607
0.862574
0.870234
0.071288
0.709618
0.374367
0.772515
0.781548
0.942022
0.059273
0.434470
0.041901
0.421249
0.171627
0.643951
0.308684
0.326753
0.261609
0.869429
0.940215
0.261519
0.505889
0.756387
0.619768
0.726554
0.733557
0.239582
0.517762
0.824182
0.908067
0.237463
0.293789
0.770642
0.107697
0.365077
0.480259
0.482064
0.137592
0.261807
0.424087
0.196864
0.696277
0.465988
0.618114
0.867904
0.109939
0.926797
0.194657
0.371548
0.796227
0.134873
0.633068
0.302116
0.891259
0.252836
0.028670
0.624816
0.492418
0.546432
0.448999
0.400485
0.783896
0.742788
0.171127
0.891593
0.107865
0.651386
0.373657
0.245456
0.913194
0.797744
0.442321
0.609471
0.263732
0.060435
0.477375
0.373671
0.987232
0.672033
0.745220
0.783459
0.806905
0.378287
0.085575
0.698165
0.631123
0.114245
0.322981
0.123542
0.660678
0.771980
0.524027
0.444573
0.514768
0.695154
0.336166
0.622632
0.346540
0.709823
0.868089
0.259734
0.507566
0.310410
0.869205
0.771298
0.370844
0.346580
0.144970
0.358076
0.018613
0.890189
0.141535
0.825518
0.268476
0.227110
0.523682
0.899600
0.341355
0.846663
0.023141
0.002033
0.618643
0.547168
0.446606
0.133410
0.242322
0.782772
0.756043
0.588863
0.492594
0.624132
0.848597
0.000161
0.934542
0.717802
0.771459
0.305386
0.064382
0.916429
0.663462
0.082995
0.806618
0.804997
0.908513
0.075094
0.032107
0.432195
0.974694
0.373462
0.278859
0.997835
0.375495
0.897501
0.545003
0.822100
0.030912
0.787326
0.604872
0.786955
0.376188
0.097467
0.411087
0.224785
0.097628
0.345628
0.942587
0.869087
0.651014
0.006969
0.785516
0.314476
0.089964
0.592133
0.119473
0.998476
0.667228
0.151580
0.430672
0.641922
0.525042
0.709530
0.639757
0.900536
0.607031
0.184761
0.722637
0.637943
0.972086
0.327509
0.424898
0.348275
0.424975
0.835985
0.573060
0.522603
0.181613
0.515647
0.391690
0.832627
0.522616
0.177205
0.147103
0.612579
0.769339
0.266576
0.611056
0.436567
0.418156
0.041727
0.078489
0.943198
0.751257
0.718246
0.843734
0.358289
0.903007
0.566370
0.996232
0.875093
0.893879
0.421130
0.223367
0.318854
0.257115
0.796427
0.841457
0.438728
0.312074
0.233147
0.271356
0.834689
0.410352
0.418459
0.447269
0.179691
0.685035
0.058325
0.616258
0.103191
0.100052
0.694746
0.046389
0.851309
0.412992
0.890123
0.209598
0.315999
0.456493
0.205830
0.191092
0.350372
0.626960
0.414459
0.669226
0.884075
0.210886
0.510683
0.322804
0.522960
0.743829
0.594159
0.357650
0.154182
0.012618
0.804918
0.333872
0.697653
0.863243
0.950130
0.800845
0.963295
0.644876
0.847234
0.814604
0.057869
0.737357
0.024202
0.373868
0.193849
0.230032
0.564959
0.544221
0.856993
0.979418
0.213446
0.741068
0.190305
0.724129
0.063872
0.713265
0.467959
0.658031
0.070915
0.622140
0.670649
0.875833
0.956013
0.368303
0.739076
0.906143
0.169147
0.702371
0.551019
0.016381
0.516976
0.608888
0.753738
0.541178
0.982755
0.947587
0.771210
0.547715
0.491808
0.628203
0.527133
0.705254
0.369271
0.717438
0.429384
0.433143
0.430703
0.897342
0.091174
0.501617
0.519482
0.761823
0.377450
0.475495
0.130126
0.116527
0.381637
0.299274
0.818898
0.932657
0.315655
0.335874
0.541544
0.069393
0.877052
0.524300
0.016980
0.648262
0.072014
0.508788
0.276465
0.599147
0.214042
0.645737
0.316585
0.643426
0.078880
0.747288
0.540768
0.170054
0.248905
0.060250
0.931878
0.626356
0.535745
0.062004
0.742882
0.917382
0.361277
0.561780
0.850039
0.676932
0.897654
0.391583
0.746325
0.774705
0.915883
0.763304
0.422967
0.987898
0.272092
0.699433
0.587045
0.486134
0.345169
0.903630
0.129560
0.424049
0.650918
0.670328
0.594103
0.899824
0.730578
0.525981
0.526180
0.266323
0.587984
0.269062
0.183706
0.949262
0.830842
0.033745
0.626193
0.728496
0.425328
0.372518
0.503201
0.341211
0.135823
0.926168
0.329109
0.407915
0.625601
0.916154
0.894049
0.970770
0.819784
0.023610
0.394819
0.470703
0.693938
0.988922
0.370526
0.424516
0.514903
0.896706
0.690839
0.102887
0.165768
0.874545
0.052149
0.996610
0.908290
0.678342
0.725105
0.333618
0.050860
0.228306
0.674829
0.186683
0.154474
0.003938
0.594598
0.780075
0.920092
0.488647
0.750844
0.739876
0.512257
0.145663
0.210579
0.206195
0.134585
0.581105
0.630711
0.649488
0.477811
0.321550
0.752376
0.643579
0.196095
0.804525
0.640188
0.104385
0.482867
0.365294
0.438003
0.533728
0.593600
0.112832
0.720411
0.748074
0.116770
0.315008
0.528148
0.036862
0.803656
0.278993
0.776738
0.315912
0.424656
0.987317
0.522107
0.559241
0.568422
0.152818
0.208730
0.046233
0.474368
0.961106
0.689812
0.670463
0.765631
0.330000
0.774848
0.248498
0.695294
0.212851
0.782225
0.288894
0.325683
0.502636
0.036967
0.442453
0.817644
0.565116
0.479315
0.621300
0.844108
0.256053
0.937212
0.268764
0.243371
0.459319
0.828006
0.811793
0.612137
0.036736
0.858026
0.086505
0.997841
0.547838
0.756967
0.763472
0.877838
0.531815
0.011969
0.573132
0.744666
0.794195
0.862026
0.070349
0.296830
0.898994
0.512802
0.114475
0.464109
0.992117
0.735775
0.308217
0.248170
0.672987
0.576982
0.491541
0.132306
0.404987
0.303333
0.744443
0.441723
0.161359
0.830948
0.439564
0.709197
0.587915
0.203036
0.587036
0.119730
0.215005
0.160168
0.864396
0.009200
0.022194
0.934745
0.306030
0.921188
0.447546
0.420505
0.385297
0.439663
0.156280
0.693515
0.687834
0.829267
0.270496
0.179374
0.961573
0.675483
0.482708
0.706016
0.117206
0.644067
0.536964
0.556770
0.353265
0.124879
0.759806
0.940300
0.244610
0.974811
0.100469
0.109006
0.984011
0.122663
0.043751
0.290042
0.043851
0.491297
0.710547
0.429148
0.930961
0.866827
0.122663
0.618794
0.696093
0.393159
0.798169
0.657666
0.068642
0.280877
0.363683
0.185848
0.924944
0.900647
0.742619
0.278209
0.025526
0.502425
0.218509
0.270136
0.477236
0.318978
0.379142
0.461247
0.441641
0.422893
0.751289
0.485492
0.914190
0.461836
0.914640
0.845151
0.328662
0.037303
0.463945
0.024755
0.430462
0.262114
0.682422
0.499104
0.542990
0.046104
0.684953
0.467934
0.946751
0.427571
0.746143
0.972278
0.929996
0.964652
0.242414
0.407232
0.283629
0.621556
0.868479
0.725270
0.044448
0.619768
0.210762
0.958639
0.081603
0.125402
0.803789
0.410265
0.162705
0.267735
0.435021
0.593166
0.529848
0.117443
0.092271
0.072839
0.163547
0.777223
0.540773
0.110298
0.204794
0.286916
0.082576
0.134790
0.251568
0.324990
0.542021
0.535197
0.946545
0.410500
0.260467
0.990994
0.030268
0.471229
0.949632
0.111871
0.596631
0.753422
0.522136
0.759336
0.021156
0.957157
0.352502
0.551005
0.074600
0.444773
0.623843
0.238147
0.221996
0.164616
0.348445
0.426790
0.451532
0.431021
0.561580
0.703100
0.756011
0.103601
0.238297
0.702556
0.514102
0.498764
0.693550
0.544369
0.969993
0.643182
0.656240
0.566624
0.396604
0.178376
0.325960
0.417760
0.135533
0.678462
0.968765
0.210133
0.123235
0.592608
0.448280
0.345231
0.757224
0.796725
0.772021
0.208756
0.227746
0.333601
0.911856
0.983757
0.437202
0.150153
0.686314
0.951304
0.648917
0.379864
0.495673
0.618911
0.023046
0.151913
0.185535
0.419650
0.330289
0.511495
0.837410
0.465822
0.189957
0.806175
0.675955
0.313192
0.398784
0.124234
0.658423
0.156008
0.920959
0.430443
0.364764
0.148705
0.764044
0.276620
0.132463
0.201247
0.426773
0.818776
0.152551
0.075690
0.198640
0.648223
0.694601
0.221686
0.800136
0.880136
0.641335
0.130425
0.391631
0.478746
0.596247
0.581588
0.284921
0.272201
0.894779
0.683705
0.396435
0.553202
0.839713
0.317394
0.983645
0.204477
0.466100
0.747690
0.481097
0.598562
0.948936
0.907870
0.417339
0.101487
0.983560
0.615978
0.749710
0.678161
0.837664
0.549847
0.558297
0.478999
0.680272
0.949928
0.957745
0.276519
0.531515
0.242666
0.548720
0.426295
0.926371
0.945155
0.979497
0.766084
0.262550
0.963142
0.970560
0.728650
0.710832
0.451657
0.327212
0.659768
0.359527
0.744551
0.761255
0.343088
0.360529
0.510966
0.021249
0.198193
0.060812
0.579546
0.677192
0.741084
0.529474
0.634937
0.017603
0.060989
0.877603
0.566323
0.487284
0.803974
0.511478
0.466780
0.570058
0.774028
0.429922
0.540618
0.502678
0.140754
0.992275
0.829890
0.800522
0.351802
0.574441
0.561778
0.694890
0.934970
0.072743
0.716139
0.133163
0.133556
0.295685
0.810355
0.874640
0.825159
0.445292
0.892242
0.886148
0.322895
0.458565
0.373431
0.126870
0.970043
0.840211
0.696928
0.744072
0.270134
0.237546
0.246749
0.410888
0.229821
0.076640
0.211410
0.581623
0.651080
0.773188
0.276514
0.586050
0.845931
0.992653
0.719213
0.979486
0.288338
0.529567
0.854126
0.113496
0.974859
0.746368
0.999644
0.297754
0.204934
0.373075
0.424624
0.174977
0.213286
0.121551
0.919048
0.483420
0.359097
0.165798
0.894308
0.588918
0.242437
0.105718
0.170542
0.893518
0.878906
0.447055
0.479568
0.724837
0.439708
0.198781
0.704323
0.728045
0.728348
0.558449
0.841541
0.703207
0.304818
0.841185
0.000961
0.509751
0.214260
0.425585
0.684728
0.427546
0.547136
0.603776
0.910966
0.906233
0.769574
0.805274
0.495151
0.012012
0.910992
0.665693
0.905530
0.789898
0.112748
0.385098
0.514734
0.552456
0.583878
0.219057
0.280501
0.312226
0.777507
0.122042
0.015434
0.082324
0.963227
0.016395
0.592075
0.177487
0.441980
0.276803
0.605034
0.989116
0.880580
0.516000
0.895349
0.650154
0.321274
0.390501
0.662166
0.232266
0.056194
0.567695
0.022163
0.168942
0.952793
0.536897
0.721397
0.536671
0.755955
0.001898
0.848898
0.533461
0.123941
0.864331
0.615786
0.087168
0.880726
0.207861
0.264655
0.322706
0.484664
0.869689
0.311822
0.365244
0.385689
0.207171
0.015398
0.706962
0.597672
0.677564
0.939228
0.653866
0.245259
0.961391
0.822807
0.198052
0.498289
0.544205
0.734723
0.254243
0.546103
0.583621
0.787705
0.670044
0.447953
0.403490
0.757212
0.328679
0.611351
0.021867
0.651385
0.096015
0.891556
0.963207
0.461260
0.277245
0.170378
0.476658
0.984207
0.768050
0.154221
0.923435
0.421916
0.399481
0.884826
0.244723
0.597533
0.383115
0.788928
0.332256
0.637358
0.335031
0.915877
0.425063
0.005075
0.363830
0.828553
0.762287
0.692509
0.439904
0.784153
0.343893
0.535920
0.675709
0.307100
0.997179
0.952954
0.477478
0.473837
0.937161
0.245528
0.628058
0.860596
0.667444
0.027539
0.745422
0.912167
0.625072
0.128537
0.701095
0.957328
0.765895
0.036126
0.873205
0.190957
0.041201
0.237035
0.019510
0.803488
0.929544
0.459414
0.587641
0.273437
0.995334
0.263351
0.580538
0.992513
0.216305
0.058016
0.466349
0.153465
0.303544
0.094408
0.014061
0.970987
0.121947
0.759483
0.883154
0.747018
0.888020
0.584250
0.704346
0.653914
0.620376
0.577551
0.844872
0.661577
0.814586
0.864382
0.465065
0.744130
0.323796
0.052707
0.017568
0.319130
0.316057
0.598105
0.311642
0.532362
0.656121
0.777992
0.685827
0.959664
0.872400
0.699888
0.930652
0.994346
0.459372
0.813806
0.741364
0.347392
0.398056
0.445710
0.001306
0.018432
0.023261
0.846178
0.680009
0.837847
0.710560
0.145074
0.581977
0.034355
0.197781
0.599545
0.353485
0.513838
0.197650
0.665127
0.046200
0.853771
0.443119
0.732027
0.813435
0.315519
0.431916
0.744087
0.309865
0.891287
0.557893
0.051229
0.238679
0.955949
0.496939
0.239985
0.974381
0.520200
0.086163
0.654390
0.358047
0.796722
0.799464
0.940025
0.831078
0.997245
0.539570
0.184563
0.511083
0.737220
0.849690
0.557283
0.590991
0.292809
0.289310
0.404426
0.608328
0.721226
0.148513
0.918193
0.612513
0.706406
0.969422
0.851192
0.662356
0.466361
0.091177
0.636736
0.986561
0.177340
0.291126
0.344608
0.974062
0.090590
0.284633
0.805140
0.087835
0.824202
0.989703
0.598918
0.561422
0.839393
0.156201
0.152413
0.132202
0.445512
0.556839
0.740530
0.166737
0.705352
0.658723
0.779250
0.411758
0.628145
0.630442
0.074114
0.094506
0.721619
0.710850
0.081067
0.898959
0.001976
0.425675
0.873021
0.092567
0.710308
0.678161
0.180402
0.534510
0.667863
0.779320
0.095932
0.507256
0.935522
0.248345
0.639458
0.381033
0.805184
0.379988
0.547770
0.510535
0.038710
0.327021
0.922294
0.666855
0.957463
0.996408
0.761361
0.679082
0.707258
0.842427
0.578040
0.709234
0.268102
0.451061
0.801801
0.978410
0.129222
0.982203
0.512920
0.797085
0.761523
0.608852
0.304341
0.697045
0.857197
0.943799
0.078078
0.662381
0.323787
0.625849
0.172916
0.362497
0.952869
0.095210
0.029353
0.910332
0.091617
0.790713
0.589414
0.798875
0.633141
0.167454
0.508109
0.901243
0.618515
0.309910
0.879653
0.747737
0.292113
0.392573
0.544823
0.053636
0.001425
0.849164
0.750681
0.858622
0.792963
0.828759
0.521003
0.116750
0.454608
0.693919
0.479247
0.407477
0.789129
0.508600
0.317809
0.880746
0.299313
0.907223
0.679621
0.932454
0.074676
0.187731
0.833697
0.693192
0.497641
0.713350
0.440929
0.789754
0.105923
0.985752
0.843390
0.107348
0.834916
0.594072
0.965970
0.627879
0.422831
0.486973
0.744629
0.877439
0.180892
0.223876
0.284916
0.970021
0.732476
0.602725
0.850767
0.031790
0.509947
0.530388
0.964244
0.584624
0.718119
0.797940
0.277815
0.215760
0.511290
0.718744
0.005514
0.617213
0.704496
0.848905
0.724561
0.539412
0.442976
0.690531
0.167291
0.865807
0.177504
0.911920
0.743246
0.358396
0.135796
0.028162
0.328417
0.868272
0.630887
0.179184
0.900062
0.140834
0.709573
0.864305
0.725458
0.427692
0.662246
0.003273
0.643452
0.173536
0.722018
0.648966
0.790749
0.426514
0.497871
0.515310
0.965925
0.940847
0.205842
0.133216
0.806655
0.383346
0.045136
0.549900
0.741743
0.180931
0.578062
0.070160
0.049204
0.208949
0.249344
0.949265
0.349783
0.958917
0.813571
0.075240
0.386608
0.475816
0.078514
0.030060
0.649352
0.800531
0.679026
0.440102
0.227045
0.176897
0.955412
0.192970
0.117745
0.161254
0.326186
0.924399
0.544600
0.371322
0.474299
0.286342
0.552254
0.052362
0.356502
0.601457
0.261310
0.605846
0.550723
0.611093
0.564763
0.364293
0.686333
0.951371
0.840110
0.764847
0.981431
0.489462
0.565378
0.660457
0.929564
0.792423
0.837355
0.884976
0.985393
0.955099
0.046229
0.311580
0.879498
0.590829
0.682902
0.353798
0.877171
0.235155
0.406159
0.233673
0.836612
0.667469
0.839519
0.387335
0.278562
0.404282
0.751628
0.964895
0.355653
0.591738
0.729742
0.337084
0.081200
0.295120
0.997542
0.010764
0.087543
0.834896
0.895739
0.072936
0.789995
0.941969
0.384515
0.669493
0.532798
0.067417
0.023291
0.409969
0.302572
0.429450
0.643643
0.139185
0.096919
0.483162
0.526520
0.375482
0.887444
0.278148
0.340377
0.243097
0.869886
0.070119
0.580181
0.951086
0.365239
0.577723
0.961849
0.452781
0.412619
0.857589
0.525717
0.202614
0.799558
0.910232
0.872108
0.332356
0.977650
0.895398
0.742325
0.280222
0.324849
0.385967
0.419407
0.421768
0.869129
0.945927
0.797250
0.756573
0.224075
0.137626
0.999670
0.093961
0.207745
0.579852
0.045046
0.572984
0.157575
0.006896
0.025765
0.570194
0.864484
0.551482
0.772808
0.664042
0.461714
0.644915
0.996398
0.439364
0.540314
0.738723
0.719586
0.865162
0.124690
0.138993
0.286930
0.993819
0.084919
0.084180
0.750393
0.308994
0.221806
0.750063
0.402955
0.429551
0.329915
0.448001
0.002535
0.487489
0.454897
0.028300
0.057683
0.319381
0.579782
0.830491
0.983423
0.041496
0.475406
0.979821
0.480860
0.015720
0.718544
0.200446
0.880882
0.843233
0.339439
0.167812
0.837053
0.424358
0.251992
0.587445
0.733352
0.473799
0.337508
0.136307
0.903350
0.667423
0.584308
0.905885
0.154912
0.039205
0.934185
0.212595
0.358586
0.513967
0.043086
0.342009
0.555463
0.518492
0.321830
0.036323
0.534211
0.040374
0.236769
0.415094
0.883607
0.576208
0.582906
0.720660
0.000566
0.834898
0.308105
0.733918
0.308697
0.645613
0.870225
0.212047
0.313036
0.454533
0.117933
0.467948
0.493737
0.052118
0.680543
0.852323
0.566085
0.723629
0.194332
0.121548
0.242121
0.516162
0.157871
0.776332
0.556536
0.394640
0.191426
0.440143
0.970848
0.774332
0.160802
0.971414
0.609230
0.468907
0.705332
0.917927
0.114520
0.575556
0.129975
0.427556
0.030089
0.247907
0.895504
0.523826
0.300025
0.576047
0.376149
0.866110
0.299676
0.570481
0.987658
0.541797
0.086643
0.145529
0.318129
0.643179
0.540169
0.509554
0.083322
0.511017
0.283886
0.244124
0.482431
0.893116
0.713031
0.187763
0.811043
0.827552
0.763319
0.941018
0.255108
0.793408
0.188925
0.150612
0.317234
0.488950
0.726659
0.693383
0.355060
0.026335
0.263864
0.342718
0.568132
0.350508
0.488246
0.886261
0.993687
0.028415
0.395815
0.077008
0.539432
0.679701
0.321132
0.021863
0.572817
0.034164
0.209626
0.383861
0.861715
0.972945
0.324879
0.116823
0.766353
0.513804
0.267435
0.083587
0.002754
0.994094
0.776970
0.357814
0.020429
0.040835
0.700531
0.588561
0.391342
0.188777
0.474822
0.385029
0.217193
0.870637
0.462037
0.756625
0.550338
0.783169
0.778488
0.123155
0.817333
0.988114
0.507016
0.679048
0.961058
0.831894
0.795871
0.727411
0.345698
0.063306
0.810998
0.348452
0.057400
0.587968
0.706265
0.077829
0.628802
0.406797
0.666390
0.020144
0.595574
0.141212
0.405173
0.812767
0.011849
0.867210
0.569392
0.562187
0.650379
0.347880
0.685342
0.467712
0.335994
0.192357
0.146760
0.297052
0.024252
0.942630
0.024463
0.369949
0.005936
0.835460
0.718401
0.063336
0.423428
0.424667
0.141165
0.052230
0.831463
0.807555
0.072374
0.427038
0.948767
0.477547
0.239804
0.960616
0.344757
0.809196
0.522803
0.995136
0.157076
0.208144
0.462848
0.493070
0.400502
0.609608
0.790122
0.424753
0.552238
0.814584
0.794703
0.558174
0.650044
0.513104
0.621510
0.073472
0.937771
0.762675
0.125702
0.769234
0.570231
0.198076
0.196272
0.518998
0.675623
0.436076
0.479614
0.020381
0.245272
0.002417
0.015517
0.402349
0.210561
0.478365
0.895418
0.611063
0.087973
0.685540
0.035816
0.640211
0.500124
0.830519
0.198385
0.150169
0.343623
0.819895
0.223641
0.281394
0.582570
0.349343
0.050628
0.152801
0.547419
0.246900
0.671799
0.223043
0.682976
0.151413
0.243423
0.928249
0.153830
0.258940
0.330597
0.364392
0.737305
0.226016
0.975455
0.825278
0.911556
0.011271
0.465488
0.411680
0.841790
0.663873
0.561849
0.185413
0.483768
0.785490
0.466807
0.066339
0.134833
0.517435
0.219140
0.682252
0.764335
0.890939
0.905295
0.447312
0.042352
0.148718
0.375560
0.196183
0.407658
0.706157
0.560574
0.144964
0.932173
0.536029
0.970241
0.843729
0.547300
0.435730
0.255408
0.389090
0.099603
0.817257
0.574503
0.583371
0.602747
0.041311
0.649710
0.737579
0.558746
0.868850
0.419831
0.323082
0.759789
0.325126
0.770393
0.802141
0.473844
0.145953
0.998323
0.881503
0.852111
0.558898
0.026466
0.784283
0.094926
0.996708
0.628012
0.642226
0.432438
0.883420
0.031316
0.532041
0.700678
0.605820
0.115412
0.303424
0.647130
0.765123
0.041003
0.205876
0.633972
0.460835
0.528958
0.393761
0.785961
0.299351
0.195902
0.259805
0.445304
0.194225
0.141308
0.297415
0.753123
0.167774
0.081698
0.848049
0.164482
0.709710
0.490275
0.596919
0.593131
0.521591
0.128960
0.293808
0.127411
0.244373
0.597232
0.774541
0.009495
0.638236
0.980418
0.643468
0.099071
0.509376
0.037228
0.885031
0.808726
0.233130
0.144837
0.254031
0.427355
0.286144
0.551445
0.180478
0.453919
0.633143
0.028527
0.618400
0.342853
0.518802
0.215320
0.935984
0.040393
0.344280
0.229792
0.167804
0.588653
0.827024
0.942346
0.598148
0.465260
0.922763
0.241616
0.564331
0.432139
0.278844
0.449362
0.240865
0.511974
0.594199
0.494896
0.939330
0.880343
0.046341
0.119807
0.334262
0.679484
0.148334
0.952662
0.022338
0.667136
0.167982
0.958322
0.707529
0.512262
0.188114
0.875333
0.100915
0.015138
0.817679
0.699063
0.480398
0.740442
0.940679
0.044729
0.172581
0.219524
0.494091
0.413446
0.731498
0.088290
0.908342
0.670828
0.968634
0.954683
0.790635
0.302896
0.634167
0.938969
0.255558
0.656505
0.606105
0.423540
0.614826
0.313634
0.935802
0.802940
0.188967
0.036717
0.818078
0.006646
0.735781
0.298477
0.747088
0.676460
0.343206
0.919670
0.895983
0.837297
0.333116
0.627481
0.925588
0.241458
0.298309
0.894221
0.196141
0.088944
0.197117
0.830308
0.027913
0.452675
0.486813
0.634017
0.876215
0.101639
0.947651
0.812017
0.904580
0.136618
0.848734
0.722658
0.143264
0.584515
0.021135
0.890353
0.260975
0.364341
0.810022
0.156958
0.201638
0.143138
0.784440
0.127226
0.384596
0.082748
0.021447
0.580737
0.171692
0.218564
0.411046
0.199605
0.671239
0.897859
0.833622
0.547454
0.999498
0.781273
0.359471
0.904078
0.917891
0.208206
0.626736
0.061155
0.792720
0.647871
0.951508
0.053695
0.012211
0.761530
0.210653
0.213849
0.904668
0.995093
0.341075
0.289264
0.077841
0.362522
0.870001
0.249534
0.581087
0.281047
0.449138
0.252326
0.178906
0.282760
0.799780
0.178404
0.064033
0.159251
0.082483
0.981924
0.367457
0.709219
0.043079
0.160177
0.357089
0.994587
0.213872
0.369301
0.756116
0.424525
0.583150
0.660784
0.419618
0.924225
0.950048
0.497460
0.286748
0.820049
0.746993
0.867834
0.101096
0.196131
0.120160
0.280002
0.478892
0.919940
0.458407
0.542925
0.079191
0.540889
0.524849
0.446648
0.250108
0.567928
0.606825
0.607197
0.562515
0.820697
0.976498
0.318631
0.245222
0.559648
0.979416
0.664841
0.483873
0.929463
0.162300
0.770621
0.749513
0.909293
0.638455
0.850609
0.105425
0.758615
0.130611
0.584316
0.678555
0.589018
0.127241
0.757746
0.129907
0.652091
0.204394
0.380015
0.220019
0.811218
0.987212
0.782534
0.631915
0.963710
0.101166
0.877137
0.523358
0.080581
0.541978
0.007231
0.010044
0.704278
0.777852
0.759557
0.613571
0.416308
0.610166
0.718996
0.174923
0.740777
0.303312
0.853478
0.329795
0.430553
0.611224
0.459702
0.082644
0.815618
0.839717
0.302663
0.626836
0.826930
0.085197
0.258752
0.790640
0.186362
0.135889
0.313998
0.266943
0.677867
0.321229
0.276988
0.382145
0.099082
0.036545
0.995716
0.515389
0.646711
0.714712
0.690312
0.387488
0.018024
0.543790
0.717283
0.448578
0.155014
0.176985
0.531221
0.970632
0.016703
0.833884
0.597469
0.843632
0.919081
0.856220
0.634272
0.105444
0.992109
0.948270
0.372387
0.669976
0.269499
0.649375
0.052121
0.368581
0.685920
0.047838
0.883970
0.332631
0.762550
0.574282
0.720119
0.780574
0.118072
0.437402
0.229152
0.273087
0.614387
0.760373
0.243719
0.631090
0.594257
0.841187
0.474722
0.513339
0.697408
0.108994
0.618782
0.689517
0.057264
0.991170
0.359493
0.326763
0.640545
0.411615
0.695344
0.326465
0.459452
0.579313
0.659096
0.222002
0.153595
0.379214
0.002576
0.271668
0.816616
0.231728
0.544754
0.431003
0.992101
0.788473
0.062093
0.586359
0.629660
0.536816
0.099697
0.327068
0.645810
0.718480
0.016585
0.703074
0.709650
0.376078
0.029837
0.350194
0.787693
0.725181
0.676659
0.247145
0.304495
0.335754
0.469147
0.458090
0.714969
0.471724
0.729758
0.531585
0.703452
0.274512
0.962588
0.695553
0.062985
0.024682
0.281912
0.692645
0.561497
0.381609
0.019713
0.207307
0.100089
0.036298
0.910381
0.809739
0.412376
0.940219
0.159933
0.200069
0.665400
0.836592
0.447214
0.969894
0.172346
0.916361
0.427984
0.887315
0.388085
0.157742
0.418900
0.091537
0.432253
0.381489
0.787090
0.495238
0.406170
0.069002
0.187883
0.967668
0.450611
0.207596
0.174975
0.550700
0.243894
0.085356
0.360439
0.656270
0.025575
0.520372
0.856339
0.690974
0.356964
0.303553
0.660868
0.529310
0.219914
0.088852
0.416625
0.607999
0.246594
0.835525
0.699537
0.678847
0.217014
0.486627
0.174085
0.623184
0.555629
0.361967
0.590852
0.006241
0.569563
0.765827
0.556941
0.813457
0.851183
0.917380
0.469727
0.876758
0.437752
0.326065
0.567732
0.794716
0.629618
0.228601
0.324026
0.849532
0.317453
0.740651
0.457531
0.564047
0.576176
0.157068
0.242894
0.793190
0.643695
0.416979
0.416374
0.199324
0.778946
0.007227
0.205565
0.348510
0.773054
0.762506
0.161966
0.624237
0.679886
0.631693
0.500995
0.117638
0.957758
0.068728
0.912354
0.587376
0.297329
0.236379
0.436907
0.614782
0.977030
0.894438
0.178829
0.553206
0.051506
0.421723
0.346396
0.695200
0.838702
0.762770
0.894524
0.617649
0.769997
0.100089
0.966159
0.543051
0.862594
0.128125
0.167288
0.542480
0.759818
0.668283
0.660118
0.717576
0.737011
0.572472
0.304951
0.034340
0.808851
0.741859
0.649122
0.785881
0.636297
0.827951
0.339086
0.687802
0.249674
0.685482
0.383002
0.088376
0.448252
0.277526
0.706025
0.218249
0.377615
0.672184
0.761299
0.240210
0.800309
0.928587
0.782690
0.560127
0.596870
0.442808
0.277703
0.333881
0.015280
0.582654
0.368221
0.824131
0.324513
0.017342
0.610012
0.960809
0.845293
0.949098
0.648611
0.094967
0.634580
0.031613
0.183344
0.082832
0.309140
0.889369
0.301081
0.686755
0.561553
0.062380
0.926964
0.361862
0.990967
0.709654
0.921988
0.587837
0.152462
0.199691
0.921718
0.167742
0.782345
0.289939
0.991873
0.106858
0.307281
0.601884
0.067667
0.152574
0.550982
0.716278
0.247541
0.185562
0.747891
0.430885
0.268395
0.057031
0.320254
0.569475
0.743786
0.881806
0.631855
0.670750
0.243668
0.622823
0.380404
0.165656
0.210660
0.532867
0.365347
0.132378
0.700609
0.147692
0.422317
0.692482
0.254550
0.729598
0.294366
0.322216
0.882173
0.845349
0.038494
0.129714
0.030911
0.786386
0.560599
0.299306
0.843417
0.880853
0.868781
0.587203
0.762659
0.500637
0.257953
0.006327
0.123459
0.638358
0.171983
0.334119
0.171224
0.537331
0.466497
0.871833
0.685023
0.888814
0.564315
0.939572
0.618412
0.858682
0.261789
0.500585
0.704030
0.300283
0.630299
0.734942
0.086669
0.190898
0.034248
0.930086
0.071750
0.903029
0.517288
0.834410
0.403665
0.775242
0.840737
0.527125
0.413599
0.012720
0.861244
0.584824
0.550051
0.327741
0.456657
0.235074
0.216554
0.020972
0.174646
0.834967
0.879654
0.436435
0.335551
0.583685
0.736718
0.965850
0.318626
0.823386
0.156748
0.352874
0.753472
0.228498
0.255903
0.270760
0.062908
0.659568
0.046002
0.903645
0.186693
0.459601
0.916365
0.047936
0.044425
0.466416
0.375677
0.501082
0.701490
0.592231
0.522055
0.876136
0.427198
0.401709
0.312570
0.762750
0.985393
0.049288
0.728600
0.304020
0.872674
0.885348
0.656894
0.626146
0.113846
0.912796
0.896906
0.176754
0.572364
0.942908
0.080399
0.759057
0.402509
0.996764
0.806993
0.446934
0.463180
0.182670
0.948017
0.164670
0.774902
0.470071
0.040806
0.202100
0.871780
0.353376
0.964849
0.857173
0.402664
0.693449
0.161193
0.275338
0.578797
0.818086
0.901484
0.692643
0.730882
0.798390
0.869397
0.303247
0.741298
0.949796
0.062304
0.143808
0.946561
0.869297
0.590742
0.409741
0.051968
0.538759
0.574411
0.826869
0.008830
0.615216
0.028969
0.880610
0.968592
0.993819
0.737783
0.371256
0.687268
0.898975
0.646594
0.266065
0.717061
0.548077
0.958708
0.447944
0.346467
0.828105
0.751190
0.087766
0.777902
0.813494
0.231574
0.724463
0.682792
0.822316
0.134203
0.734759
0.361074
0.708614
0.561629
0.369904
0.323830
0.590598
0.250514
0.292422
0.584416
0.988296
0.663678
0.271684
0.887272
0.310272
0.537749
0.604333
0.858349
0.496457
0.052277
0.204817
0.324562
0.803467
0.292582
0.102464
0.616961
0.524156
0.826927
0.299753
0.346472
0.961130
0.034512
0.707546
0.669744
0.596141
0.077450
0.993575
0.186739
0.327964
0.285997
0.771155
0.316261
0.949675
0.042839
0.203532
0.259947
0.580588
0.807865
0.118297
0.077045
0.860141
0.323113
0.401607
0.663609
0.615696
0.504072
0.280570
0.139852
0.330999
0.580323
0.486324
0.292129
0.614835
0.193870
0.961873
0.210976
0.271320
0.955448
0.397714
0.599284
0.241445
0.168869
0.915545
0.191120
0.211708
0.119077
0.451067
0.792296
0.926942
0.569364
0.869341
0.787084
0.892477
0.270948
0.450692
0.508173
0.775020
0.731262
0.648025
0.106019
0.311585
0.134349
0.398147
0.926420
0.328218
0.360021
0.137396
0.599538
0.315468
0.535110
0.198823
0.556913
0.703980
0.114368
0.748033
0.915688
0.233445
0.199101
0.707984
0.160387
0.768465
0.577325
0.947471
0.660942
0.848273
0.398163
0.169116
0.623293
0.129425
0.817141
0.729312
0.441010
0.951489
0.127459
0.367430
0.279708
0.487480
0.504826
0.879246
0.802948
0.039936
0.078069
0.359861
0.743916
0.192437
0.107894
0.659604
0.425882
0.306995
0.367588
0.586269
0.075460
0.944913
0.533740
0.736402
0.793187
0.931904
0.905517
0.416480
0.061329
0.722658
0.145792
0.502339
0.674147
0.273251
0.869769
0.953855
0.760731
0.374595
0.833101
0.563679
0.414531
0.911170
0.923540
0.158447
0.103607
0.031435
0.818051
0.529489
0.338429
0.185639
0.115759
0.413889
0.130553
0.649499
0.150291
0.923739
0.581403
0.055808
0.340219
0.642732
0.778466
0.486011
0.145071
0.452614
0.759262
0.014840
0.406469
0.519994
0.389435
0.239570
0.083673
0.803966
0.150741
0.007213
0.962413
0.254348
0.038648
0.780465
0.783837
0.377077
0.966104
0.899596
0.790966
0.096656
0.549095
0.941257
0.020395
0.130498
0.997066
0.360615
0.773229
0.775532
0.846626
0.918300
0.228146
0.605888
0.933139
0.634615
0.125882
0.322574
0.874185
0.209554
0.126540
0.024926
0.216768
0.088953
0.279274
0.255415
0.869418
0.063111
0.632492
0.835522
0.962707
0.423459
0.932178
0.511802
0.364716
0.952574
0.642300
0.361781
0.313188
0.415529
0.137313
0.159814
0.333829
0.365459
0.765702
0.266968
0.000074
0.891584
0.589543
0.874259
0.101138
0.716083
0.899185
0.317906
0.805036
0.178459
0.573321
0.674454
0.241570
0.205813
0.509976
0.204276
0.629272
0.442154
0.716078
0.993988
0.394727
0.358378
0.355769
0.707915
0.773907
0.493083
0.867729
0.107736
0.858542
0.633431
0.374705
0.858616
0.525015
0.964247
0.732876
0.626153
0.680330
0.632061
0.944058
0.485366
0.810520
0.517379
0.159820
0.052090
0.723193
0.669795
0.256366
0.352464
0.111949
0.972445
0.346452
0.506676
0.330823
0.702221
0.214591
0.104730
0.195304
0.082320
0.212466
0.053846
0.715751
0.587171
0.912463
0.240766
0.551418
0.645338
0.866918
0.231748
0.277399
0.810977
0.717113
0.087920
0.328356
0.876933
0.140009
0.051548
0.546728
0.396376
0.404013
0.658677
0.368820
0.750465
0.165352
0.699643
0.452687
0.379943
0.804373
0.647991
0.462263
0.016839
0.701837
0.178014
0.604009
0.614299
0.418780
0.155427
0.259638
0.285698
0.387174
0.537037
0.096675
0.104288
0.624957
0.425031
0.981221
0.764966
0.476579
0.527949
0.161342
0.880592
0.186625
0.530162
0.631057
0.351978
0.229805
0.083744
0.731921
0.034177
0.731734
0.194184
0.051016
0.433571
0.372198
0.655025
0.047871
0.790978
0.810452
0.307509
0.076677
0.197626
0.844546
0.173351
0.301914
0.469503
0.598382
0.283135
0.234469
0.074961
0.811083
0.395811
0.955553
0.997709
0.925972
0.586610
0.349686
0.155777
0.670354
0.081607
0.189954
0.402088
0.275791
0.240969
0.835660
0.647989
0.895994
0.883530
0.438967
0.706446
0.191039
0.515644
0.904072
0.035585
0.688995
0.205986
0.505088
0.287378
0.489121
0.739557
0.362339
0.300204
0.135367
0.317892
0.297913
0.061339
0.904503
0.647599
0.217116
0.574857
0.729205
0.407070
0.976945
0.004996
0.648040
0.812605
0.652985
0.544034
0.696135
0.091953
0.250480
0.887174
0.607597
0.154552
0.922759
0.296592
0.360538
0.427847
0.583970
0.849659
0.167403
0.946309
0.149863
0.302770
0.264201
0.447775
0.364110
0.168704
0.095374
0.581226
0.743561
0.824579
0.988296
0.720506
0.829575
0.636335
0.533110
0.482561
0.180369
0.229245
0.574514
0.430849
0.116419
0.182111
0.585401
0.039178
0.478703
0.945939
0.467025
0.062673
0.795597
0.634428
0.008982
0.945460
0.937198
0.273183
0.393235
0.301308
0.441887
0.488608
0.882534
0.185448
0.313188
0.870830
0.905953
0.142763
0.507165
0.439064
0.625324
0.687534
0.668309
0.199838
0.118383
0.784728
0.381948
0.703784
0.823906
0.860651
0.649723
0.290931
0.923323
0.445320
0.925358
0.932305
0.390780
0.862557
0.205488
0.784014
0.163864
0.647375
0.272623
0.046398
0.832822
0.585810
0.917228
0.738776
0.728573
0.424393
0.177839
0.353897
0.111927
0.846148
0.553735
0.230311
0.630876
0.935683
0.934095
0.454782
0.796334
0.583818
0.745713
0.719657
0.029138
0.671071
0.651962
0.419917
0.533628
0.857450
0.203931
0.697492
0.504825
0.476554
0.743890
0.337647
0.062364
0.661118
0.076422
0.790938
0.085511
0.254262
0.144835
0.197439
0.100410
0.698570
0.427749
0.731286
0.634252
0.361844
0.186068
0.430586
0.945662
0.931780
0.150243
0.974800
0.602852
0.802205
0.394717
0.136479
0.659655
0.598648
0.833971
0.164480
0.075202
0.577862
0.502126
0.137566
0.238980
0.578549
0.928504
0.324491
0.832810
0.073339
0.521929
0.933220
0.771908
0.949679
0.664506
0.406161
0.311523
0.850574
0.836747
0.257185
0.782354
0.986990
0.231984
0.385206
0.789195
0.626701
0.521685
0.448850
0.225349
0.355656
0.613329
0.300551
0.933518
0.115456
0.438117
0.172497
0.694004
0.366621
0.496988
0.526815
0.439959
0.018917
0.460035
0.211867
0.968596
0.124541
0.618028
0.280119
0.975114
0.454775
0.537304
0.757468
0.441765
0.769288
0.142674
0.230959
0.395989
0.664359
0.679809
0.621338
0.020015
0.293138
0.921889
0.953533
0.408594
0.360005
0.126030
0.102598
0.726626
0.623018
0.629413
0.166585
0.641935
0.089448
0.378453
0.610531
0.213989
0.996481
0.890650
0.189104
0.451255
0.427954
0.946572
0.893020
0.197242
0.089246
0.123979
0.593231
0.753605
0.803788
0.214569
0.773620
0.096926
0.136458
0.727152
0.505520
0.496463
0.853183
0.608118
0.223089
0.476201
0.237531
0.389674
0.118136
0.326980
0.768126
0.728667
0.540969
0.764607
0.619318
0.730072
0.215863
0.047271
0.676644
0.108882
0.244513
0.765890
0.232862
0.837745
0.519495
0.036650
0.052314
0.293115
0.133576
0.188772
0.020267
0.639097
0.685235
0.873449
0.247215
0.908324
0.349650
0.484746
0.297998
0.467786
0.811726
0.066124
0.196454
0.352695
0.830731
0.815771
0.082767
0.046594
0.863043
0.759411
0.155476
0.107556
0.525301
0.388338
0.945301
0.044796
0.424988
0.997615
0.337911
0.558564
0.186387
0.358178
0.197661
0.871622
0.231627
0.444876
0.779945
0.581277
0.929622
0.077943
0.049064
0.741348
0.144067
0.245518
0.094043
0.974798
0.061289
0.176810
0.021392
0.924332
0.936221
0.176868
0.031888
0.461523
0.565206
0.977189
0.506319
0.990193
0.974804
0.844230
0.548758
0.161191
0.202408
0.746418
0.032812
0.434035
0.191294
0.812758
0.015313
0.120916
0.890700
0.064376
0.862264
0.034767
0.309894
0.956307
0.009565
0.371183
0.133117
0.030957
0.295515
0.069338
0.207825
0.327403
0.530861
0.773030
0.304592
0.037181
0.763224
0.279396
0.881411
0.311981
0.440587
0.083819
0.058400
0.473400
0.517854
0.249694
0.286157
0.533166
0.370609
0.176857
0.597543
0.232873
0.211625
0.907437
0.189180
0.221190
0.278620
0.322297
0.252147
0.574135
0.391636
0.459971
0.901538
0.922497
0.233001
0.206130
0.959678
0.996225
0.485527
0.841088
0.308207
0.926114
0.924907
0.366606
0.399513
0.442761
0.616300
0.685671
0.975927
0.986909
0.862528
0.573470
0.219783
0.074153
0.480907
0.408963
0.295342
0.759527
0.731260
0.547489
0.333661
0.122896
0.007460
0.235199
0.045393
0.240462
0.441330
0.005070
0.236687
0.926856
0.846159
0.544893
0.852970
0.771065
0.911500
0.252484
0.213826
0.527799
0.938154
0.189753
0.514709
0.800682
0.763223
0.734491
0.874835
0.244129
0.143454
0.170177
0.003656
0.874715
0.717666
0.337317
0.997610
0.725127
0.572517
0.043003
0.965588
0.013847
0.048073
0.202275
0.940703
0.894232
0.747169
0.793673
0.665297
0.658668
0.046157
0.879123
0.186468
0.984311
0.068876
0.701176
0.784993
0.832099
0.435668
0.659828
0.076229
0.579122
0.830005
0.079884
0.453837
0.547672
0.417202
0.451447
0.272798
0.989719
0.494450
0.238386
0.003565
0.542523
0.440662
0.944268
0.436755
0.187830
0.737942
0.102053
0.846499
0.784098
0.981176
0.032966
0.768409
0.050053
0.734143
0.553402
0.882152
0.169811
0.213230
0.958380
0.748933
0.043236
0.038265
0.202769
0.590907
0.455467
0.654216
0.863705
0.445186
0.148666
0.102092
0.448751
0.691190
0.542753
0.393019
0.127945
0.730584
0.130961
0.229998
0.577082
0.915059
0.211174
0.610049
0.683468
0.261227
0.344192
0.236871
0.143379
0.514003
0.450101
0.101759
0.262935
0.493337
0.140024
0.465705
0.084244
0.595491
0.119921
0.947949
0.040677
0.268588
0.050041
0.489428
0.959777
0.592794
0.882447
0.087723
0.323378
0.013408
0.317721
0.900461
0.928467
0.528895
0.510509
0.611936
0.790122
0.854701
0.848807
0.933501
0.368704
0.298908
0.035261
0.631639
0.792245
0.175285
0.097344
0.876488
0.770776
0.217265
0.824437
0.811453
0.485853
0.874478
0.300880
0.445630
0.467272
0.183328
0.533353
0.790650
0.196736
0.851074
0.691111
0.125203
0.379969
0.201620
0.737139
0.170091
0.056322
0.585946
0.103592
0.425026
0.884853
0.138852
0.056665
0.677098
0.314137
0.154008
0.553586
0.084913
0.371273
0.378024
0.896366
0.857126
0.252502
0.197246
0.302756
0.719775
0.380574
0.836109
0.510425
0.577310
0.687182
0.201536
0.702513
0.067151
0.403156
0.439652
0.237242
0.459478
0.025597
0.340834
0.884504
0.910451
0.479686
0.941168
0.587549
0.793823
0.095177
0.141135
0.878737
0.466450
0.519159
0.775103
0.323576
0.771661
0.972349
0.626332
0.491436
0.352923
0.462441
0.001861
0.930232
0.149624
0.203397
0.632745
0.216775
0.606553
0.072397
0.454017
0.066031
0.097994
0.794850
0.950535
0.008445
0.274537
0.891703
0.595993
0.068360
0.986880
0.737129
0.947097
0.453330
0.256287
0.722199
0.776907
0.027948
0.694548
0.403239
0.519384
0.047471
0.865680
0.521245
0.977704
0.015304
0.724641
0.610449
0.232079
0.331194
0.682846
0.686095
0.397226
0.780840
0.480946
0.347761
0.789284
0.755483
0.239464
0.385278
0.823843
0.226344
0.122406
0.770940
0.679674
0.378694
0.493139
0.456581
0.406642
0.187687
0.859820
0.926026
0.235159
0.725500
0.447271
0.212862
0.740804
0.171912
0.823311
0.972882
0.503106
0.506156
0.658978
0.900332
0.286996
0.139924
0.248093
0.076280
0.895406
0.487557
0.461558
0.719249
0.713901
0.583964
0.490189
0.393575
0.962658
0.983328
0.850155
0.369300
0.171015
0.709975
0.295327
0.406174
0.435475
0.742598
0.619036
0.176279
0.914510
0.442346
0.149161
0.417616
0.948503
0.808139
0.317948
0.235498
0.948062
0.566041
0.311779
0.843468
0.053598
0.773337
0.562717
0.767498
0.357301
0.052906
0.161073
0.319959
0.036234
0.011229
0.689260
0.207249
0.721204
0.984587
0.613422
0.156679
0.727184
0.232458
0.332957
0.641694
0.674805
0.482118
0.059310
0.623307
0.290257
0.377259
0.858806
0.238319
0.943300
0.170584
0.081787
0.996898
0.943921
0.644505
0.764396
0.301222
0.697411
0.925469
0.621181
0.733644
0.936698
0.310441
0.940893
0.657901
0.295028
0.554316
0.814580
0.022212
0.786774
0.147537
0.663906
0.461578
0.629655
0.723216
0.084885
0.919912
0.100475
0.943691
0.158230
0.043775
0.114275
0.240018
0.040672
0.058196
0.884523
0.805068
0.359418
0.581933
0.730538
0.980600
0.315578
0.667235
0.291041
0.256471
0.325137
0.586068
0.810787
0.139716
0.608280
0.597561
0.287253
0.272186
0.059139
0.916908
0.995402
0.144024
0.836820
0.095877
0.087715
0.995050
0.139652
0.201991
0.235068
0.180324
0.260187
0.119591
0.985392
0.619606
0.701524
0.715930
0.600205
0.017102
0.383165
0.891246
0.273573
0.708302
0.477314
0.084360
0.848018
0.085594
0.681921
0.135272
0.357780
0.741060
0.052180
0.353182
0.885084
0.889000
0.449059
0.972799
0.884050
0.588711
0.174790
0.119118
0.769035
0.434977
0.238709
0.754427
0.054583
0.940233
0.470357
0.654788
0.957335
0.853523
0.546034
0.230909
0.561824
0.023348
0.315269
0.409843
0.108942
0.997190
0.545114
0.466722
0.738249
0.597294
0.819904
0.623333
0.486294
0.268963
0.596132
0.370344
0.857674
0.770922
0.489462
0.626709
0.205899
0.728171
0.381136
0.260481
0.668405
0.851493
0.915269
0.625740
0.705016
0.461303
0.856649
0.266840
0.484650
0.171918
0.676683
0.593592
0.169107
0.221797
0.060314
0.907356
0.819092
0.880219
0.530689
0.305386
0.149182
0.126821
0.675730
0.006856
0.897743
0.165193
0.633564
0.103642
0.893364
0.014700
0.364124
0.561769
0.866194
0.279393
0.187509
0.571210
0.740696
0.044158
0.838050
0.225346
0.216075
0.514734
0.818938
0.385183
0.736531
0.879253
0.292539
0.555623
0.759471
0.823228
0.861009
0.908653
0.950050
0.536739
0.915509
0.847793
0.701932
0.549073
0.951436
0.595296
0.563773
0.315559
0.157065
0.429967
0.594952
0.344573
0.001177
0.335648
0.388731
0.839228
0.560994
0.604806
0.353962
0.379932
0.989989
0.090493
0.259185
0.282528
0.646115
0.018656
0.105756
0.507124
0.927309
0.055806
0.043864
0.842818
0.903599
0.745796
0.391891
0.855035
0.341091
0.955664
0.170594
0.498156
0.385632
0.765547
0.842729
0.386809
0.101194
0.231460
0.226037
0.662188
0.836266
0.579999
0.042120
0.826255
0.670491
0.301305
0.108782
0.316607
0.319961
0.214539
0.823731
0.247270
0.270345
0.867595
0.090088
0.173944
0.613390
0.481979
0.028979
0.954482
0.437643
0.199574
0.452638
0.823275
0.965120
0.295367
0.210084
0.066314
0.526827
0.436121
0.728502
0.363093
0.016120
0.770622
0.189348
0.686611
0.071927
0.298130
0.003218
0.391888
0.512669
0.826949
0.639158
0.783013
0.694544
0.729246
0.956958
0.307934
0.211225
0.985937
0.262416
0.648868
0.185510
0.715054
0.472142
0.150631
0.010421
0.682226
0.216945
0.537248
0.118347
0.945447
0.900341
0.134467
0.716070
0.089689
0.821078
0.787997
0.387819
0.824296
0.179885
0.900488
0.651245
0.819043
0.683501
0.345789
0.548289
0.640459
0.653723
0.759513
0.626395
0.916139
0.408381
0.811906
0.631193
0.880523
0.962536
0.641613
0.562749
0.179481
0.178861
0.681096
0.124929
0.079202
0.815564
0.840998
0.168890
0.636642
0.628995
0.556709
0.460938
0.808880
0.457197
0.112183
0.627922
0.140698
0.457972
0.176211
0.781157
0.111696
0.935724
0.407552
0.027835
0.344105
0.219458
0.659028
0.224628
0.181994
0.300641
0.787377
0.361475
0.479502
0.468474
0.486404
0.558704
0.284037
0.327402
0.727594
0.920679
0.956397
0.284304
0.381617
0.765277
0.741501
0.493801
0.393199
0.882199
0.951773
0.569410
0.663355
0.063469
0.505135
0.070907
0.091303
0.849240
0.290365
0.750331
0.073868
0.472359
0.050972
0.861245
0.833834
0.530474
0.329718
0.320238
0.089178
0.613756
0.647640
0.816772
0.534435
0.604037
0.101076
0.916052
0.369314
0.842576
0.409852
0.762513
0.724775
0.361625
0.331924
0.388131
0.425094
0.837059
0.459038
0.516397
0.686298
0.749403
0.266728
0.760166
0.221762
0.317700
0.621411
0.055596
0.848174
0.951130
0.375834
0.937351
0.564885
0.023474
0.754123
0.099320
0.627511
0.855199
0.015371
0.996825
0.697776
0.425224
0.759339
0.422551
0.786849
0.091262
0.810681
0.211943
0.928321
0.269719
0.728340
0.614620
0.019122
0.995068
0.374786
0.240885
0.312768
0.996197
0.296481
0.160941
0.947327
0.672315
0.098293
0.512212
0.695789
0.852416
0.611531
0.323300
0.707615
0.626903
0.320126
0.405391
0.052127
0.079464
0.827942
0.838976
0.170727
0.638623
0.050918
0.099048
0.908342
0.779258
0.713667
0.927465
0.774326
0.088453
0.168349
0.087094
0.084650
0.464830
0.248035
0.031977
0.137145
0.346328
0.544189
0.832934
0.198744
0.155720
0.156234
0.906360
0.782623
0.476360
0.311750
0.834750
0.555824
0.139692
0.673726
0.726551
0.778315
0.724644
0.825599
0.686657
0.503902
0.539266
0.614121
0.278228
0.627719
0.782471
0.365322
0.712369
0.247301
0.613358
0.744346
0.384445
0.959686
0.288535
0.217379
0.158430
0.444256
0.373614
0.064790
0.226879
0.849973
0.376540
0.061629
0.405797
0.516232
0.735354
0.132348
0.294546
0.459998
0.957947
0.981203
0.963900
0.497213
0.595325
0.242129
0.124932
0.377795
0.607451
0.837301
0.625096
0.220809
0.581648
0.009541
0.180495
0.870183
0.226921
0.338925
0.314438
0.600534
0.403714
0.541317
0.450508
0.780254
0.602946
0.856305
0.296486
0.338300
0.988653
0.591032
0.798298
0.946600
0.572236
0.762199
0.443813
0.167561
0.004328
0.568744
0.545356
0.611779
0.406046
0.170452
0.832588
0.987693
0.179993
0.013082
0.857876
0.406914
0.352007
0.172314
0.007448
0.755721
0.713632
0.457956
0.535975
0.316578
0.314262
0.832462
0.654878
0.302915
0.423494
0.453176
0.249515
0.995730
0.215375
0.693328
0.163290
0.219703
0.262072
0.708646
0.831482
0.668118
0.879098
0.664069
0.655811
0.059091
0.677152
0.513687
0.466006
0.029159
0.686001
0.473454
0.784880
0.399633
0.931410
0.320855
0.716210
0.245672
0.153317
0.371088
0.548587
0.576811
0.824264
0.798102
0.572540
0.039639
0.491430
0.735831
0.259342
0.753502
0.444477
0.090824
0.421620
0.323575
0.754893
0.077431
0.382666
0.432045
0.591118
0.848672
0.461203
0.277120
0.322126
0.246083
0.676753
0.253536
0.566938
0.392963
0.499208
0.720255
0.764051
0.047795
0.297066
0.588316
0.845897
0.869606
0.627955
0.337327
0.605437
0.887297
0.090829
0.049914
0.978121
0.512450
0.373489
0.733015
0.589881
0.756156
0.165060
0.180999
0.604828
0.626263
0.458118
0.926954
0.872346
0.134871
0.180490
0.439285
0.527834
0.679699
0.159540
0.291885
0.727494
0.456606
0.880201
0.573391
0.326212
0.508156
0.910718
0.931649
0.395453
0.001548
0.981563
0.373574
0.513997
0.355052
0.106589
0.103878
0.111208
0.271648
0.284877
0.716035
0.897911
0.742995
0.642989
0.770258
0.877866
0.823479
0.209542
0.405700
0.503178
0.369082
0.697585
0.230671
0.825688
0.577786
0.804062
0.151899
0.085942
0.714780
0.083548
0.481395
0.716328
0.065111
0.854969
0.230325
0.420164
0.961558
0.334203
0.531371
0.233206
0.619079
0.247406
0.131117
0.362074
0.890395
0.901375
0.239940
0.713874
0.110917
0.645640
0.217052
0.479999
0.343225
0.447723
0.305687
0.921011
0.251785
0.457586
0.006952
0.966566
0.541134
0.488347
0.682894
0.606246
0.343316
0.913219
0.026409
0.304873
0.247422
0.557780
0.538079
0.866501
0.805187
0.669197
0.228575
0.695582
0.570572
0.468516
0.409456
0.681489
0.114156
0.626508
0.161488
0.457381
0.074231
0.467175
0.378392
0.326016
0.924761
0.385345
0.292581
0.465895
0.873692
0.975475
0.072141
0.217007
0.888694
0.098550
0.521881
0.136115
0.656331
0.059960
0.002616
0.461517
0.729157
0.231192
0.157099
0.299729
0.699707
0.566555
0.981218
0.813863
0.193063
0.142705
0.271244
0.267294
0.609880
0.649636
0.593309
0.534641
0.034981
0.885891
0.000535
0.908673
0.861366
0.072676
0.125680
0.750060
0.171226
0.647561
0.886175
0.827557
0.707521
0.888791
0.289075
0.436678
0.119983
0.446174
0.736407
0.819690
0.012729
0.717624
0.633553
0.205792
0.860330
0.904798
0.473086
0.470210
0.554434
0.066395
0.004850
0.589415
0.952286
0.005386
0.498088
0.813652
0.078062
0.623768
0.563711
0.249289
0.271329
0.449886
0.076846
0.978850
0.338677
0.365920
0.415528
0.458660
0.812094
0.151935
0.278350
0.824824
0.869559
0.911903
0.030616
0.729889
0.816701
0.503701
0.200099
0.371135
0.570096
0.204949
0.960550
0.522382
0.210335
0.458638
0.336034
0.288397
0.082406
0.899745
0.537686
0.353734
0.349631
0.614531
0.332584
0.688309
0.980452
0.748112
0.146969
0.792546
0.900047
0.425319
0.617369
0.769606
0.337222
0.647985
0.499495
0.153923
0.151687
0.699593
0.525059
0.721783
0.904542
0.485609
0.244165
0.114877
0.944247
0.580199
0.403274
0.026653
0.479944
0.940960
0.380387
0.829576
0.555491
0.712971
0.517884
0.535943
0.461083
0.664853
0.328488
0.361130
0.090171
0.945858
0.130736
0.427394
0.593843
0.630230
0.581317
0.745530
0.329824
0.106375
0.467313
0.234366
0.591984
0.711478
0.349243
0.536231
0.291677
0.752517
0.562884
0.771622
0.693477
0.943271
0.601197
0.248967
0.656242
0.119081
0.784910
0.117326
0.783934
0.113398
0.478456
0.874105
0.059256
0.609191
0.301499
0.653100
0.239421
0.882816
0.398629
0.569245
0.989191
0.865942
0.803611
0.581176
0.577420
0.152854
0.117407
0.869097
0.905371
0.680291
0.640719
0.598847
0.623562
0.241916
0.847815
0.279804
0.360997
0.632725
0.397129
0.144931
0.746123
0.875585
0.019037
0.805380
0.484776
0.320535
0.458479
0.724198
0.203351
0.857109
0.293443
0.192543
0.723051
0.097053
0.773718
0.300471
0.249907
0.891125
0.169568
0.155278
0.571416
0.810287
0.754126
0.194977
0.052202
0.601940
0.474781
0.413200
0.234665
0.871910
0.558131
0.980789
0.747495
0.577167
0.786168
0.232271
0.897703
0.244647
0.956469
0.101054
0.101756
0.249911
0.293597
0.824807
0.346965
0.067315
0.125277
0.596872
0.958440
0.294845
0.752150
0.529856
0.105131
0.506276
0.724833
0.157334
0.108216
0.199614
0.570533
0.342881
0.071525
0.128664
0.323670
0.819020
0.705832
0.109838
0.051291
0.603534
0.354486
0.007760
0.704589
0.456242
0.257671
0.998185
0.281048
0.604635
0.065501
0.406325
0.201507
0.023941
0.701170
0.953657
0.553797
0.806301
0.459933
0.278630
0.963635
0.568149
0.478245
0.534169
0.911030
0.549769
0.662833
0.234700
0.368789
0.368665
0.344538
0.420080
0.972199
0.699024
0.427840
0.676788
0.155265
0.685510
0.674973
0.436313
0.290145
0.740474
0.842639
0.491653
0.764415
0.543809
0.445310
0.318212
0.350110
0.905242
0.596842
0.313746
0.473391
0.075087
0.847914
0.384420
0.624856
0.510747
0.619120
0.993645
0.879412
0.963658
0.413725
0.851611
0.662682
0.841565
0.528399
0.817947
0.527075
0.203372
0.254260
0.817221
0.943846
0.096899
0.308873
0.708260
0.640708
0.754183
0.026472
0.990818
0.659425
0.623314
0.304563
0.132816
0.698401
0.152478
0.517236
0.323257
0.663225
0.136356
0.316902
0.542637
0.100015
0.730627
0.394249
0.762696
0.572192
0.922647
0.580643
0.099267
0.126019
0.834904
0.916488
0.069865
0.931803
0.225361
0.778125
0.572510
0.979544
0.804597
0.563328
0.638969
0.427911
0.867891
0.771785
0.126311
0.020369
0.289021
0.449568
0.683594
0.425377
0.766470
0.226231
0.525392
0.497097
0.620480
0.288088
0.069290
0.543127
0.868731
0.168557
0.669147
0.703635
0.085045
0.739012
0.635437
0.310406
0.517137
0.207948
0.289951
0.321734
0.771276
0.928920
0.749645
0.639167
0.700704
0.875956
0.659536
0.989725
0.325524
0.343130
0.415102
0.091994
0.569361
0.940494
0.589091
0.189841
0.228582
0.658381
0.732968
0.097313
0.826938
0.402114
0.800948
0.911983
0.141126
0.436385
0.222389
0.658262
0.644333
0.512340
0.979996
0.415609
0.441259
0.729641
0.054775
0.141963
0.605597
0.714311
0.131688
0.931121
0.057441
0.546791
0.023114
0.626802
0.487285
0.612205
0.816642
0.715866
0.270586
0.549610
0.813179
0.097524
0.951724
0.614127
0.009506
0.092850
0.050513
0.231895
0.751112
0.694846
0.744235
0.731109
0.110454
0.185494
0.460749
0.165230
0.327458
0.066346
0.879541
0.459146
0.997467
0.936982
0.005937
0.020581
0.563783
0.493221
0.632787
0.380426
0.209088
0.903373
0.930036
0.022267
0.000896
0.881760
0.636395
0.010403
0.974610
0.686907
0.242298
0.725722
0.381753
0.986533
0.456830
0.492208
0.172028
0.917580
0.657437
0.499485
0.983926
0.536978
0.958631
0.981392
0.473960
0.964568
0.001973
0.037743
0.457790
0.634760
0.418169
0.666877
0.538133
0.348205
0.689145
0.539029
0.229964
0.325539
0.549432
0.204574
0.012447
0.791730
0.930296
0.394200
0.778264
0.387126
0.886408
0.950291
0.304706
0.543845
0.449777
0.288632
0.080823
0.408408
0.270024
0.554783
0.372976
0.271997
0.592527
0.830766
0.906757
0.010696
0.497644
0.444890
0.358901
0.186788
0.983919
0.588865
0.512328
0.533351
0.793439
0.524774
0.325081
0.723735
0.918974
0.103345
0.110861
0.805382
0.053636
0.415567
0.349227
0.503413
0.704199
0.430050
0.911821
0.974223
0.984834
0.284797
0.246220
0.577361
0.115563
0.152978
0.588057
0.613207
0.597868
0.946957
0.799995
0.581787
0.535823
0.312322
0.115138
0.329262
0.837097
0.440219
0.052997
0.756071
0.543564
0.163858
0.561453
0.597200
0.579425
0.910680
0.100613
0.283624
0.340730
0.012433
0.257847
0.325563
0.297230
0.504067
0.902924
0.412793
0.657045
0.490981
0.026000
0.254913
0.437938
0.825995
0.836700
0.973761
0.138317
0.951838
0.303023
0.975414
0.392057
0.356019
0.731485
0.935621
0.519877
0.292938
0.532821
0.099302
0.203617
0.633434
0.382926
0.544347
0.645867
0.640773
0.869911
0.943097
0.144841
0.772835
0.355890
0.801886
0.263816
0.381890
0.056800
0.701754
0.207885
0.893500
0.675515
0.346202
0.845338
0.978537
0.321616
0.237396
0.334556
0.053101
0.173017
0.854434
0.346039
0.705839
0.953736
0.549656
0.339273
0.336663
0.094003
0.985140
0.977436
0.963914
0.928237
0.122277
0.736749
0.284128
0.924163
0.000565
0.666018
0.980963
0.702318
0.873903
0.874463
0.377833
0.220105
0.719801
0.356370
0.541721
0.957197
0.690926
0.594822
0.130214
0.545360
0.940860
0.836053
0.499096
0.490516
0.175326
0.835759
0.584519
0.160466
0.813195
0.548434
0.088703
0.935472
0.285183
0.372831
0.859635
0.285747
0.038849
0.840598
0.988066
0.912752
0.715061
0.365899
0.132857
0.434862
0.722269
0.674578
0.392059
0.413195
0.269399
0.522273
0.958555
0.210259
0.358327
0.457651
0.700775
0.533652
0.293409
0.285295
0.694118
0.106604
0.833728
0.782821
0.042076
0.118911
0.155652
0.901710
0.404658
0.194501
0.742308
0.392724
0.107254
0.457369
0.758623
0.240111
0.892231
0.480891
0.914688
0.284290
0.894086
0.184088
0.806564
0.852641
0.394347
0.164890
0.310292
0.095122
0.698543
0.603701
0.380417
0.392661
0.710305
0.214146
0.175482
0.752381
0.333057
0.331134
0.654091
0.737715
0.525636
0.396399
0.130439
0.632889
0.853768
0.889062
0.873000
0.746000
0.369953
0.787688
0.030290
0.264039
0.971776
0.836854
0.116680
0.366123
0.001744
0.426971
0.461245
0.700286
0.030673
0.841663
0.092947
0.740978
0.055808
0.268429
0.493358
0.388865
0.599564
0.147449
0.126580
0.125199
0.543849
0.257019
0.758089
0.397617
0.146081
0.631089
0.143617
0.516033
0.418777
0.173907
0.780072
0.390553
0.010760
0.896752
0.756675
0.012504
0.323723
0.217921
0.712790
0.354396
0.059583
0.805738
0.095374
0.115392
0.074167
0.588732
0.504257
0.673730
0.736182
0.630837
0.798930
0.280030
0.887856
0.557019
0.677647
0.033936
0.188107
0.821264
0.549970
0.606884
0.995171
0.330042
0.997437
0.005931
0.226794
0.754112
0.018435
0.550517
0.972033
0.731225
0.904914
0.031616
0.536963
0.000287
0.147008
0.611130
0.589019
0.651264
0.284860
0.325201
0.282101
0.083790
0.605231
0.169957
0.640808
0.282879
0.203893
0.828916
0.104143
0.753863
0.435800
0.099313
0.083905
0.433236
0.105244
0.310699
0.187349
0.123679
0.861217
0.159381
0.854904
0.766130
0.190997
0.391867
0.766417
0.338005
0.002996
0.355437
0.989269
0.287856
0.680638
0.271370
0.371646
0.285869
0.441326
0.012454
0.568748
0.645219
0.841370
0.672891
0.399082
0.277170
0.772204
0.482987
0.710406
0.877449
0.793686
0.897755
0.001128
0.654903
0.057136
0.856032
0.421033
0.248133
0.247899
0.187450
0.586138
0.250895
0.542887
0.575407
0.538751
0.223525
0.846777
0.910397
0.509394
0.288103
0.922852
0.078142
0.933322
0.764222
0.751033
0.332404
0.041392
0.523237
0.815391
0.751798
0.400686
0.609077
0.649552
0.401813
0.263980
0.706688
0.257845
0.685013
0.954822
0.505743
0.872463
0.540960
0.756638
0.415351
0.116367
0.295390
0.638876
0.963143
0.205787
0.148270
0.251246
0.128639
0.226412
0.184568
0.892861
0.977445
0.516972
0.934252
0.500682
0.332363
0.686050
0.901368
0.941441
0.335602
0.303181
0.205421
0.042291
0.561026
0.890434
0.997112
0.066769
0.762898
0.538072
0.823408
0.178248
0.654439
0.118797
0.817124
0.617582
0.324584
0.965394
0.868828
0.453223
0.191806
0.053397
0.346084
0.169250
0.570369
0.280336
0.669932
0.902733
0.966386
0.571300
0.844173
0.301989
0.874481
0.049594
0.344280
0.435507
0.940028
0.341392
0.502276
0.702926
0.879464
0.325684
0.881174
0.533903
0.444481
0.698298
0.151485
0.769066
0.663692
0.020314
0.222289
0.855497
0.073710
0.568373
0.024748
0.644079
0.848709
0.694680
0.546812
0.815096
0.265980
0.390985
0.117085
0.140461
0.440580
0.461364
0.575968
0.380608
0.802756
0.078244
0.083534
0.682221
0.403928
0.964708
0.216124
0.848409
0.663006
0.367609
0.617474
0.326698
0.387923
0.839763
0.182195
0.461633
0.408136
0.206943
0.105712
0.256846
0.901623
0.652524
0.071941
0.167603
0.043509
0.189026
0.308064
0.484089
0.650390
0.884032
0.864697
0.453147
0.962276
0.948231
0.135368
0.366204
0.912939
0.351491
0.214613
0.575945
0.719100
0.832087
0.902643
0.107023
0.671850
0.084838
0.568656
0.079987
0.291781
0.674368
0.336832
0.193404
0.326892
0.408773
0.361007
0.370401
0.597799
0.669071
0.854490
0.248190
0.553104
0.719187
0.701337
0.515380
0.667418
0.836704
0.881584
0.580358
0.188196
0.096197
0.156303
0.907296
0.928284
0.058946
0.014318
0.600135
0.143784
0.582974
0.680121
0.435565
0.257342
0.016953
0.628969
0.584234
0.425727
0.989976
0.954635
0.023526
0.659047
0.809126
0.271716
0.212151
0.528313
0.973053
0.727531
0.195732
0.809757
0.609115
0.776089
0.997953
0.705313
0.932392
0.905249
0.633597
0.991338
0.919567
0.233732
0.135122
0.502541
0.913853
0.570687
0.759883
0.930807
0.199655
0.344117
0.356534
0.189631
0.298753
0.380060
0.848678
0.107878
0.651776
0.060829
0.636192
0.624829
0.788360
0.831924
0.434587
0.397475
0.608013
0.432540
0.102788
0.540405
0.337789
0.736385
0.531743
0.257356
0.970117
0.666865
0.759897
0.883971
0.237552
0.519781
0.814777
0.437207
0.863898
0.171311
0.626838
0.162650
0.551371
0.475516
0.270529
0.203147
0.536345
0.906721
0.827976
0.324704
0.738644
0.262563
0.722180
0.346657
0.695102
0.824968
0.887062
0.032891
0.561353
0.418805
0.290247
0.531470
0.085670
0.050144
0.415441
0.323222
0.569925
0.230218
0.760429
0.433823
0.401529
0.387267
0.596473
0.952900
0.862783
0.867002
0.156047
0.399127
0.773723
0.984023
0.723832
0.512367
0.246586
0.446011
0.859024
0.941688
0.270979
0.746086
0.974579
0.832332
0.164891
0.264826
0.363802
0.250561
0.314971
0.779243
0.573782
0.884896
0.009461
0.334211
0.318718
0.410991
0.721477
0.915192
0.363891
0.584260
0.782194
0.519938
0.983387
0.555916
0.503961
0.707219
0.068283
0.750547
0.153230
0.927307
0.692236
0.424209
0.673393
0.666815
0.256541
0.838283
0.931642
0.620343
0.088844
0.246612
0.399586
0.662626
0.131508
0.409048
0.996837
0.450226
0.820038
0.718314
0.365417
0.183929
0.302573
0.147611
0.703867
0.285960
0.703527
0.207828
0.993179
0.771810
0.958376
0.146409
0.699117
0.650612
0.570618
0.372510
0.317427
0.827159
0.210793
0.249068
0.447502
0.299637
0.495681
0.847088
0.962263
0.627188
0.256136
0.959099
0.077414
0.076174
0.677413
0.442832
0.260103
0.979987
0.590443
0.963970
0.265947
0.293970
0.171798
0.259126
0.065780
0.130174
0.405535
0.764898
0.780785
0.976152
0.137407
0.098212
0.803311
0.348201
0.347281
0.250812
0.647838
0.842961
0.097901
0.610100
0.470150
0.354036
0.569200
0.547564
0.430210
0.246613
0.990396
0.690313
0.226600
0.580839
0.654283
0.492547
0.874809
0.826082
0.751673
0.940589
0.956256
0.157207
0.705487
0.737041
0.133359
0.842894
0.835253
0.936670
0.191094
0.182534
0.187482
0.838932
0.025496
0.285383
0.449032
0.495646
0.639419
0.018232
0.043210
0.069630
0.264845
0.033605
0.759943
0.491445
0.614444
0.414227
0.983992
0.489252
0.240308
0.735665
0.429841
0.196564
0.892872
0.135328
0.933605
0.026231
0.978222
0.768858
0.962901
0.169316
0.951393
0.150384
0.008248
0.976889
0.435767
0.457281
0.472534
0.075186
0.475513
0.515744
0.144816
0.740359
0.549349
0.904759
0.231804
0.163793
0.318986
0.215796
0.653045
0.559294
0.951461
0.082887
0.755858
0.844332
0.218215
0.689463
0.870564
0.196437
0.458322
0.833465
0.365753
0.409714
0.983849
0.374001
0.386603
0.419615
0.831282
0.859137
0.494802
0.306796
0.374881
0.639617
0.047154
0.924230
0.544376
0.278958
0.088022
0.863362
0.494754
0.741068
0.422656
0.446215
0.823954
0.178514
0.290548
0.042169
0.867977
0.161111
0.238606
0.326299
0.994576
0.604359
0.736013
0.978425
0.978360
0.122616
0.398040
0.809643
0.981753
0.892842
0.116438
0.356633
0.532459
0.163593
0.280863
0.076835
0.442551
0.368885
0.940197
0.937305
0.109953
0.362853
0.383521
0.933907
0.541367
0.674068
0.976076
0.409344
0.835179
0.214682
0.735643
0.829755
0.819040
0.471656
0.808180
0.797401
0.594272
0.206221
0.607043
0.576025
0.099063
0.723481
0.932659
0.631522
0.887074
0.213522
0.708357
0.329625
0.582407
0.648555
0.266931
0.692360
0.011408
0.650451
0.626267
0.552775
0.324519
0.602343
0.962120
0.159699
0.817025
0.697763
0.989454
0.636065
0.169419
0.797635
0.433466
0.763691
0.003855
0.040509
0.339717
0.102918
0.763991
0.272375
0.734440
0.651065
0.485897
0.442797
0.980690
0.068304
0.091352
0.247621
0.760663
0.102759
0.898072
0.386930
0.655534
0.222592
0.989273
0.617654
0.382290
0.806298
0.315417
0.371744
0.442363
0.484836
0.169379
0.875829
0.248527
0.173234
0.916339
0.588244
0.276152
0.680329
0.860619
0.010592
0.331394
0.346516
0.453389
0.312084
0.414820
0.544740
0.559705
0.175483
0.647500
0.457778
0.562413
0.303034
0.680369
0.551686
0.920688
0.062659
0.357984
0.236105
0.434403
0.800347
0.720941
0.603782
0.676177
0.969469
0.777016
0.592515
0.557713
0.053168
0.272845
0.418332
0.063760
0.604239
0.764848
0.517149
0.916324
0.179668
0.061889
0.476029
0.355151
0.709389
0.933807
0.917564
0.012423
0.614176
0.469250
0.933112
0.676835
0.827234
0.169217
0.111238
0.627581
0.890158
0.715021
0.303758
0.859627
0.492037
0.896273
0.417340
0.545205
0.169118
0.835672
0.608965
0.773357
0.600520
0.126114
0.689681
0.780188
0.188004
0.165710
0.135339
0.897393
0.099517
0.052902
0.909816
0.713693
0.522152
0.842928
0.390527
0.349385
0.012145
0.501766
0.976966
0.902303
0.216786
0.280724
0.761930
0.708823
0.176998
0.179270
0.254028
0.346116
0.014942
0.862994
0.119473
0.615462
0.989108
0.809155
0.395650
0.177112
0.974865
0.530989
0.074505
0.074382
0.583891
0.984322
0.788074
0.106043
0.827250
0.178602
0.455428
0.839395
0.680367
0.432394
0.741698
0.897154
0.713119
0.503628
0.605977
0.890117
0.682898
0.860005
0.236233
0.697840
0.722999
0.355706
0.313302
0.712107
0.164861
0.708952
0.889219
0.139726
0.239941
0.963724
0.214108
0.823832
0.948046
0.002182
0.929874
0.775296
0.180784
0.385302
0.614690
0.861151
0.817697
0.356388
0.758305
0.530816
0.860016
0.364281
0.420932
0.542913
0.224286
0.657165
0.240753
0.947285
0.012871
0.554055
0.659392
0.177732
0.263007
0.548611
0.317458
0.502948
0.512336
0.531565
0.326780
0.460382
0.533747
0.256654
0.235678
0.714531
0.641956
0.850368
0.575682
0.459653
0.206756
0.333987
0.990469
0.066771
0.698268
0.411401
0.609685
0.922554
0.068566
0.850438
0.869840
0.081437
0.404493
0.529232
0.259168
0.667500
0.077843
0.576626
0.170448
0.590179
0.108191
0.497228
0.050561
0.641938
0.753882
0.286239
0.356469
0.395838
0.136606
0.932151
0.855491
0.343362
0.266138
0.845960
0.410133
0.964407
0.257361
0.019818
0.886961
0.325926
0.870256
0.756801
0.407363
0.274749
0.286032
0.666531
0.942249
0.363876
0.243157
0.112698
0.954055
0.351348
0.609925
0.004616
0.993287
0.363807
0.290855
0.349756
0.759646
0.427461
0.281908
0.615137
0.770823
0.548046
0.461097
0.180956
0.512453
0.718458
0.200775
0.399414
0.044384
0.071031
0.156214
0.451747
0.345780
0.442247
0.118279
0.288029
0.806122
0.361436
0.400727
0.760177
0.712784
0.010652
0.764793
0.706071
0.374460
0.055648
0.055827
0.134105
0.483109
0.337735
0.749242
0.253932
0.885781
0.210340
0.434889
0.398233
0.928797
0.635663
0.797647
0.973182
0.706694
0.953861
0.424929
0.052474
0.396108
0.543208
0.340503
0.202230
0.904644
0.741230
0.962407
0.617428
0.751882
0.727201
0.323499
0.126342
0.782849
0.379326
0.260447
0.265958
0.717061
0.009690
0.519891
0.602842
0.220029
0.954779
0.001076
0.148826
0.590443
0.798722
0.122008
0.297137
0.752584
0.546937
0.349611
0.148691
0.090145
0.690114
0.350921
0.994788
0.431343
0.313328
0.612216
0.183225
0.040529
0.935715
0.309567
0.823378
0.315042
0.570014
0.089336
0.032103
0.579704
0.609227
0.634945
0.799733
0.564006
0.636021
0.948559
0.154449
0.434743
0.070567
0.451586
0.187327
0.617505
0.801196
0.336018
0.707649
0.491310
0.686939
0.702438
0.922653
0.000267
0.314654
0.105879
0.040796
0.250370
0.415446
0.864174
0.565411
0.985460
0.953510
0.597514
0.565163
0.562737
0.232459
0.364896
0.126743
0.868480
0.313455
0.281191
0.303223
0.384022
0.732777
0.490550
0.001527
0.533973
0.826567
0.709176
0.025283
0.513506
0.411614
0.947936
0.513774
0.726269
0.053815
0.554570
0.976638
0.469260
0.418745
0.542050
0.454720
0.372255
0.139564
0.019883
0.934992
0.372024
0.384779
0.061734
0.240504
0.698234
0.342926
0.543727
0.082257
0.075703
0.034277
0.083784
0.609676
0.860844
0.792960
0.634959
0.374350
0.204575
0.582895
0.888124
0.930843
0.636710
0.442694
0.907482
0.105970
0.861439
0.449532
0.560691
0.233694
0.589096
0.580574
0.168686
0.961119
0.965354
0.230420
0.201623
0.663588
0.573345
0.745350
0.745845
0.649048
0.779627
0.829629
0.258724
0.640471
0.622589
0.893683
0.014821
0.827164
0.476578
0.902945
0.758008
0.113288
0.345640
0.665490
0.219259
0.207079
0.115021
0.779949
0.440773
0.704117
0.360523
0.609458
0.665236
0.325877
0.839878
0.866859
0.989465
0.413223
0.612209
0.735310
0.062272
0.391836
0.564939
0.320996
0.032306
0.187528
0.214679
0.047127
0.014692
0.691257
0.950073
0.772700
0.804545
0.295712
0.438190
0.023803
0.502791
0.553211
0.803753
0.943564
0.257328
0.164276
0.553022
0.922564
0.490153
0.392900
0.789424
0.479618
0.806123
0.401633
0.214927
0.868394
0.793469
0.779866
0.189390
0.825775
0.967394
0.404069
0.872903
0.982087
0.095325
0.822975
0.754787
0.899870
0.118687
0.192977
0.923673
0.621478
0.746188
0.727426
0.565042
0.003515
0.891702
0.118063
0.926079
0.381855
0.510963
0.715503
0.861472
0.317086
0.117136
0.076400
0.185480
0.910605
0.856266
0.374870
0.736380
0.823660
0.778939
0.609283
0.805747
0.874264
0.432258
0.560534
0.774134
0.550945
0.753511
0.697808
0.172423
0.499698
0.425234
0.737465
0.503213
0.316935
0.855528
0.429293
0.698790
0.366491
0.144796
0.560262
0.683577
0.261932
0.636662
0.869057
0.172536
0.492927
0.243927
0.908916
0.316588
0.022866
0.518199
0.122335
0.897131
0.950457
0.682868
0.671265
0.501402
0.436379
0.369073
0.673825
0.936077
0.794307
0.411290
0.439290
0.111242
0.266818
0.868583
0.810032
0.633309
0.013379
0.370294
0.316885
0.275311
0.006956
0.185943
0.447847
0.499883
0.429870
0.356763
0.816471
0.452736
0.874962
0.938805
0.349867
0.825419
0.621674
0.021132
0.326820
0.058053
0.390205
0.000645
0.994130
0.184512
0.411935
0.433420
0.295754
0.678752
0.302003
0.105786
0.312061
0.315382
0.476080
0.628947
0.590693
0.483036
0.814889
0.038540
0.982919
0.244759
0.395304
0.799390
0.697495
0.270266
0.738195
0.047363
0.095685
0.359869
0.068495
0.422505
0.417922
0.458701
0.423151
0.412051
0.643212
0.835085
0.845471
0.938966
0.513838
0.147475
0.044752
0.825899
0.462857
0.520832
0.454845
0.053551
0.003868
0.269734
0.092091
0.986786
0.514493
0.487395
0.786176
0.211989
0.757661
0.524371
0.259352
0.853346
0.884240
0.327847
0.275851
0.302162
0.786548
0.699002
0.714213
0.429760
0.534087
0.559685
0.368726
0.047925
0.707160
0.413478
0.873824
0.170017
0.934310
0.328669
0.223568
0.938178
0.598404
0.315659
0.924965
0.112897
0.803053
0.711141
0.324886
0.560714
0.235512
0.584238
0.414059
0.119752
0.912085
0.689910
0.421914
0.698632
0.388912
0.136127
0.128392
0.922999
0.695812
0.497119
0.970924
0.402972
0.910597
0.844747
0.572989
0.844907
0.173417
0.796556
0.783086
0.771820
0.112215
0.708050
0.884717
0.915268
0.419191
0.209603
0.475982
0.654703
0.793841
0.890041
0.774455
0.705926
0.579951
0.196369
0.404558
0.968863
0.332497
0.532950
0.891862
0.028309
0.030069
0.862786
0.431281
0.940666
0.707533
0.004269
0.785573
0.880950
0.800826
0.568659
0.652770
0.913040
0.276709
0.537487
0.828308
0.695900
0.747091
0.304290
0.350602
0.540932
0.194331
0.125058
0.246858
0.774283
0.321427
0.651416
0.743146
0.653924
0.184366
0.635008
0.682233
0.214435
0.497794
0.113513
0.155101
0.205327
0.117783
0.940674
0.086276
0.918608
0.509333
0.739046
0.831649
0.786041
0.276533
0.659957
0.481941
0.023624
0.964247
0.832543
0.564556
0.158578
0.957601
0.811413
0.932860
0.279028
0.462829
0.676006
0.932952
0.647195
0.311014
0.615185
0.861630
0.808808
0.728698
0.016730
0.014134
0.846481
0.957404
0.100411
0.765089
0.466736
0.839457
0.596738
0.252778
0.115990
0.256695
0.734719
0.139614
0.220941
0.567262
0.704170
0.379519
0.524863
0.515584
0.312380
0.803891
0.978412
0.988386
0.736844
0.625607
0.299400
0.352029
0.487237
0.108208
0.080727
0.503967
0.122342
0.927208
0.461371
0.222753
0.692297
0.928108
0.062210
0.289035
0.180885
0.178200
0.545730
0.915604
0.317815
0.766671
0.482866
0.021985
0.146190
0.007729
0.537569
0.458570
0.811621
0.515981
0.446956
0.548465
0.141588
0.746356
0.900493
0.628825
0.854563
0.981220
0.132793
0.976905
0.908428
0.594164
0.199658
0.600725
0.522271
0.261868
0.889760
0.703156
0.440069
0.435490
0.618760
0.757883
0.202161
0.101627
0.779868
0.348352
0.109356
0.317437
0.806921
0.920977
0.833418
0.253877
0.469442
0.975006
0.000233
0.369935
0.603832
0.854796
0.351155
0.736624
0.831701
0.259583
0.330788
0.031360
0.860308
0.853059
0.293228
0.750068
0.556215
0.733297
0.185558
0.174976
0.491180
0.387720
0.276602
0.271049
0.736071
0.385958
0.588486
0.542993
0.306935
0.421904
0.796870
0.776377
0.396910
0.797102
0.146311
0.000742
0.651898
0.497466
0.737366
0.483600
0.757049
0.068154
0.514959
0.617356
0.921212
0.808188
0.367425
0.477428
0.541484
0.552983
0.652403
0.032665
0.940703
0.929006
0.303713
0.676774
0.314964
0.892199
0.219767
0.621900
0.314103
0.016636
0.398276
0.711012
0.813738
0.544588
0.711754
0.465637
0.042054
0.449120
0.949236
0.799103
0.517274
0.464196
0.416459
0.438486
0.272383
0.783884
0.915914
0.813868
0.336867
0.568317
0.846532
0.277570
0.497323
0.150246
0.954344
0.812287
0.042444
0.174110
0.434187
0.356547
0.190746
0.832463
0.067559
0.004485
0.377051
0.779314
0.470121
0.419105
0.228434
0.419358
0.218207
0.745707
0.883554
0.634666
0.184193
0.155937
0.418550
0.100107
0.969805
0.755417
0.668424
0.816337
0.032987
0.165747
0.966583
0.987330
0.978034
0.009027
0.161440
0.412221
0.365574
0.352186
0.244684
0.433134
0.356671
0.621735
0.212447
0.826792
0.040840
0.440881
0.246150
0.259047
0.186588
0.129703
0.893714
0.370781
0.285641
0.312264
0.470888
0.255445
0.067681
0.139312
0.071783
0.100667
0.305059
0.038365
0.087998
0.283093
0.047392
0.249438
0.695314
0.412967
0.601624
0.939998
0.846100
0.958295
0.561733
0.058547
0.785087
0.602573
0.499428
0.031237
0.861621
0.686015
0.160940
0.755335
0.056796
0.446580
0.067599
0.527684
0.702026
0.135280
0.666995
0.773808
0.235947
0.972054
0.812174
0.323945
0.255148
0.859566
0.573382
0.950462
0.272533
0.175006
0.890460
0.118633
0.133301
0.452194
0.177180
0.918387
0.054767
0.676608
0.949624
0.916388
0.362623
0.110564
0.671723
0.419419
0.557144
0.739321
0.947103
0.259170
0.874601
0.614098
0.032979
0.110548
0.586153
0.845152
0.434492
0.841300
0.704718
0.007875
0.791762
0.977251
0.182881
0.682222
0.095884
0.316181
0.134416
0.273064
0.234569
0.189183
0.949671
0.184193
0.105571
0.312294
0.294757
0.777294
0.731713
0.851901
0.516615
0.678816
0.111071
0.391216
0.292915
0.144050
0.501764
0.879067
0.989202
0.936256
0.720368
0.693920
0.944131
0.512130
0.671172
0.127012
0.194352
0.767056
0.443193
0.328768
0.040119
0.677762
0.517951
0.989791
0.861955
0.623522
0.302085
0.156712
0.400816
0.033799
0.008613
0.917431
0.712615
0.119684
0.308647
0.005530
0.263733
0.810411
0.884597
0.252935
0.746667
0.604965
0.946856
0.690798
0.117095
0.618027
0.817810
0.311447
0.385083
0.261003
0.640215
0.425202
0.938765
0.158166
0.414993
0.800720
0.781688
0.717078
0.957432
0.182504
0.750877
0.966044
0.099935
0.463492
0.085728
0.408581
0.469022
0.349461
0.218992
0.353619
0.602396
0.965659
0.958585
0.549252
0.656457
0.075679
0.167279
0.474266
0.387126
0.552362
0.735269
0.027341
0.977565
0.674034
0.185507
0.392558
0.474754
0.967195
0.109636
0.432186
0.149698
0.860513
0.398230
0.249633
0.324006
0.483957
0.658215
0.793028
0.833419
0.877207
0.146647
0.435815
0.842865
0.105232
0.985067
0.499322
0.180911
0.152346
0.973588
0.568037
0.704709
0.708857
0.595378
0.682273
0.382892
0.780885
0.074831
0.857646
0.748079
0.184467
0.289831
0.897778
0.044980
0.688061
0.147411
0.368986
0.172018
0.805625
0.162014
0.005437
0.682832
0.308661
0.441252
0.525697
0.413893
0.426319
0.025019
0.594804
0.578665
0.998608
0.162841
0.283374
0.707465
0.758220
0.965647
0.090357
0.539104
0.040478
0.948002
0.287184
0.224945
0.237834
0.184961
0.269925
0.925895
0.332372
0.638911
0.097913
0.137997
0.800925
0.103350
0.820829
0.109587
0.544602
0.346526
0.523480
0.970921
0.371546
0.118284
0.549586
0.370154
0.281125
0.832960
0.077619
0.039345
0.798606
0.167976
0.578449
0.839084
0.115978
0.865632
0.064029
0.353812
0.050594
0.333954
0.279706
0.382966
0.972865
0.377619
0.520963
0.773791
0.480969
0.341792
0.883377
0.025571
0.688318
0.406857
0.996491
0.059864
0.525141
0.546077
0.430017
0.806266
0.379037
0.507636
0.845611
0.177643
0.675612
0.424060
0.016727
0.791590
0.289692
0.080756
0.145401
0.340286
0.414710
0.425108
0.723251
0.387576
0.802727
0.244214
0.161366
0.283696
0.586005
0.044744
0.309266
0.274324
0.451600
0.305758
0.334187
0.976741
0.851835
0.764205
0.783007
0.230872
0.271841
0.628617
0.408515
0.947453
0.052677
0.425243
0.739042
0.342369
0.505999
0.884444
0.682654
0.920709
0.309552
0.405905
0.308285
0.112278
0.650119
0.469652
0.395974
0.236125
0.514395
0.705240
0.510448
0.965995
0.010998
0.844636
0.942736
0.862833
0.608840
0.725743
0.093705
0.880681
0.354360
0.502220
0.828134
0.407037
0.927463
0.567176
0.749406
0.433462
0.451620
0.432060
0.354171
0.761172
0.837965
0.662457
0.873450
0.488085
0.132108
0.269424
0.724209
0.646503
0.974664
0.234658
0.612499
0.985662
0.079293
0.555235
0.848495
0.688133
0.280978
0.942200
0.568814
0.635338
0.444420
0.396948
0.042375
0.371883
0.964124
0.791781
0.805345
0.415745
0.223841
0.159516
0.176916
0.061806
0.821973
0.050367
0.549891
0.954081
0.319790
0.274100
0.600585
0.294454
0.508758
0.213084
0.280116
0.588051
0.768319
0.128611
0.276184
0.049297
0.070811
0.844999
0.684635
0.515231
0.241947
0.727011
0.887114
0.206072
0.518792
0.692459
0.621816
0.742633
0.851975
0.798733
0.804439
0.673948
0.849099
0.354330
0.628030
0.168890
0.628431
0.228614
0.463344
0.137189
0.441698
0.743460
0.725240
0.210017
0.872071
0.001424
0.259313
0.942882
0.846423
0.943949
0.458113
0.088370
0.670959
0.345227
0.294442
0.189751
0.037686
0.916258
0.932384
0.889662
0.714991
0.736823
0.563610
0.564090
0.091153
0.191640
0.732979
0.719584
0.420254
0.196323
0.856772
0.861952
0.939784
0.582012
0.071969
0.811855
0.583436
0.331282
0.754737
0.429859
0.275231
0.212851
0.518229
0.946190
0.558078
0.812671
0.135942
0.595765
0.728929
0.068325
0.485427
0.443920
0.805149
0.049037
0.008009
0.896302
0.240677
0.740989
0.615886
0.660931
0.937312
0.472658
0.522883
0.877096
0.054670
0.594852
0.688951
0.638107
0.926134
0.443688
0.067966
0.201364
0.656539
0.586195
0.147555
0.214618
0.398867
0.283496
0.810382
0.127796
0.351822
0.295809
0.571715
0.156970
0.344846
0.579725
0.053272
0.585522
0.320713
0.669158
0.246453
0.258026
0.141816
0.769336
0.135121
0.196486
0.364187
0.824072
0.834593
0.290321
0.267760
0.902559
0.491686
0.924299
0.488754
0.639240
0.138917
0.887621
0.922737
0.949299
0.015417
0.274559
0.245108
0.587132
0.431529
0.589954
0.166856
0.484801
0.175476
0.487570
0.153959
0.421929
0.745595
0.295775
0.191265
0.880717
0.492261
0.555452
0.704788
0.326854
0.845773
0.972549
0.229413
0.337459
0.896848
0.718167
0.976699
0.035765
0.605788
0.899436
0.985064
0.621205
0.173995
0.230172
0.208337
0.605524
0.820126
0.375193
0.090325
0.995602
0.862763
0.244284
0.417530
0.608358
0.540059
0.608795
0.489074
0.032321
0.164248
0.193863
0.359175
0.010021
0.166412
0.588588
0.347480
0.063260
0.306755
0.324179
0.099024
0.912544
0.223615
0.084088
0.533749
0.397610
0.314261
0.742085
0.003134
0.134386
0.117278
0.093459
0.129988
0.980041
0.337743
0.547518
0.588399
0.877802
0.156313
0.077473
0.910123
0.320561
0.271336
0.269298
0.330582
0.437748
0.857886
0.678062
0.501008
0.164641
0.002241
0.600032
0.077185
0.225856
0.684120
0.610933
0.623466
0.998381
0.353019
0.626600
0.132767
0.470297
0.720059
0.262755
0.450338
0.057802
0.810273
0.038737
0.935604
0.966587
0.116210
0.845727
0.287148
0.387547
0.115025
0.617730
0.825295
0.972910
0.295792
0.326302
0.137551
0.298032
0.926334
0.214736
0.523889
0.610455
0.825669
0.147355
0.608836
0.178688
0.773954
0.741603
0.648985
0.494013
0.004358
0.099323
0.551815
0.814631
0.138060
0.487419
0.781218
0.254271
0.333146
0.068365
0.641817
0.448170
0.686095
0.467112
0.421080
0.981887
0.793414
0.558631
0.279919
0.719749
0.773367
0.803808
0.330203
0.599036
0.951162
0.939039
0.777724
0.725117
0.680642
0.426709
0.219130
0.685000
0.526032
0.770945
0.499631
0.664092
0.258364
0.280849
0.918363
0.591510
0.349214
0.560180
0.039680
0.035309
0.027292
0.460761
0.017195
0.820706
0.019392
0.297114
0.540455
0.792759
0.100922
0.870658
0.391795
0.052084
0.809697
0.169519
0.777201
0.490339
0.596228
0.996331
0.175339
0.122260
0.767276
0.674970
0.786352
0.025640
0.955818
0.704714
0.617150
0.305032
0.264894
0.656830
0.340341
0.292186
0.117590
0.357537
0.112892
0.136982
0.654651
0.653347
0.929742
0.755573
0.524005
0.321537
0.807658
0.333702
0.491056
0.584859
0.824040
0.087284
0.581190
0.999379
0.209543
0.348466
0.674349
0.995895
0.374106
0.630167
0.700610
0.991256
0.935200
0.965504
0.648086
0.275541
0.257690
0.765676
0.633078
0.370582
0.902659
0.287729
0.023929
0.832400
0.043303
0.547934
0.153937
0.850961
0.881635
0.644993
0.435820
0.705676
0.732276
0.017010
0.705055
0.941820
0.365476
0.379404
0.937715
0.739583
0.009571
0.638324
0.730838
0.944771
0.603828
0.378924
0.220312
0.861518
0.144600
0.853390
0.232100
0.047259
0.141119
0.256029
0.879659
0.184422
0.803962
0.033596
0.035383
0.685598
0.678589
0.471203
0.391273
0.410865
0.488213
0.096328
0.352685
0.853689
0.475731
0.290399
0.593272
0.485302
0.928724
0.324110
0.430073
0.532552
0.703034
0.650385
0.394070
0.847634
0.503775
0.626170
0.894893
0.644895
0.882199
0.774552
0.829317
0.686161
0.808148
0.864700
0.371759
0.486737
0.335903
0.763032
0.897602
0.824116
0.859360
0.250286
0.677805
0.335091
0.540686
0.271077
0.820394
0.469410
0.595187
0.250467
0.001962
0.298221
0.900852
0.396032
0.145856
0.404627
0.022202
0.040749
0.049521
0.904400
0.815302
0.878838
0.590562
0.623450
0.743538
0.962321
0.110187
0.079441
0.725353
0.007789
0.903557
0.584713
0.258075
0.581363
0.919804
0.798761
0.852440
0.740198
0.268170
0.447627
0.990664
0.270132
0.745849
0.891516
0.666163
0.891705
0.296143
0.688365
0.932454
0.345665
0.592765
0.747755
0.224503
0.183327
0.371205
0.968041
0.145648
0.481392
0.047483
0.871001
0.489181
0.951040
0.455714
0.747256
0.532403
0.375517
0.546016
0.384843
0.115715
0.814187
0.832470
0.106380
0.084318
0.578319
0.997896
0.750482
0.470023
0.294039
0.438847
0.402477
0.639704
0.031612
0.150233
0.864206
0.214940
0.521438
0.832248
0.360588
0.002830
0.879730
0.231588
0.492010
0.830771
0.687302
0.239266
0.363174
0.062819
0.785282
0.748017
0.178535
0.599469
0.580487
0.284914
0.683787
0.158806
0.282810
0.434269
0.628829
0.576849
0.873116
0.031307
0.216552
0.904728
0.181539
0.080759
0.119668
0.702977
0.913006
0.480255
0.705807
0.792737
0.711844
0.197817
0.623508
0.399145
0.437083
0.986682
0.461965
0.222366
0.734698
0.640499
0.821834
0.315185
0.925413
0.505622
0.473991
0.208223
0.939891
0.102821
0.785072
0.813007
0.134127
0.001624
0.717735
0.315666
0.082383
0.837403
0.018644
0.995390
0.317658
0.724450
0.788127
0.029501
0.922268
0.411634
0.428647
0.359351
0.398316
0.890612
0.581716
0.133014
0.531111
0.403551
0.448200
0.456524
0.909173
0.922191
0.664748
0.849063
0.025011
0.449820
0.662070
0.159139
0.451444
0.379805
0.474805
0.533827
0.217208
0.493449
0.529217
0.534866
0.217899
0.317344
0.564367
0.140166
0.728978
0.993014
0.499517
0.127294
0.883626
0.081234
0.260308
0.414737
0.484784
0.708508
0.871261
0.393957
0.630699
0.536009
0.243020
0.655710
0.985828
0.905091
0.814848
0.437273
0.284896
0.289653
0.971100
0.502104
0.783102
0.500317
0.036969
0.001001
0.817661
0.601337
0.141167
0.546639
0.594351
0.640684
0.673933
0.477976
0.721918
0.934242
0.892713
0.206703
0.642750
0.763974
0.600659
0.273448
0.299983
0.843680
0.929158
0.285811
0.748770
0.744006
0.723084
0.033666
0.033660
0.694184
0.535769
0.816762
0.194501
0.572739
0.817763
0.012163
0.174075
0.958930
0.558802
0.768426
0.599614
0.232735
0.246403
0.321532
0.166977
0.139116
0.528235
0.809727
0.903090
0.128894
0.083175
0.203073
0.972574
0.012333
0.488884
0.721344
0.756339
0.211969
0.755010
0.789999
0.906153
0.290780
0.606761
0.100654
0.863519
0.424523
0.112817
0.037594
0.383453
0.671619
0.806020
0.983067
0.904354
0.052423
0.304600
0.071331
0.191538
0.832835
0.881058
0.094629
0.961729
0.964232
0.297702
0.934303
0.976565
0.786586
0.655647
0.732904
0.998555
0.410657
0.522903
0.904707
0.701437
0.129664
0.005362
0.564956
0.554187
0.118178
0.602550
0.937640
0.789797
0.408570
0.920707
0.694151
0.460992
0.225307
0.765482
0.652531
0.058141
0.646539
0.747159
0.019870
0.610772
0.044861
0.954173
0.587337
0.831447
0.609820
0.320241
0.830002
0.020477
0.843144
0.734709
0.721914
0.972807
0.740071
0.286870
0.526994
0.858249
0.889420
0.464634
0.648046
0.297989
0.385341
0.342197
0.758982
0.610648
0.107679
0.411512
0.668790
0.754219
0.158672
0.688660
0.364990
0.203533
0.642833
0.952327
0.034980
0.252653
0.272568
0.864982
0.273131
0.115711
0.599691
0.995045
0.088519
0.339762
0.281915
0.615513
0.198012
0.171335
0.080147
0.846058
0.469324
0.465489
0.188255
0.228306
0.076137
0.295934
0.639818
0.744927
0.050153
0.798490
0.433587
0.415143
0.002023
0.076420
0.367471
0.037003
0.329073
0.640038
0.901985
0.602204
0.755750
0.501677
0.597249
0.844268
0.841439
0.879164
0.459782
0.039451
0.050499
0.539929
0.885509
0.519823
0.005418
0.073764
0.748128
0.081555
0.369698
0.387946
0.826482
0.419852
0.186436
0.260069
0.834995
0.188459
0.336489
0.202466
0.225462
0.665562
0.842504
0.127447
0.267765
0.598254
0.629124
0.865014
0.442522
0.470563
0.744178
0.902304
0.510013
0.794676
0.442232
0.395522
0.314499
0.447650
0.469286
0.062627
0.529205
0.838985
0.450573
0.355687
0.258836
0.637009
0.615756
0.093831
0.825469
0.952244
0.296297
0.050931
0.617806
0.138801
0.178378
0.885571
0.737054
0.807502
0.750585
0.179576
0.278065
0.494763
0.081880
0.788078
0.289439
0.524112
0.183600
0.603938
0.971762
0.652886
0.666565
0.500967
0.491871
0.117138
0.856654
0.750707
0.754148
0.472410
0.844538
0.579616
0.424654
0.140835
0.630547
0.042460
0.279636
0.808925
0.928030
0.016690
0.616426
0.678615
0.196266
0.894491
0.173378
0.278146
0.682569
0.462817
0.802258
0.866169
0.066754
0.774020
0.519055
0.733319
0.274987
0.010926
0.850457
0.131641
0.761633
0.604605
0.604051
0.606171
0.184221
0.028705
0.747006
0.814767
0.071164
0.026641
0.623692
0.999195
0.043331
0.240119
0.677810
0.239597
0.134610
0.851188
0.517743
0.817179
0.314005
0.320001
0.683348
0.380759
0.094021
0.202403
0.114078
0.369008
0.213329
0.964535
0.500649
0.974962
0.569140
0.104700
0.581133
0.753361
0.133405
0.328139
0.568128
0.204570
0.354781
0.191820
0.203765
0.398112
0.431939
0.881575
0.637709
0.566548
0.732763
0.155452
0.383727
0.046767
0.475452
0.067075
0.427526
0.569473
0.269478
0.541604
0.938481
0.482807
0.506140
0.439130
0.457769
0.075279
0.543831
0.038903
0.828640
0.677236
0.367042
0.396768
0.881806
0.721822
0.588588
0.085570
0.119934
0.020527
0.967145
0.757643
0.587075
0.699908
0.913095
0.970802
0.746675
0.388547
0.037876
0.174201
0.958020
0.307354
0.715806
0.896501
0.790161
0.221945
0.335631
0.247930
0.297225
0.879462
0.286833
0.125865
0.556698
0.653875
0.522633
0.438504
0.375697
0.111221
0.524074
0.495630
0.131747
0.491220
0.253273
0.718822
0.191127
0.166368
0.689624
0.937802
0.554915
0.727500
0.112003
0.512935
0.034854
0.827809
0.409436
0.825015
0.049754
0.745068
0.072945
0.346979
0.624530
0.359778
0.472843
0.181228
0.013653
0.995476
0.619732
0.389349
0.106697
0.143807
0.884980
0.238444
0.635026
0.138253
0.957266
0.826153
0.304621
0.646890
0.763956
0.859536
0.374389
0.875959
0.372471
0.409243
0.703768
0.781907
0.234258
0.753522
0.526975
0.307203
0.100501
0.151505
0.666981
0.573344
0.332733
0.680634
0.568820
0.952466
0.069983
0.675517
0.096272
0.954962
0.913961
0.731299
0.093215
0.871227
0.557452
0.397836
0.518116
0.321408
0.257372
0.892506
0.197367
0.629844
0.301748
0.901135
0.411751
0.536006
0.654657
0.938726
0.843209
0.755158
0.090231
0.510190
0.328502
0.422965
0.190823
0.897322
0.375430
0.260806
0.572838
0.471703
0.215769
0.486799
0.203001
0.308984
0.358026
0.760454
0.706821
0.876142
0.081861
0.964193
0.768647
0.279228
0.594036
0.070396
0.180363
0.005787
0.606402
0.835020
0.944513
0.449611
0.590178
0.034745
0.959800
0.918679
0.457709
0.150624
0.816001
0.833139
0.411430
0.388839
0.304842
0.627199
0.875638
0.507843
0.936183
0.233663
0.268297
