0.838686
0.564591
0.690420
1.431098
1.560549
2.622540
1.267054
1.756056
1.651276
0.957747
1.176092
0.779780
0.214186
1.028558
0.411810
2.187858
1.733869
1.420995
1.308828
0.543644
2.088150
0.949533
0.428397
1.141000
1.248806
0.735983
2.066511
1.466334
3.651106
0.668745
3.965483
0.735286
1.052931
0.615135
2.551210
0.247238
0.310165
0.929068
1.936439
1.904175
1.992464
0.614097
0.141932
2.161955
1.558360
0.450292
1.409985
0.796141
1.837093
0.389365
1.173757
1.167058
1.180041
1.485906
3.448343
5.152819
2.699327
1.812636
1.434212
2.352399
3.457840
1.334195
0.356264
0.920273
2.026165
3.490111
1.022283
2.388078
0.805694
0.473480
1.351004
0.258619
0.901367
1.397319
2.450758
4.423490
1.804870
1.014485
0.748175
1.011426
1.253017
2.030481
2.775192
5.314808
0.902372
2.340011
4.534707
0.639744
1.269054
1.376558
0.229628
1.122090
0.383502
0.451318
2.340598
2.586938
0.312061
0.646350
1.740734
0.953853
0.934840
0.651301
1.066023
1.893965
2.225853
0.722800
1.804093
1.212985
1.710453
4.389531
2.955995
0.555017
1.927009
2.136782
0.534878
0.340623
1.474171
0.490437
0.806912
0.405913
1.845682
0.892946
1.396000
2.305720
1.181908
0.964309
1.692386
1.359945
1.517262
0.886651
3.340923
4.520445
1.419445
0.916892
1.812084
0.938253
1.563697
0.996394
2.654491
0.785847
0.944003
2.067189
1.174807
0.387653
1.329489
1.638693
0.565584
0.458566
2.245841
1.211743
0.686336
1.248905
2.496290
2.317813
0.832340
0.839449
0.583830
4.883539
2.741541
2.275430
0.855660
2.278726
2.163697
3.026882
0.523180
1.188440
0.745028
2.201969
2.793609
0.469088
0.350181
0.702316
3.002349
1.392797
0.911819
1.097436
0.621402
1.338913
1.431524
0.124567
0.215900
2.393994
1.282779
2.779515
1.604830
2.493173
0.597630
2.445200
2.397935
0.326547
1.606796
0.504722
2.810506
1.049946
0.287657
0.250843
3.033275
0.871626
2.484912
2.183266
1.177047
3.299565
0.229133
0.961927
1.209927
1.000450
2.393104
1.836639
3.565549
1.011384
1.888937
4.702898
0.654445
0.678648
2.634654
2.692654
0.342944
0.291818
1.823989
3.086247
0.472230
0.879911
0.301662
0.171890
2.076553
0.447816
0.317902
1.710052
1.153999
3.129571
1.130141
3.623203
2.496257
1.228622
0.852445
0.863601
2.970407
0.499758
0.226836
2.511568
1.378478
2.061159
2.396686
2.197712
0.068193
1.768439
1.671500
0.353412
2.018596
0.921886
8.066588
2.906285
1.830795
0.300031
3.180202
1.157239
0.587708
5.616070
0.471034
1.693986
3.046130
1.488300
1.529141
2.006568
0.379513
3.535743
0.341463
9.200830
0.373812
0.435970
2.510215
1.663133
2.839068
1.707861
1.104502
2.879279
0.912652
0.394942
4.572259
0.403448
1.154992
4.542034
0.064042
0.540335
0.241395
3.229640
1.623177
0.680125
3.138191
2.173965
3.074330
2.373285
0.968721
1.284964
1.410520
1.191325
1.147251
1.657773
1.190848
1.387821
2.147348
0.851458
0.632892
1.695011
7.517560
1.696531
1.372540
0.910392
2.115672
1.319146
1.150915
0.678288
1.265953
1.159834
1.037403
1.383798
0.987295
0.284223
2.275428
0.811270
2.527695
1.867091
0.449631
0.656380
0.669077
1.821670
1.873022
1.825763
0.911799
0.594322
0.726828
0.464171
1.300297
1.196240
2.271948
1.297558
0.497686
0.919894
2.829549
3.293664
2.954288
0.901303
0.530966
1.031331
2.383298
1.451851
4.400741
0.628391
1.633893
2.150321
1.293129
1.214584
1.216911
1.665687
1.911195
1.940562
0.916867
1.093932
1.082252
1.880061
1.619232
1.826561
2.593086
0.536607
0.573976
1.674860
1.814453
0.884036
0.161156
1.450599
0.736332
3.206427
3.472517
1.091535
0.863990
2.067065
0.182546
0.814295
4.629343
1.725665
0.358979
1.245059
0.531634
1.451395
0.520542
2.930482
0.833507
1.289297
0.871748
2.040256
0.679288
4.683404
1.135958
0.378016
0.498371
1.646220
2.051825
2.583849
6.225104
2.155187
1.090495
0.728412
1.820379
0.957661
1.844990
0.213607
0.474251
1.954372
0.889936
0.432302
1.027634
1.084756
1.579293
1.440308
0.170785
2.221765
1.176794
0.883985
0.833724
2.341959
0.383179
1.387474
2.240729
1.385511
1.680137
3.730125
0.620643
1.047715
2.287836
0.612684
0.599263
0.689462
1.174425
3.027899
1.572066
0.565186
3.534463
2.101904
3.239431
0.772902
2.906774
0.865687
1.919134
1.286733
3.171863
2.021846
0.831640
0.993188
0.373453
1.605437
0.619744
0.589636
0.596140
0.115628
2.056919
2.649996
4.022915
4.354413
0.763717
2.108237
0.560947
1.200251
0.152494
1.679420
0.987922
1.634284
2.538134
0.867598
1.040761
2.106047
1.567129
0.817840
0.395933
0.904456
2.457124
0.171366
0.396215
0.500016
1.046979
0.601155
2.214673
1.592587
1.006482
6.031870
1.629897
0.517559
2.614075
1.521771
0.463756
0.477445
0.964323
0.838116
1.586378
1.007085
4.814277
0.177685
0.255232
2.432360
0.922441
1.154921
1.499733
5.218128
2.152742
1.850303
0.882109
1.539840
1.947699
1.112333
2.108811
0.503180
1.656076
1.394351
2.201218
0.273481
1.381547
1.082842
0.634053
1.043478
0.248530
0.912526
1.389580
1.069220
1.741567
0.585269
2.445529
1.686851
0.638670
2.824968
1.218594
1.449600
0.903834
0.379088
1.419824
0.458325
2.301912
3.178468
2.020127
1.340359
0.935012
1.287627
1.816862
0.166875
0.356194
1.209358
0.334610
1.642710
3.329584
0.796211
0.307625
4.508427
1.672003
1.590370
1.021165
0.874433
2.420485
0.680204
0.063920
0.261455
0.443736
1.227824
1.605291
1.186051
1.488428
0.620219
1.541217
1.021168
0.451571
0.937036
3.769123
1.230357
2.911861
1.659547
1.288464
4.824643
0.485645
1.505683
1.592423
0.326666
3.042610
1.829030
0.269337
1.396759
0.871811
1.145708
3.035251
0.528751
1.843999
3.078008
0.636229
2.464175
1.022450
2.624076
0.832999
0.102360
0.317110
3.443597
1.041801
0.604676
0.807696
0.943988
1.837372
0.595315
0.186566
0.656139
0.562849
0.545878
2.463644
2.358267
0.702389
1.983909
1.287971
0.814432
0.814216
2.644165
2.125466
0.625938
0.195598
1.190102
0.439471
0.699417
0.836493
1.318328
0.410555
1.611772
1.342667
0.566862
1.427851
4.029386
0.986146
2.825110
0.870740
0.380129
0.347486
0.930793
0.857465
0.736017
1.337501
0.528463
0.359528
2.240574
3.104945
1.535334
0.400469
0.638329
1.176904
2.820458
1.086552
1.252522
0.934144
1.394412
2.068591
1.775062
0.384677
2.753249
0.855454
1.634273
0.291258
3.059623
1.526477
1.126976
2.213429
3.688298
1.371593
2.777379
0.828984
2.857427
0.491749
2.633049
0.272695
0.677324
1.673369
4.169575
2.605413
2.094358
0.576450
0.867204
1.651536
1.581632
2.525464
0.159768
0.585789
1.517633
1.855025
0.790466
1.194998
0.229642
3.605484
1.353497
3.686093
1.377014
0.087550
1.983645
1.251298
1.390265
1.558110
2.402141
1.116709
2.119061
1.770867
1.250835
0.136298
0.892557
1.177360
2.731084
0.419587
1.708981
0.613373
2.102831
0.796867
0.271587
2.209287
1.223686
1.693849
1.237806
2.231269
0.494897
1.343365
1.980900
1.820927
1.219903
0.797797
1.847099
0.674047
2.312371
0.740113
2.650146
1.606006
1.910595
1.602749
0.849263
0.663806
1.654216
1.727245
1.864509
1.297043
2.214383
0.968328
1.960475
1.390775
1.763264
2.221162
0.909364
0.561652
1.136146
2.627796
4.674134
1.528636
1.015831
1.905220
0.825458
3.007109
0.178435
0.173179
0.477242
2.473075
0.790940
0.092055
1.174133
0.170861
1.627018
2.274352
0.713154
0.792810
1.182463
4.339117
2.405596
0.741980
0.913844
1.395533
2.473822
0.239212
0.917867
0.583160
0.652994
2.369686
0.270003
0.615692
1.077645
1.140595
3.424239
2.013916
0.929822
3.970276
2.128665
1.253503
2.254088
0.319811
1.272570
0.750088
0.379176
0.518787
0.340532
0.915436
1.141980
1.390849
0.861889
0.775768
2.474000
1.784739
2.601502
1.731091
1.958464
0.628919
2.718670
4.117241
0.222068
3.311642
0.550142
1.167992
0.982316
0.414075
0.644340
2.044213
0.326450
0.043162
0.729778
2.770433
0.324283
2.179266
0.504763
0.544504
3.683809
0.673923
1.316914
1.030968
2.272948
2.695538
1.830747
1.619469
1.385052
1.385714
0.834753
0.793028
2.148128
0.578201
0.728106
2.358809
0.427965
1.103273
0.782579
1.258498
1.383542
1.277489
0.733854
1.606443
1.281933
1.323988
1.271215
1.486173
0.844579
1.722914
2.123111
0.744341
3.138426
0.815467
1.773943
1.886468
0.552979
0.989252
0.922484
1.978051
3.825223
1.752430
0.230091
1.955624
2.749318
0.813111
1.371525
6.632829
2.037272
2.561207
1.252042
0.829306
0.940894
2.148312
3.822671
2.907569
0.831754
1.167291
1.209875
1.622316
0.488236
0.728112
3.194126
0.292720
1.429192
1.516275
2.167479
2.048576
0.062781
0.483841
1.230952
3.915897
2.422615
1.336429
1.803225
1.836443
2.572990
0.702245
1.826663
1.517164
0.394097
0.620845
3.293629
1.175272
5.836035
2.815893
0.940585
0.819906
0.912778
2.653039
3.832816
1.246236
0.450540
2.755168
1.411665
1.848758
1.194438
0.908186
1.153974
1.203229
1.235799
4.190330
1.111693
0.862028
1.260702
0.485349
0.224292
0.930168
1.006085
1.986103
4.420409
1.248570
3.859537
3.003403
4.982852
3.727153
2.182049
0.912025
0.724211
0.480197
0.637163
0.638487
1.650549
0.902989
0.379081
0.642877
0.290398
1.449021
1.436443
1.307620
0.320563
0.342821
1.233196
1.290564
1.039884
0.133451
1.717890
1.130119
0.963031
0.321808
0.598261
0.912832
1.445335
0.512905
0.716281
1.407898
0.410725
0.249249
3.312742
0.956111
0.580812
0.490998
1.494684
2.530107
1.237956
1.816419
0.312246
1.400104
0.766789
1.650446
0.379851
0.920412
1.956013
1.495747
2.847955
0.500644
1.541368
1.381623
1.528956
10.011886
1.598421
2.337407
0.912645
0.634406
4.467080
1.547791
2.202727
0.358162
1.701604
1.886194
1.156068
2.641545
2.701023
0.310606
1.847620
0.946378
2.111371
2.154614
3.526024
0.279000
1.076293
0.229034
1.047075
0.534912
1.621844
0.811015
0.847752
0.716369
2.694620
3.494856
0.716190
1.242225
2.037954
1.547655
1.913124
1.941277
0.672309
1.271384
2.384281
3.056025
0.668068
0.780937
2.102603
0.397753
0.926887
1.180932
1.185179
0.463518
0.716766
1.053312
0.586437
1.798374
1.147697
1.542724
2.682585
0.402825
3.288847
0.581964
0.940450
2.228549
0.457680
1.587948
0.797732
2.883571
0.698819
0.185515
1.562809
1.209740
1.344042
1.108886
1.001955
2.166122
1.979426
0.533881
2.886731
0.398134
1.645506
0.944883
0.684060
3.114780
2.236470
1.093840
1.517251
0.720617
0.282143
1.174166
0.944913
5.050747
1.713554
1.989682
2.163972
2.285522
0.954643
0.346063
1.805224
1.581982
0.412493
0.840057
0.433070
1.675689
2.108859
1.286982
1.098902
1.263981
1.794317
0.867020
1.556232
0.888376
1.848392
2.684035
0.712618
1.246313
0.814511
2.692841
2.105670
0.938971
0.888458
0.479244
0.912285
0.146679
2.873486
0.471943
2.392293
0.730117
0.647334
1.286120
2.965636
0.877686
2.527519
0.165019
0.046134
1.544299
1.345952
1.103482
0.454530
0.677790
2.160598
2.036438
1.458323
1.210161
1.560744
2.540756
0.012769
3.402706
1.878834
2.106422
0.804341
0.292676
3.153623
1.684872
0.339801
2.283951
2.275127
3.061003
0.320251
0.197456
1.071237
4.363477
0.944472
0.750926
6.828072
0.948752
2.944384
1.340341
2.371909
0.193364
2.183148
1.503886
2.181295
0.950214
0.374252
1.024880
0.642673
0.374627
0.886493
3.535959
2.691905
1.644311
0.087172
2.174132
0.822759
0.356589
1.467514
0.424111
7.179437
1.697396
0.493202
1.067857
1.615458
1.289522
1.847289
1.608680
2.975259
1.510146
0.561835
1.897655
1.603026
4.264732
0.849295
1.055099
0.891959
1.055269
2.457160
1.414723
1.283423
0.555406
1.266151
0.983102
2.435935
1.283455
0.546380
0.483763
1.526359
2.096544
0.726312
1.521888
1.080965
1.040296
0.228499
0.328724
3.546811
2.015536
1.880551
2.507763
0.912728
3.001078
1.396650
6.273436
2.740532
2.908668
1.046814
0.639829
0.831655
0.707378
2.229592
2.492652
1.085792
0.817885
0.659428
0.735883
2.448923
1.023284
1.040959
1.104977
0.551473
1.758336
0.276419
1.537214
0.387479
0.380251
1.792847
0.242557
2.559598
1.029025
2.872862
0.612155
0.825851
1.125909
0.604560
0.574725
0.896297
1.569296
1.032221
1.704090
2.817634
0.614749
1.253936
0.839696
1.284315
1.983807
1.473235
0.911398
0.498666
0.119156
2.274702
0.862316
1.803366
2.646609
3.678778
2.252837
3.988688
1.624765
2.531408
2.328461
0.275173
1.956832
0.169095
0.945326
0.580324
0.653190
1.392867
1.338317
2.600170
4.571322
0.619902
1.972226
0.573126
1.903526
0.291327
1.861432
1.152250
1.667020
0.309652
1.554754
1.708881
2.746680
3.805815
0.933639
1.963940
3.034791
0.529797
1.820628
1.355985
0.136954
1.269437
1.515550
2.026324
1.330474
4.749061
3.628382
2.105259
1.347372
1.208283
1.573071
1.294771
1.831297
0.935670
1.877429
1.065004
1.073343
1.067926
2.942788
0.359466
1.231856
1.275652
2.062191
0.952877
1.169769
0.447428
0.417578
0.961728
0.791993
2.353139
3.373820
0.825152
0.866420
1.331416
0.305744
2.756878
1.287664
0.139615
1.635511
0.312460
1.249297
0.746125
1.487425
0.621100
1.627487
0.827042
1.620187
0.329693
1.998476
1.329420
0.531668
0.690958
0.281646
3.362113
1.567463
1.316567
0.286357
1.979822
3.165354
0.918953
1.384376
2.550734
1.730243
2.945911
0.982875
1.994372
2.121710
3.146971
2.068881
1.050849
5.104456
0.737360
1.809847
1.453241
1.194793
0.885546
3.007698
0.446201
1.053229
1.644004
1.707799
1.473077
2.967931
1.929222
1.291877
1.292375
0.725805
1.455865
0.731289
0.559682
3.661284
2.424813
0.202970
1.566972
1.920863
1.056047
0.942487
1.235692
0.877390
0.459723
3.280120
0.852565
1.017997
1.565178
3.150266
2.910322
4.218311
2.358302
0.166827
0.989792
1.158610
1.789937
5.193176
0.938303
1.054258
1.264315
2.936437
1.778848
0.386782
0.522807
2.736005
0.259239
6.379119
3.058510
1.735089
1.907380
0.861795
0.255567
0.649731
1.723054
0.565754
0.499279
0.064810
1.474478
2.147449
3.199422
1.200755
2.013750
1.967260
1.257800
0.480715
0.614130
0.605295
0.457062
1.436757
1.580719
1.639425
1.175187
0.837142
2.020388
1.620669
0.584878
2.272570
1.610027
0.390212
1.187071
0.927340
1.084171
1.311434
1.471653
0.409330
1.888954
2.001833
0.418120
0.823840
1.297325
0.213187
2.267879
0.751195
2.131388
0.825675
1.054566
5.057457
1.282186
1.377630
1.402171
0.495804
0.610406
0.242096
1.167138
3.930188
1.775193
1.708253
2.079467
0.854388
2.122386
0.690142
1.794822
0.618703
2.157922
0.771084
0.845567
1.234322
0.213526
1.094137
2.345877
1.393286
1.178714
1.552235
2.510269
0.705255
3.445064
0.730693
0.679887
1.132369
2.407370
2.312589
1.525059
0.212779
2.607710
0.348305
6.830856
1.347692
2.040519
2.069640
2.763515
1.306584
0.115866
1.414921
1.987338
2.218023
2.637410
0.308202
0.787066
2.959453
1.259139
0.413005
1.143366
5.534196
1.950331
0.810071
0.689488
1.716788
1.425422
1.207645
0.452147
1.011663
0.800192
1.986398
1.092498
0.513656
2.425469
1.087661
1.846038
1.455671
0.598919
1.453215
0.424680
0.623037
0.511176
2.655398
0.100834
0.161317
3.405869
0.805645
3.213525
1.105604
1.045442
0.969489
1.087883
0.503060
1.788416
1.768184
2.415091
0.734162
0.550825
3.942396
1.725286
1.186696
1.834131
0.419088
1.622209
1.319677
1.371092
0.902291
0.436001
2.053139
3.496306
0.682366
4.368150
0.381213
0.400717
4.824999
0.431141
0.234668
0.773393
0.234971
1.207064
1.851123
1.064484
3.348501
2.674159
0.431141
1.544750
1.797709
0.986241
2.238699
1.665830
0.303807
0.754976
0.923973
0.564053
3.263352
2.976403
1.978715
0.749622
0.174079
1.233811
0.630077
0.733440
1.173840
0.831906
0.956449
1.136787
1.092314
1.050686
2.015672
1.193272
3.126591
1.138138
3.131967
2.517275
0.851652
0.214604
1.142988
0.171190
1.067392
0.717379
1.749207
1.225786
1.335141
0.241714
1.758046
1.152194
3.612343
1.060996
1.993599
4.271657
3.334366
4.026700
0.677973
1.016517
0.760503
1.553001
2.687102
1.908032
0.236771
1.547652
0.614499
3.868051
0.336400
0.437143
2.268600
1.023096
0.516453
0.728631
1.077520
1.470428
1.301611
0.419613
0.362062
0.314555
0.518202
2.133709
1.329433
0.403635
0.602470
0.767107
0.338780
0.457502
0.696283
0.844153
1.332644
1.315172
3.608427
1.023605
0.714085
5.400721
0.191131
1.159833
3.668717
0.407173
1.480249
2.024944
1.282258
2.051038
0.157183
3.832474
0.900710
1.355947
0.319007
1.099351
1.559874
0.669436
0.637078
0.520420
0.892312
1.059272
1.114624
1.068633
1.383843
1.823315
2.036297
0.388419
0.669737
1.821310
1.262339
1.224966
1.788544
1.338700
4.191896
1.619420
1.661186
1.397333
0.993618
0.548780
0.846133
1.039430
0.459100
1.735501
4.151460
0.613232
0.432397
1.468852
1.107260
0.885673
2.041656
2.231144
2.109053
0.610459
0.648609
0.861760
3.099129
4.809173
1.082383
0.490199
1.762825
3.702900
1.637601
0.957974
1.217532
1.545096
0.164649
0.493903
0.563414
1.043567
0.854978
1.255928
2.466296
1.147313
0.572418
2.281535
1.726896
0.820152
0.998296
0.434588
1.668299
0.502491
3.210563
1.067352
0.926233
0.487147
2.072238
0.746436
0.452485
0.595304
1.059234
2.352432
0.495243
0.321748
0.590031
1.635388
1.792323
0.636455
2.249076
2.783132
1.613618
0.448076
0.982975
1.177378
1.479157
1.438088
0.763098
0.737578
2.917435
1.753680
0.993256
1.361701
2.481213
0.828687
4.802280
0.601829
1.147955
2.000191
1.182901
1.485753
3.654813
3.053831
1.038508
0.383562
4.797076
1.536386
2.008858
1.734466
2.467928
1.352923
1.375128
1.177973
1.741747
3.674674
3.846448
0.746232
1.305824
0.678479
1.349987
1.058178
3.282926
3.582398
4.575149
2.081540
0.718252
3.984487
4.211112
1.921480
1.852200
1.114908
0.848690
1.672704
0.915306
1.986852
2.059634
0.881254
0.917393
1.254630
0.157555
0.589127
0.283161
1.432461
1.731135
1.972292
1.300665
1.593709
0.142342
0.283636
2.761529
1.396523
1.197517
2.269597
1.255888
1.149526
1.406586
2.118504
1.066197
1.329035
1.234425
0.470279
5.554539
2.418928
2.251124
0.899260
1.418482
1.384369
1.793365
3.409382
0.314313
1.872427
0.453996
0.454843
0.784757
2.304557
2.736785
2.390132
1.100520
2.892920
2.836238
0.839882
1.130643
0.944408
0.440348
4.193576
2.484472
1.800731
1.984828
0.733436
0.668233
0.686646
1.024448
0.652767
0.324123
0.615804
1.438188
1.644524
2.114538
0.746222
1.450467
2.522547
5.604708
1.884297
4.574649
0.769965
1.300901
2.579517
0.410817
4.370057
1.994558
8.632918
0.788928
0.602751
0.943658
1.054495
0.541804
0.619579
0.428696
3.186169
1.188375
0.914410
0.522869
2.912834
1.458478
0.678021
0.393254
0.532674
2.905174
2.772584
1.104495
1.179308
1.906318
1.087983
0.590317
1.827840
1.919063
1.920273
1.375531
2.493209
1.823711
0.803192
2.490862
0.031494
1.251654
0.621538
1.056613
1.757259
1.060941
1.345869
1.500720
3.088845
3.035781
2.097637
2.276630
1.216281
0.116082
3.089141
1.692277
3.028114
2.196082
0.409141
0.969065
1.263899
1.359744
1.444429
0.631179
0.754221
0.818194
2.135067
0.429776
0.132654
0.338164
3.986827
0.137014
1.467350
0.546958
1.093074
0.746803
1.504353
5.210879
2.786965
1.267024
2.923021
1.641555
0.836579
0.980564
1.680589
0.657663
0.270566
1.400213
0.161194
0.529372
3.734342
1.319506
1.892804
1.318929
2.036050
0.044547
2.542830
1.310758
0.433945
2.654902
1.535816
0.349901
2.788232
0.608655
0.722466
0.839497
1.191314
2.696682
0.817374
0.927236
0.970320
0.607264
0.132491
1.837660
1.483213
1.732412
3.478221
1.653493
0.683665
3.937625
2.376096
0.588842
1.223820
1.338276
1.946031
0.701634
1.343189
1.443716
2.185045
1.706841
1.106521
1.008430
2.041599
0.851686
1.522753
0.160022
1.645501
0.370866
2.886382
3.986257
1.136816
0.747688
0.532336
1.172487
4.837365
2.090580
0.498750
3.243047
1.048538
0.999794
2.824336
0.682593
1.482816
0.964858
2.191189
0.859005
1.601207
0.864692
3.146900
1.055462
0.073904
0.924281
2.410714
2.064279
1.784810
1.088422
2.167393
0.882915
1.317012
1.726058
0.807809
6.563134
3.737799
1.174407
1.165900
3.444231
0.684203
1.572630
2.626697
1.698118
0.181460
1.990539
3.102746
1.563579
0.443977
1.815935
3.836511
2.080674
0.210807
2.725010
0.574452
0.226877
0.667212
0.150449
2.266975
3.327815
1.132586
1.454906
0.740055
6.059367
0.719855
1.435191
5.585828
0.625648
0.275575
1.148531
0.497164
0.800616
0.367098
0.126221
4.225838
0.429566
2.051697
2.809468
1.997324
2.853332
1.445459
1.827924
1.653650
1.549470
1.426982
2.515395
1.678649
2.328357
2.655287
1.145568
1.985076
0.841718
0.260818
0.142189
0.832215
0.825970
1.484448
0.817010
1.307969
1.660799
2.137397
1.761115
3.893428
2.718454
1.811514
3.343956
5.867137
1.132489
2.323932
1.973462
0.890134
0.996733
1.101462
0.036809
0.145909
0.165483
2.524220
1.740838
2.469111
1.851171
0.479466
1.439165
0.204999
0.588293
1.488561
0.902748
1.261690
0.588028
1.690395
0.241997
2.576986
1.095633
1.935070
2.321834
0.824876
1.070616
1.984894
0.813407
2.883836
1.374060
0.256621
0.670501
3.804357
1.220573
0.673115
4.351092
1.277436
0.347482
1.655187
0.912225
2.231130
2.245520
3.491625
2.426275
6.586795
1.326344
0.561431
1.254918
1.956269
2.548311
1.372446
1.464295
0.778963
0.771921
1.010450
1.513918
1.892133
0.486741
3.175429
1.526164
1.835585
4.172884
2.558776
1.681215
1.148558
0.359472
1.599278
4.999365
0.546655
0.775575
0.884389
4.338650
0.358079
0.762519
2.275903
0.351503
2.384402
5.266423
1.486770
1.383423
2.479128
0.502896
0.494953
0.451921
1.101015
1.371273
1.969981
0.524814
1.831659
1.669280
2.143459
1.026340
1.572893
1.579898
0.317782
0.367328
1.893670
1.852270
0.335084
2.959099
0.045475
1.056811
2.723507
0.362762
1.850221
1.734464
0.552929
1.313423
1.699522
2.143798
0.370671
1.245556
3.418051
0.689837
1.607745
0.960449
2.276140
0.958237
1.347517
1.253575
0.219089
0.848298
3.227948
1.696151
3.839712
6.321184
2.060109
1.737636
1.838764
2.499068
1.428324
1.846176
0.729367
1.113556
2.257931
4.523228
0.445467
4.717382
1.259430
2.233025
2.060839
1.515446
0.802229
1.801156
2.601657
3.557615
0.327705
1.681298
0.841700
1.565928
0.537566
0.921498
3.735980
0.368980
0.187928
3.081576
0.360516
2.200215
1.459866
2.242414
1.588173
0.526297
1.247639
2.982582
1.543919
0.813499
2.778979
2.000394
0.777562
0.984988
1.339873
0.263438
0.038482
2.544669
2.013044
2.612086
2.211692
2.411978
1.279434
0.418075
1.121613
1.789869
1.178555
1.017049
2.192200
1.248837
0.829530
2.788405
0.792074
3.046653
1.739498
3.370762
0.319200
0.567888
2.442653
1.787258
1.222262
1.861755
1.090718
2.195357
0.393721
4.940680
2.505472
0.396961
2.450357
1.472987
4.065048
1.572085
1.050549
1.196781
1.987182
2.760138
0.553932
0.640850
0.763087
4.192819
1.936889
1.497689
2.555805
0.196375
1.252134
1.302974
4.015110
1.446499
1.880060
2.237501
0.748833
0.624554
1.255426
1.882481
0.077161
1.540048
1.828481
2.542879
1.905230
1.325939
1.095312
1.777751
0.525959
2.666250
0.546993
3.099866
1.981350
0.912952
0.459665
0.183700
0.851152
2.685475
1.581257
0.550436
2.970373
0.470449
1.847450
2.654702
1.908775
1.061263
1.680852
0.058914
1.620269
0.538842
1.895230
1.637757
2.200397
1.058662
1.222815
1.265321
4.063723
3.505653
0.604583
0.454111
2.284151
0.965348
0.238830
1.353063
1.975044
0.554012
1.428384
0.307717
0.250796
0.610847
0.691835
3.661362
0.895078
3.874867
2.322599
0.320618
0.972275
1.170520
0.328786
0.190408
1.638991
2.251171
1.737445
1.088865
0.647204
0.545748
3.792100
0.578541
0.420283
0.513436
0.846595
3.255974
1.339296
0.939974
1.166979
0.765953
1.359215
0.259842
0.909012
1.494043
0.715771
1.506706
1.355210
1.521996
1.392341
0.925248
1.762894
3.704298
2.483806
2.075889
4.674739
1.202692
1.393988
1.674965
3.328101
2.208925
2.465937
2.825678
4.915741
3.785026
0.242085
0.816883
2.777652
1.463841
1.750879
0.903396
2.757885
0.663449
1.014196
0.660482
2.461173
1.698203
2.479954
0.973820
0.750331
1.010139
2.017143
4.033672
0.907248
1.466399
1.925858
0.868905
0.335411
0.783618
6.700750
0.109534
0.350801
2.450233
2.926862
0.314802
2.196575
3.525089
0.967829
1.704990
1.309074
0.300630
0.165599
1.022453
0.798654
1.065152
1.620870
0.466928
0.372977
1.187766
1.293230
0.948725
2.848045
0.749501
0.875672
0.679341
2.698249
0.307612
1.434210
3.698374
0.927225
1.427453
3.949683
1.117459
1.028212
2.604513
1.291215
0.598068
2.246015
3.080442
2.716087
0.859209
4.488422
2.923504
1.977483
0.753662
0.843865
0.970913
1.043035
1.048214
2.692241
3.596760
2.233883
2.038777
0.641248
0.463593
8.710785
0.366047
0.608421
1.433302
0.238563
1.414516
0.505766
0.086692
0.174966
1.406953
2.656073
1.357195
2.112749
1.686793
1.137859
1.624887
6.318429
1.087213
1.328253
1.962475
1.885745
2.661277
0.435586
0.466517
0.767136
5.777907
0.344477
0.342684
2.011798
0.811643
0.636697
2.010376
1.007275
1.065376
0.854213
1.106631
0.051661
1.198005
1.122271
0.184194
0.274664
0.832727
1.433109
2.422638
4.788733
0.227787
1.169561
4.591176
1.182344
0.133964
1.881703
0.593685
2.789583
2.504425
0.873743
0.527038
2.463997
1.053910
0.697132
1.454358
1.940444
1.165812
0.869776
0.460763
3.004720
1.698048
1.445621
3.031982
0.500197
0.220649
3.397182
0.618189
0.913346
1.262008
0.232653
0.879032
1.367645
1.273193
0.837712
0.211445
1.312664
0.224309
0.666679
1.033604
2.813473
1.423305
1.441734
1.889925
0.024074
2.450247
0.809843
1.942746
0.811042
1.627095
2.700951
0.617087
0.819836
1.121442
0.420700
1.152226
1.212894
0.259151
1.742686
2.566725
1.395884
1.901555
0.581304
0.428689
0.677387
1.267425
0.506385
2.129448
1.370473
0.989410
0.575404
1.088957
4.221011
2.119940
0.512497
4.240754
1.516548
1.154447
1.831584
3.172116
0.413107
1.421525
0.447100
1.060963
0.190509
0.688962
2.924543
1.286479
0.793510
1.422866
0.950132
2.668592
0.792806
1.407731
5.084766
1.332065
0.348639
0.480429
0.830180
1.619409
1.327882
1.251172
0.340597
1.254756
0.761018
0.681395
1.186043
2.901299
1.860543
0.567953
2.308397
2.404603
2.068947
3.508587
0.703363
2.213975
0.570320
0.491166
0.828361
1.201475
1.913541
1.787945
0.906016
0.177073
0.720883
0.880491
1.401389
0.896579
1.199802
2.837262
5.756643
0.184606
0.991926
0.325043
1.325992
1.739774
0.836291
0.160006
1.414064
0.204363
0.612211
0.966440
2.635071
4.296182
0.843926
0.418237
2.082772
1.261606
0.728031
0.341243
0.053904
5.823468
2.132497
0.911739
0.154237
0.225741
1.813867
1.457478
0.982360
0.570019
1.168197
0.968919
0.627433
2.704245
1.138600
2.039006
1.354205
2.162549
2.139784
0.432222
2.344079
5.122530
1.244970
1.737519
3.928955
2.431355
2.226698
1.916533
0.886637
0.289826
2.308141
0.892325
0.273888
1.455818
1.835060
0.327087
1.574894
1.015576
1.694600
0.153070
1.477246
0.471255
1.012064
2.318063
0.115245
2.677149
1.404787
1.385459
1.642276
0.891143
1.759410
1.151679
0.866666
0.577296
0.483036
0.787512
0.169282
3.536726
0.170083
0.937092
0.080176
2.453816
1.881152
0.289907
1.051862
1.054589
0.471156
0.259469
2.428672
2.289085
0.313375
1.059818
3.651464
1.174569
0.672753
3.917551
0.884696
2.298129
1.283922
6.017889
0.504725
0.609226
1.140464
1.211297
1.001990
1.517651
2.197215
1.054780
1.359174
2.328346
2.220646
1.374803
1.641204
1.259883
1.552865
0.316161
3.454144
2.066035
0.437800
2.096059
1.407053
0.588891
0.585236
1.274450
1.725765
1.079871
1.179416
0.154038
0.683692
0.050412
0.133037
1.005968
0.614095
1.176485
2.923700
1.521909
0.351832
1.760106
0.209798
1.610096
1.228247
2.422814
0.589515
0.490233
0.882358
2.358949
0.640378
0.756014
1.440805
0.894169
0.254901
0.495769
1.346604
0.686947
1.712765
0.639178
1.751138
0.492853
0.679993
3.309254
0.497929
0.711030
0.855609
0.925454
1.956621
0.645140
4.394187
2.390849
3.095646
0.112234
1.146544
1.026169
2.494851
1.686234
1.384558
0.563166
1.189198
2.174003
1.149589
0.297817
0.457594
1.270575
0.631344
1.748617
2.073561
2.880540
3.025569
1.105074
0.230416
0.487174
0.948890
0.585055
1.017442
1.834657
1.381168
0.479231
3.366537
1.317290
4.200263
2.507729
1.346294
1.079099
0.703964
0.977557
0.379212
2.343643
1.418652
1.443024
1.497752
0.227215
1.640134
1.957751
1.376317
2.690030
1.043965
0.840262
2.053061
0.844431
2.101445
2.259747
1.165918
0.481329
7.083693
2.794977
2.565228
1.376718
0.177554
2.168035
0.368316
6.408498
1.572490
1.616413
1.071775
2.811820
0.194755
1.307156
1.814403
1.506629
0.415097
0.800375
1.631909
2.077147
0.226265
0.604653
1.590733
1.135841
1.299364
0.987528
2.176344
0.792150
0.584486
0.712760
1.100547
0.581087
0.471460
0.788243
2.023639
0.526959
0.336633
2.536988
0.520141
1.847968
1.204628
1.481069
1.470327
1.280900
0.444898
0.780975
0.441528
0.681892
1.481960
2.120933
0.102524
1.603936
4.621343
1.620318
0.377978
1.250734
0.214366
2.826177
2.295532
0.659394
0.478962
0.701208
1.060519
0.765556
1.357099
0.553084
1.120045
1.588180
0.185003
1.543577
0.880771
1.273963
0.623669
3.425368
0.224370
0.883712
0.652709
0.527022
1.457735
2.401399
3.531701
1.484571
1.146018
3.234134
0.676377
1.391184
1.071112
0.750897
1.109708
0.674876
1.257106
1.473348
1.215669
3.479921
2.784923
0.242415
0.424850
0.863115
1.739024
0.486363
3.731544
0.161881
1.697088
0.527389
3.860333
1.839779
1.257813
0.568668
2.742526
0.382244
0.131291
2.346078
1.808499
1.181259
1.969616
3.502772
0.237614
0.536877
0.632115
1.213742
1.030014
1.932931
0.352593
3.059095
1.709483
4.147234
3.775695
2.199816
0.799307
1.591334
3.473898
0.704263
1.662047
1.507456
1.052109
1.532980
0.821049
3.422482
2.264030
0.570405
0.212720
2.348387
0.085039
1.950356
0.790386
1.997624
1.728626
0.881498
3.194038
2.929271
2.465569
0.860766
1.570877
3.272136
0.676062
0.790047
2.911994
0.584972
0.354156
0.586949
2.421511
0.182806
1.117218
1.196401
1.590871
2.749866
0.383913
3.629616
2.313847
3.017853
0.461430
2.541703
1.897740
0.475623
1.446196
0.157096
2.875019
0.715100
0.925348
2.302708
0.504478
0.596095
0.475355
2.168805
0.441124
0.968000
0.339200
0.158349
1.435742
0.535046
0.630188
1.024791
0.591984
1.710872
2.947975
2.442181
1.346695
8.290844
2.153273
0.915189
3.012475
3.171664
0.609349
1.568616
0.284082
2.210448
1.634264
3.707144
0.263604
0.117102
2.060868
0.614280
0.620712
3.018800
6.008973
0.877110
0.771828
0.327117
0.921550
2.699169
0.692214
1.436705
0.755318
1.109202
0.697799
0.549866
0.758758
2.247190
0.548838
0.291754
0.509265
0.338551
4.701777
0.931866
1.846117
0.232632
0.511194
0.910233
5.910690
0.620758
0.935731
2.036762
1.054278
1.442411
1.676039
1.043498
3.253633
3.677110
1.221825
0.766768
2.359851
1.997217
2.682035
0.382662
0.584952
0.425629
0.753221
1.177721
3.197480
1.130281
1.334972
0.330463
1.329732
1.289040
1.103576
0.693363
1.400841
1.509545
1.510627
1.386335
2.363644
4.437881
0.831202
0.683591
1.378708
4.571178
1.689442
1.189446
3.326651
0.515612
2.102507
2.008007
3.069780
1.604619
2.554702
0.392586
2.047828
0.448480
1.445645
1.735821
1.458758
0.441158
2.043967
0.446954
1.647769
0.601661
0.958295
0.633110
2.309374
5.049202
2.159434
1.584409
4.000163
0.382821
2.757601
1.285309
0.333891
1.332532
0.088872
0.105607
1.827673
2.136727
2.052026
1.529278
1.036255
1.519283
1.883455
0.541694
1.971011
0.800148
2.574903
0.853968
1.067595
1.522381
1.133246
0.338945
2.334238
2.481245
0.798837
1.568920
2.400824
0.345149
0.710652
2.199841
0.565101
0.459865
0.821788
0.727047
1.733454
0.836488
0.747173
0.962803
0.378004
0.212163
6.145028
1.265515
1.630577
1.866956
1.776971
0.974146
0.144164
1.337205
1.876831
1.107934
0.500411
0.545928
1.305081
4.213583
0.138388
2.443834
1.482633
2.507086
3.186585
2.594565
1.591657
0.392629
5.533230
3.641671
0.942212
1.706614
0.732164
1.639063
0.259161
0.934221
1.761441
0.246820
2.816694
0.859772
2.065468
1.418049
1.887818
2.149873
0.421010
1.082828
0.651425
0.739352
1.531683
2.055676
0.680584
1.581879
1.473514
2.490877
1.167965
1.260461
1.802473
0.400691
1.544715
1.774145
0.273515
5.420493
0.915235
0.847773
1.611141
1.026027
1.795001
0.847163
1.132673
1.431821
1.670500
0.637091
0.497437
0.956602
0.052092
0.736509
2.339957
0.656587
1.339696
1.068593
5.532206
2.188899
0.286596
1.451326
1.577510
1.319297
0.379430
0.848395
1.627719
1.881456
0.137864
1.823220
1.847739
0.949982
0.189630
0.895930
2.184985
1.907680
1.729308
0.687437
0.802539
0.866176
1.155003
1.129556
1.867939
1.160982
1.925921
1.306001
1.824616
0.742208
3.969437
1.795757
0.288973
0.170912
0.757054
1.785298
1.383623
0.961668
0.151292
0.607538
0.380336
0.211364
3.082141
2.301134
1.027684
3.494915
0.510686
0.592923
1.691300
2.461041
1.104853
4.188567
0.536393
3.152800
1.061909
2.846865
0.975417
0.506115
1.041925
0.360326
1.071366
0.961413
2.181972
1.216488
1.014221
0.304737
0.568198
4.116655
1.112537
0.608120
0.541801
1.355152
0.680934
0.345534
0.917206
1.661283
0.174259
1.277864
2.595422
1.779329
0.909972
0.800634
1.676316
1.300252
0.632899
0.353938
1.036948
1.512961
0.686335
2.454231
1.810227
1.736827
0.627074
1.195960
0.539971
1.557891
1.368083
0.920392
1.463906
0.082293
1.405249
2.080366
1.371543
2.321955
2.558717
3.165326
1.156345
2.754413
1.083610
0.846347
1.400313
2.220713
1.577380
0.650322
0.842187
2.547212
0.828806
1.970484
1.128279
1.390426
1.423218
0.504707
0.678935
2.212855
1.621034
1.037722
1.036401
0.591416
2.141993
0.088842
0.604024
0.892445
2.113907
2.065268
0.514918
1.561061
1.740412
1.583727
1.230352
0.420047
3.846756
0.304028
3.104922
1.454163
0.788070
0.665899
1.081724
1.532849
4.460912
2.914103
0.549708
1.361711
0.257409
1.048116
0.888077
1.794483
2.474643
2.066463
2.914942
1.541342
2.099600
0.380336
4.070646
1.335296
2.641696
0.443082
0.525953
1.333826
2.053192
1.700928
1.673852
1.877961
1.955409
1.413126
0.803462
0.204947
2.296219
1.975529
1.638253
2.175945
1.597914
2.407035
0.873019
1.768072
0.692495
1.759903
0.964619
0.352799
1.107198
0.748253
1.834165
0.629555
0.953224
1.714066
2.059832
0.673564
2.249991
3.314071
2.160197
1.379979
1.480929
1.094934
0.748607
0.862334
0.131946
1.441037
0.933467
2.383974
0.843180
0.141207
1.518831
3.922515
2.518234
3.658024
1.636624
0.368411
1.592607
0.195774
0.558942
0.339404
0.811938
2.865820
0.795641
1.764378
1.383770
0.287362
3.291174
0.920171
5.397761
1.847757
3.223943
1.455453
0.495058
0.592158
3.220417
0.526893
2.158508
0.773186
5.503668
0.395848
0.808176
1.495271
0.301278
0.495293
1.355889
1.872961
0.688230
0.563470
2.001053
1.068330
0.729952
0.272875
0.834503
1.405012
1.983624
2.797628
1.584225
1.709222
0.680483
1.556803
0.959118
0.522576
0.614293
1.309249
0.927452
0.452302
1.814151
0.485007
1.049420
1.784714
0.702247
1.925281
0.782100
0.838499
2.800831
2.518611
0.218404
0.446534
0.193361
2.178457
1.381233
0.792058
2.505648
2.789329
2.689488
1.453681
2.065962
1.229485
0.709055
0.082886
0.432889
1.604315
0.535646
0.862822
0.534082
1.320613
1.148872
2.713870
1.758292
2.860665
1.391143
3.483994
1.543612
2.612524
0.716729
1.229360
1.826756
0.794031
1.579460
1.946923
0.348700
0.574331
0.204642
3.335675
0.311787
3.001313
1.270211
2.447151
1.008808
2.124255
2.487915
1.294749
1.030347
0.119667
2.631535
1.447054
1.353456
0.849769
1.126284
0.663285
0.626151
0.156442
0.541124
2.450681
2.778990
1.080670
0.865759
1.443892
1.954202
4.061499
0.831192
2.379535
0.504039
0.901481
2.025162
0.650117
0.704953
0.734691
0.288769
1.672048
0.241410
3.007852
0.565774
1.133014
3.152845
0.247108
0.236700
1.148685
0.949136
1.230562
1.817384
1.467790
1.282055
2.749203
1.060172
1.004589
0.818891
2.066370
4.915747
0.251040
1.921280
0.801579
2.720684
2.829019
1.663312
1.566828
0.411600
3.110105
2.938433
0.545454
1.412834
3.541654
0.333443
2.049796
1.006315
6.425796
2.286005
1.104223
1.141228
0.557567
3.636720
0.520532
2.122642
1.157144
0.225652
0.597028
2.713436
0.902522
4.032355
2.601481
1.006647
1.788182
0.513309
0.743865
1.430401
2.348432
2.985089
1.785292
1.930447
2.239862
2.694367
0.800017
1.973187
3.672023
0.287159
0.476778
3.608718
2.693573
1.463597
1.021957
0.258724
1.324266
1.418400
2.400458
0.098680
1.534132
0.186575
2.787223
4.145898
5.777801
1.958589
0.939835
1.766186
2.959265
1.630204
0.725288
1.875977
1.348315
3.869749
1.106501
0.888225
2.407979
2.015247
0.351336
2.136965
2.322168
0.656277
1.904841
1.750495
2.373182
0.456239
1.946177
0.918530
1.843846
1.383972
0.936998
0.841789
1.463191
0.694175
0.778185
1.445922
5.138064
1.685588
0.736542
2.846466
0.814232
1.321682
1.502327
2.610081
1.219415
0.259601
0.602515
0.843282
2.266863
0.778507
0.385810
1.539300
1.287304
2.400807
0.792961
0.888234
3.930824
0.205518
1.839843
1.705833
1.478855
0.326145
5.739033
0.565867
0.850226
0.765260
2.104999
0.826383
3.669583
0.231901
0.599922
0.713044
1.435330
2.290786
0.421507
0.325134
2.623316
0.840327
1.004371
1.685357
1.535551
1.237806
0.754360
0.468353
0.856431
1.434599
1.195241
0.777593
1.533006
0.580366
3.950312
0.614930
0.735812
3.792910
0.996000
1.487816
0.676035
0.529222
3.142869
0.574783
0.616404
0.423236
1.113570
2.208277
3.290865
1.404712
2.693919
2.181938
2.895168
0.735068
1.112720
1.247795
2.123203
1.931978
1.634756
0.393939
0.816893
0.456552
0.996929
3.283605
0.850745
0.916333
0.463099
1.488543
0.824773
1.314950
0.590402
1.371469
1.826568
0.412767
2.001659
3.144600
0.660025
0.590964
1.841483
0.511632
2.092496
1.426363
3.626138
1.676559
2.538530
0.996963
0.529731
1.558219
0.445908
2.342973
1.924132
1.090900
3.706765
0.441633
0.931811
0.752630
1.197983
1.239638
2.775493
2.264073
0.222944
0.327683
0.916001
1.984172
0.577458
0.398200
1.672165
1.057268
0.807596
0.932142
1.451077
0.321169
3.577927
1.311467
1.952905
2.212838
3.362502
3.027982
1.036631
0.284549
1.897740
0.480987
1.233603
1.720732
0.739682
2.697320
3.757375
2.057281
0.946857
2.438907
1.389442
1.032378
3.091195
3.244451
0.507588
0.388432
0.195161
2.348230
1.300705
0.871669
0.563627
0.415869
1.030978
0.448353
1.639460
0.490490
3.247108
1.437578
0.269499
0.875348
1.618001
2.139680
1.194501
0.479458
1.117079
2.050711
0.129901
1.014867
1.276923
0.978291
0.672285
0.341452
2.269552
0.491437
0.088755
3.964720
0.701843
0.218890
2.149341
2.165835
0.952089
4.069017
2.965597
2.201499
0.372363
1.350964
3.512714
0.154099
0.448234
6.523656
0.917571
2.114734
2.125636
2.527263
3.176766
0.649410
1.506828
3.381143
1.592715
0.438192
0.839228
2.733041
0.612067
0.439629
0.171832
0.626579
0.354179
0.751759
0.703978
2.694529
0.289308
1.586180
2.454208
3.972634
1.051930
3.366613
1.256682
0.926132
3.729649
1.616644
0.920004
0.820145
1.034555
0.462922
0.510438
0.862227
0.927686
2.079793
0.727097
0.008656
2.886646
1.460228
2.733652
0.382758
1.872210
2.961404
0.829726
2.275339
0.548950
1.415433
1.721775
0.676285
0.604526
1.252203
0.601424
1.576325
1.093464
1.872194
5.805606
0.989596
0.912914
0.907489
1.841225
2.117932
1.211328
2.681210
0.397842
2.611497
1.589066
0.947088
2.612043
1.289454
4.015213
1.938509
1.566848
1.741947
1.584856
3.562304
1.192973
2.305478
1.270436
0.510450
0.259071
1.899839
1.706004
0.705880
0.900632
0.407348
4.277743
0.888194
1.244141
0.856071
1.820076
0.622203
0.391000
0.583275
0.338154
0.617929
0.264028
1.870937
1.453591
3.106196
0.674676
1.357027
1.626226
2.674874
0.656626
0.747999
2.308024
1.876177
0.351705
0.851026
2.755880
0.468689
0.257531
1.344809
0.993128
1.009558
1.669129
0.934724
2.012111
0.521946
1.810615
1.117244
0.958143
2.271748
1.634647
1.139120
0.138990
1.818661
0.548039
1.501392
1.531425
1.041662
0.501275
0.712425
0.764659
0.973479
1.319864
0.372406
0.389990
1.563233
1.055391
4.663418
2.076433
1.172303
1.296822
0.513619
2.787071
0.565636
1.302402
1.581779
0.899623
0.652734
0.341624
1.934640
0.204408
1.933886
0.581003
0.256011
1.074294
0.941815
1.657243
0.246916
2.201560
2.305097
0.808636
0.324215
0.587980
2.513205
0.538462
0.797324
1.155826
1.485239
0.759509
0.662075
0.319917
2.308620
0.991916
3.795311
6.771136
3.277420
1.452028
0.894878
0.502007
1.707886
0.336409
0.572412
1.005407
0.744773
0.675084
2.455086
1.634642
2.929378
2.812794
1.086327
1.835733
0.574618
1.266144
3.012412
0.209043
1.772295
0.604874
1.240275
0.768035
1.201881
1.965933
0.921168
0.793871
0.458744
0.829699
0.789248
0.284577
3.017027
1.633398
0.627279
1.419616
1.923705
1.016167
4.457205
0.073307
1.634802
2.317149
1.650651
1.337834
1.797860
0.361310
0.694107
2.845574
1.511789
0.499442
3.234075
0.786585
0.917411
1.061605
1.444683
2.548092
0.526192
3.603954
0.489588
0.799054
0.721557
1.106120
0.924865
0.528881
0.369364
1.437090
1.982675
2.386656
5.138029
1.889324
2.416990
1.598035
1.309867
1.186349
0.552862
0.651613
1.418680
1.068250
0.417339
0.556423
1.448659
0.220565
1.177277
3.596984
1.150091
0.288142
2.225277
1.592137
0.099567
3.588039
3.444834
0.739545
0.986403
0.796100
1.092866
1.200663
2.804000
0.563236
0.820144
2.705791
3.032724
0.474558
1.245334
1.086542
1.564341
1.767127
1.701014
0.592455
0.421699
2.170231
0.962386
1.825844
2.382632
2.627106
1.640174
0.775182
3.241561
1.100583
3.268999
3.368520
0.981159
2.641409
0.603869
2.166707
0.518861
1.632686
0.738423
0.242584
2.437157
1.449799
3.163444
1.962694
1.921174
1.053987
0.547680
0.903603
0.407300
2.524018
1.363100
0.653748
1.581225
3.420594
3.395789
1.122010
2.229105
1.444261
1.991772
1.886022
0.187170
1.710305
1.647356
1.044153
1.311180
2.603499
0.600728
1.802779
1.239635
1.172245
1.984064
0.870061
0.287320
1.677137
0.323580
2.201354
0.345908
0.701671
0.478958
0.587600
0.381077
1.806699
1.061390
1.932073
1.591596
0.920136
0.564500
1.067668
3.591809
3.360663
0.490389
4.367679
1.498054
2.260091
0.989573
0.461133
1.672332
1.485997
2.444383
0.520137
0.320521
1.427834
1.233088
0.463464
0.671103
1.429720
3.312885
0.843135
2.437083
0.315822
1.281742
3.382372
2.108525
3.669647
1.688331
1.014200
0.816768
2.554455
2.462033
0.707518
2.158552
5.031893
0.657100
0.969294
2.192533
1.568509
1.281133
1.108549
0.643803
0.907255
1.528565
0.794571
3.386917
0.415194
1.084425
0.536704
1.790176
0.930116
1.220691
1.293971
1.088546
0.147967
1.134008
0.616725
4.146018
0.435260
1.542469
0.753455
4.380334
1.121993
1.320544
2.042736
1.092591
2.096309
0.474368
0.655047
0.992299
1.687843
1.740146
1.552349
0.152539
0.779626
3.222640
3.750330
1.019469
0.916302
0.438516
0.386118
1.913409
1.557391
1.576756
0.524499
1.615500
0.355360
0.954992
1.520352
0.620993
6.341743
2.877818
0.570682
1.113997
1.061842
3.608933
2.900374
0.587202
0.354877
0.434030
1.470611
2.025742
2.268593
0.622160
2.116575
0.372993
0.461087
1.915503
1.241327
1.219429
2.572805
1.513307
0.639271
1.171418
0.668205
0.978801
0.421152
0.848215
2.090933
1.921551
1.329936
2.074797
1.546310
1.927185
0.624760
0.245159
1.729257
0.400438
0.682174
2.080654
0.658857
2.468450
1.275683
0.212503
0.259707
0.779578
0.454888
0.570007
0.153573
1.606618
1.759035
2.727007
0.687577
3.058889
0.894804
1.191509
0.789419
1.151852
2.312216
0.297256
0.585605
0.901110
2.424126
2.335115
0.339246
0.243162
2.645089
2.051376
0.501378
0.397434
1.290173
0.975955
3.585093
0.237815
1.055297
6.731098
0.870603
1.375835
0.565150
0.912497
0.588050
2.712159
0.656385
1.099583
2.146822
1.437232
3.328944
0.327369
0.250391
1.973394
0.477329
0.684182
0.366241
4.367618
0.284442
0.545569
0.158127
3.255067
3.429145
0.545687
0.196712
1.137420
1.393527
4.467915
1.243272
5.315393
4.367864
2.511086
1.350085
0.513305
0.597651
1.994770
0.199844
1.075326
0.575136
2.318010
0.132097
0.427296
2.878291
0.292661
2.639201
0.206360
0.813466
3.812605
0.102921
0.939682
0.453897
0.193519
0.784414
0.305604
0.608581
0.849080
1.304170
2.113796
0.802736
0.214212
2.068516
0.752005
2.794176
0.817697
1.089952
0.341807
0.276624
1.164882
1.271611
0.692534
0.765581
1.310009
0.938478
0.545666
1.482845
0.658880
0.616236
3.049023
0.570839
0.635460
0.750447
0.838664
0.697440
1.417648
0.982986
1.133862
2.985654
3.230621
0.659137
0.605165
3.893758
6.271605
1.193354
2.490225
0.810049
3.279372
3.262848
0.930086
0.999865
1.094827
1.537339
1.760565
4.413736
5.025708
2.641194
1.415838
0.632635
0.317880
1.182454
1.020269
0.784066
2.051890
1.931970
1.346785
0.861884
0.431652
0.090333
0.663537
0.239598
0.674068
1.091616
0.073868
0.666515
3.289668
2.524090
1.340056
2.571300
2.104581
3.094998
0.698114
0.620665
1.296447
3.460425
0.572004
1.263836
2.251972
2.068511
1.945084
2.738397
0.681405
0.476028
0.531922
0.062369
2.737403
1.878311
0.869384
6.729144
1.907464
1.413248
0.232401
4.053790
0.125191
0.247509
0.597383
3.503178
2.912097
1.997966
2.215338
1.690961
1.669102
0.241869
2.774444
0.565315
4.843994
0.304412
1.816233
2.171543
2.432634
1.078961
1.672899
0.323095
1.431295
2.419638
0.332175
1.119858
1.347260
1.038209
1.114431
0.738774
5.268005
1.214600
0.669916
0.061568
1.333937
1.090119
3.566121
1.081386
0.568091
1.959245
0.384864
2.526399
2.167121
4.661045
0.200363
2.092239
0.253248
1.943662
1.362227
2.800649
0.531166
0.619467
3.861761
2.005515
0.233108
0.217676
0.598381
1.464061
1.123570
1.654626
2.650122
1.100281
0.487065
0.384954
1.108326
1.780097
1.334530
0.985943
0.442691
1.929243
0.449237
0.653121
1.425698
3.137003
0.615329
1.518941
1.752855
0.715605
0.883530
0.666883
0.475867
1.262095
1.111381
0.384189
0.719023
1.211936
0.468722
1.147043
0.342839
1.477010
0.425101
3.635406
0.225252
0.730339
0.253214
1.202611
3.896264
1.469377
2.803239
0.351233
0.840866
0.123065
0.829350
2.974479
3.312366
1.299206
1.253511
1.524469
2.197218
2.583630
2.542202
3.386662
0.934480
0.791255
0.207981
1.583562
2.208013
0.542437
0.373966
2.752152
2.103230
0.627578
2.385808
2.310685
1.194126
2.735454
0.795237
1.101282
1.150664
0.558910
1.310482
2.199896
0.586176
2.557948
1.779816
0.436709
0.958197
0.596060
1.955936
0.531744
0.270919
1.450175
0.388397
1.055380
2.824581
0.466217
0.271866
1.730813
0.822071
0.498303
1.362710
0.344462
0.939872
0.954087
2.933058
2.601140
0.698151
0.587210
0.799025
1.886479
0.959477
2.457952
1.253304
1.426321
1.765885
0.595889
1.821149
0.299937
1.007710
1.087857
0.667625
1.132732
0.174343
0.876613
2.821452
3.082934
1.179585
3.511178
1.454647
2.216111
0.368903
0.471091
2.771143
1.148764
1.274849
2.123595
0.841271
2.107367
4.274250
1.567393
1.207394
0.901582
1.139529
0.044093
3.337816
0.489084
0.599648
1.586957
0.626593
1.508757
0.313433
1.120268
0.297013
0.375479
2.221410
3.687035
0.096396
0.742259
2.887783
1.478437
0.303077
5.023471
1.955893
3.618944
1.118707
0.705723
1.895942
2.132193
0.182935
1.792133
1.007888
1.275408
0.245745
2.665269
1.280036
4.490853
0.132057
1.905546
1.520110
0.657289
0.856831
1.750683
1.762057
0.994951
2.151163
1.182546
0.890897
2.192985
2.033971
0.672072
0.969448
2.382255
0.645798
0.430577
2.103994
1.739681
0.955502
1.211463
1.126110
1.015242
0.567800
2.620927
3.278164
0.663455
1.908941
1.104982
0.618726
1.971122
0.535499
2.379085
4.293870
1.235463
1.242875
1.670114
2.973155
0.767267
0.468507
0.689333
0.323225
2.923580
1.198165
1.137501
1.884437
1.863855
1.444668
1.204422
0.987130
3.971320
4.782959
2.551543
0.935731
0.533650
1.848966
0.784035
1.014228
1.078531
1.978627
1.545469
0.544478
3.130409
1.093897
0.488108
1.039115
3.646242
2.292292
0.829813
0.664136
3.637613
1.395767
0.817286
2.505992
0.263330
2.115240
1.386874
2.088037
0.910673
0.261382
0.513060
0.833903
0.211155
0.112010
1.773232
0.607421
1.892047
4.861785
1.528839
0.503894
1.915630
0.658049
0.860441
1.614742
1.722970
1.185305
0.279102
1.558260
0.773825
0.952472
2.613436
0.669781
3.548640
0.532762
0.336851
6.467959
3.559817
1.623590
2.073837
0.795927
1.802484
3.270513
1.551879
1.941633
3.436766
0.814575
3.506442
1.666597
0.783432
1.364626
2.328321
0.161386
2.180391
0.484679
1.686341
1.137547
1.577493
1.899932
0.344395
3.197119
0.381228
3.555666
0.507136
0.234741
0.412560
0.673180
0.225238
0.276069
2.821622
2.275515
0.915079
1.439044
1.929057
4.630727
0.824996
1.697421
0.775403
0.706090
0.844453
1.450517
2.306965
0.468064
1.513778
1.482895
0.767785
0.737547
0.278636
3.159506
6.074137
0.477238
2.462502
0.370542
0.351215
6.000328
0.467926
0.596808
0.663274
0.552770
0.713524
0.424371
4.915695
1.547169
1.817511
1.871624
1.490452
0.140154
0.964965
2.883444
0.740328
1.842674
1.174023
0.343122
2.536778
0.346109
1.747465
0.458538
0.911669
1.972189
0.259327
0.902120
2.826646
2.862388
1.109022
4.290783
2.817408
1.457897
0.541420
0.423326
2.095135
1.077422
0.670561
2.029340
0.266089
3.495165
1.157808
1.656475
3.836693
2.575219
1.343008
0.654946
1.384494
0.165818
0.824368
1.022178
0.400572
6.566879
1.340628
1.149392
1.960516
1.482137
2.359003
1.558338
1.195171
0.731091
1.478830
0.937921
2.605135
2.103911
1.202693
1.568533
0.604698
1.919567
0.960667
0.714113
1.701335
2.560890
3.139533
1.565600
1.830411
1.136915
2.597671
0.726840
1.191282
0.535511
1.729391
1.471632
0.529714
0.636680
0.281819
3.048134
2.354267
2.783846
1.303735
0.804341
0.488152
0.440243
1.726130
0.086428
2.946813
0.521615
1.589476
0.388512
2.903689
0.129250
0.924894
1.384345
2.669244
0.751998
0.567436
1.409704
1.970671
0.235896
2.470423
0.643798
0.625188
1.263897
2.353375
0.969245
1.953436
2.775550
0.778419
1.368066
2.051644
2.378596
2.629780
3.062576
3.677151
1.319103
3.142428
2.535235
1.819010
1.350906
3.705644
1.476456
1.389694
0.824958
0.504701
1.066297
1.475482
0.884317
0.034917
0.865957
0.976792
2.478056
1.382283
1.503695
0.903736
0.958119
5.294667
0.357847
0.711519
0.758290
1.628687
0.146863
0.393341
1.245235
3.295998
0.269493
0.235009
2.501659
3.007369
1.992123
0.983531
2.586024
0.877143
3.797839
0.532783
1.223501
0.970199
2.079083
2.501071
0.972702
0.382888
0.656050
0.645183
1.680662
2.458957
1.433707
0.229704
2.396737
1.708349
0.796094
0.400212
0.827086
0.833907
0.622098
2.381589
0.687687
0.733858
2.680158
0.356884
0.539681
1.528745
1.184977
0.186610
3.771210
1.083367
0.591921
1.117133
2.378871
4.040158
0.784116
0.613134
0.297754
1.294002
1.079971
1.920890
0.922742
0.135779
2.102513
0.571179
1.763872
0.312237
0.789687
0.058399
0.983525
1.258812
2.400941
1.606809
2.161784
1.792117
1.923868
3.827777
0.809497
0.615430
4.953802
0.717984
1.637442
0.563364
1.868263
1.161955
0.491205
0.107676
1.748527
0.626935
1.320401
0.421620
3.587811
2.973245
0.456807
1.872161
0.355933
2.365884
2.186508
0.974850
2.384963
0.551870
2.974759
1.645053
2.353982
1.752969
0.886825
1.348864
1.610872
1.653032
2.051831
1.567583
3.150086
1.019007
2.313222
1.582194
2.786474
3.968028
1.614489
1.386959
0.551044
0.549774
1.744603
0.436109
0.330490
2.333927
2.489633
0.529266
1.598985
1.575481
1.370931
1.136078
2.296379
1.127516
0.407875
1.572217
0.470159
1.129288
0.544339
2.152706
0.406779
3.421251
1.017211
0.182527
0.883351
0.631983
1.670277
0.642358
0.556185
0.794753
2.183405
0.919366
1.179153
1.153442
1.195431
1.376205
0.761322
0.849078
1.917264
3.206953
3.814696
0.761857
0.961685
2.077851
1.974032
1.213045
0.986327
2.801060
3.712701
1.404837
1.684519
0.290258
1.240389
0.309634
0.359772
2.545193
0.774043
2.011532
0.317161
1.162459
0.255886
2.631545
2.443517
1.303191
0.853812
0.834470
0.354714
1.529821
1.633530
2.340852
1.313231
1.501473
0.382614
3.149022
0.935759
2.500056
1.022199
2.065303
1.906075
0.919679
0.858324
0.975514
1.055530
2.464035
1.131725
1.268006
1.762772
2.007536
0.726615
2.054750
0.636608
0.829308
1.552568
0.268911
2.537845
3.699283
0.949468
3.447317
1.392668
0.166306
2.028009
0.378556
1.570968
2.587202
0.132368
6.444886
1.803809
1.055817
2.051051
1.049934
2.180766
0.359675
2.306377
0.616876
3.310284
0.732606
1.920241
1.532369
0.148829
6.003903
0.947259
0.674914
0.819292
6.264183
0.786361
0.512786
3.623357
1.714510
0.376174
1.257689
1.796609
2.567382
1.523282
0.840708
1.840102
1.569122
0.834242
1.012535
0.259176
0.331138
2.406978
2.476416
0.533056
1.605141
0.255733
0.377926
3.059095
2.143499
1.862966
3.298180
2.119914
0.352983
0.528148
0.349723
0.343825
1.145026
0.689218
0.197014
0.462561
0.887938
1.338234
2.437857
0.590243
0.501889
0.502965
3.037162
2.159871
1.171790
0.817229
2.449306
1.368596
0.468012
1.719297
1.913110
2.138949
1.905557
2.392778
1.764033
1.237394
1.325565
1.530900
0.749662
1.571599
2.159123
0.927400
1.858026
0.687748
1.528649
1.985989
0.967680
3.893964
0.770363
0.627808
0.507552
1.098187
0.944792
0.293751
0.646871
2.550278
0.950956
0.285353
1.013414
1.267597
1.948610
0.452237
0.782462
1.133924
3.851282
4.662487
4.005473
1.221231
1.476538
0.677404
0.436115
0.953605
1.511366
2.465594
1.563653
0.634695
1.438254
0.102786
0.553118
2.700617
0.646955
0.872686
0.822682
1.491395
1.008914
1.330832
1.112302
2.148320
1.498326
2.595181
0.786371
0.871403
5.169140
1.464413
2.239380
3.609469
1.412485
2.063884
1.097191
0.526517
0.068049
1.403040
1.341253
1.524008
1.013951
0.532489
2.435687
5.087655
0.552093
0.121465
2.606613
1.015830
0.899684
0.536328
0.090258
2.035021
1.862829
1.129251
1.317154
0.827027
0.822323
2.434898
1.656766
0.799346
1.052008
1.118357
0.692177
6.148163
0.623780
1.787746
0.517669
0.632475
0.717296
1.843966
2.428786
1.700374
2.774227
1.686883
1.659793
0.278507
1.730997
1.261318
1.147737
0.187244
1.761727
1.165008
2.170981
1.000122
3.355155
0.835727
1.872702
0.684491
0.496852
0.939483
1.349640
1.424954
2.384772
2.238349
1.413312
0.222015
1.207381
1.950561
0.711834
2.025295
1.098685
0.358634
1.047889
0.841268
2.031383
0.326097
0.963908
1.070904
1.464654
2.541274
1.136687
0.747438
0.838315
0.685313
1.729628
0.700220
1.398177
0.985822
1.226037
1.888348
2.072269
0.246695
0.787540
1.456791
2.522319
2.696026
1.572316
0.869404
1.505521
2.846702
0.358647
0.252848
4.509871
1.258273
0.944529
1.939073
1.461177
2.036934
0.521339
0.554150
1.503757
1.567182
1.129621
3.291026
2.718021
0.457676
0.553109
1.087036
1.296533
1.739765
0.509867
0.777103
1.916863
1.126166
2.783692
1.415624
0.846647
1.247752
3.085997
3.358703
0.991150
0.040134
4.681902
0.944709
1.262082
0.906000
0.395237
0.389052
0.405682
0.736470
0.763008
1.872028
2.948503
1.980296
1.618811
2.100814
2.763748
2.380087
0.612042
1.013203
1.235636
0.935273
1.803117
0.654470
2.393314
1.427626
2.270071
0.493875
0.346948
1.867217
0.341150
1.183602
1.873154
0.294599
2.585548
0.653776
1.044693
3.941990
0.862994
1.305460
0.659546
1.545600
0.687960
0.449576
0.920616
2.875419
2.983956
0.673025
1.863754
0.405029
1.627181
0.627150
1.180320
0.881537
1.106003
0.804949
3.211234
0.696718
1.128405
0.087064
4.082853
1.330362
1.200042
1.750850
1.507865
0.881724
3.115074
0.177346
0.803305
0.687990
1.373761
1.322527
2.671627
2.276157
1.703993
0.650271
1.795861
1.407976
1.153540
1.021339
1.745965
0.412293
1.567924
0.513923
1.127937
0.318077
1.150437
0.954865
0.846247
3.260862
0.969589
0.778505
1.147482
2.728989
4.395023
0.312782
0.627061
2.859552
0.376771
1.281622
0.460351
1.661481
0.280862
0.052504
1.137407
1.923511
0.655512
0.504773
0.792912
1.810851
1.397148
4.663251
2.324255
0.578729
0.474436
0.735661
0.727748
1.518447
1.639898
1.470832
1.313755
0.207064
2.833915
0.023412
3.062796
2.632451
0.314143
0.437751
2.010362
0.534086
1.633278
2.836485
2.404637
1.839749
2.860453
0.771447
1.081213
0.425237
1.102507
1.952925
2.357753
0.119712
1.878149
1.589442
0.604483
2.624716
3.020200
1.164151
1.157466
1.364937
0.297965
0.072188
1.459871
3.723526
0.076220
1.223337
2.323057
0.327665
1.559647
1.389528
0.691724
0.735830
1.110894
0.324638
4.543921
0.872178
0.928651
1.034552
1.130860
2.314281
0.493949
0.749906
2.388121
2.695650
3.099680
0.192340
1.926448
2.340445
1.236907
0.592983
0.939582
1.406690
0.602782
3.915864
1.282872
0.613639
1.130810
0.866749
0.770084
0.338364
2.967125
1.321520
0.903265
0.894765
1.532109
0.859677
1.769863
4.623089
2.001997
0.483478
2.209555
2.970219
1.056026
1.540512
2.097783
0.869189
1.634629
1.226727
0.498124
0.493427
1.810434
1.289564
1.894312
3.017452
1.193549
0.681477
0.413904
3.565730
1.434259
1.007964
0.178238
1.180192
3.507582
0.959082
2.416991
1.367718
1.860314
1.271687
1.317070
1.136411
1.689483
0.851297
0.918646
0.357083
3.595473
0.448749
1.060604
1.472341
1.579250
1.437341
1.990996
0.854027
0.394751
1.150757
0.661868
1.467093
1.854645
0.893961
1.317806
0.776684
2.021002
1.387318
2.107182
1.788280
3.548122
1.493296
0.691082
1.661193
0.423245
2.171131
0.419353
2.166311
0.410598
1.176698
2.732384
0.278955
1.516435
0.796486
1.651019
0.671987
2.806482
0.997964
1.404390
5.217841
2.667293
2.267637
1.436951
1.426623
0.495880
0.419534
2.691988
3.026393
1.741812
1.611686
1.486567
1.559026
0.676978
2.535383
0.752822
0.918369
1.586894
0.994744
0.479163
1.993515
2.744614
0.148469
2.277205
1.191579
0.835076
1.130446
1.903795
0.599557
2.601012
0.780239
0.577672
1.899281
0.373289
2.117040
0.794409
0.692962
2.882301
0.530665
0.500963
1.410261
2.304178
2.028019
0.582612
0.259391
1.495432
1.168102
1.029476
0.662468
2.714491
1.374688
4.640560
1.999359
1.425931
2.177375
0.657674
2.946405
0.682442
3.816356
0.382565
0.384181
0.692970
0.780549
2.388019
0.889252
0.300364
0.436871
1.480934
3.863217
0.783064
2.019407
1.301630
0.391917
1.243166
1.906305
0.505263
0.398930
0.592004
1.407872
0.880829
0.311211
0.444255
0.841461
2.353848
1.833443
0.402597
0.256797
1.500022
0.904824
0.092212
1.828824
1.125336
0.708490
7.004588
0.755320
1.503201
0.295621
1.014556
0.595831
0.168097
1.816210
3.753040
1.363263
2.282223
1.133773
0.750468
3.998087
1.401433
1.176203
1.312555
3.089578
1.352722
1.682792
0.662537
0.934659
0.934398
0.884244
1.044510
4.268810
1.808354
1.061590
1.729749
0.500936
1.760002
1.723545
1.080400
0.773602
1.969747
2.500469
1.207912
2.073921
1.337252
1.100560
0.830348
0.895756
3.024999
1.480849
0.821276
1.164861
0.320232
2.536065
0.967628
1.562929
1.254095
1.545721
5.750119
2.776915
3.998722
1.030622
2.561717
1.682292
2.493364
1.297956
2.347626
1.294625
0.599598
0.701668
2.343434
3.558454
0.372929
0.811399
1.842518
1.611651
2.028269
0.177575
5.381331
1.671578
1.558280
0.802678
0.453247
1.806083
0.495090
1.270082
0.840619
1.684088
0.460869
0.827686
1.334230
0.380164
1.929419
0.988571
2.066129
1.412367
3.232604
1.435483
0.378435
0.438493
2.450280
3.154349
0.306960
3.360993
0.643828
2.138038
1.413230
4.577479
2.272962
1.388504
1.606220
1.061747
2.682482
2.107946
0.439130
0.153990
0.771339
1.110174
1.753293
1.056155
2.083311
0.645572
1.290399
1.220954
1.549780
0.769463
0.305478
1.335493
2.689094
0.528577
1.703824
1.825292
0.344781
1.963671
1.595255
0.814504
1.269836
0.608829
0.773209
0.837516
2.105564
3.318827
2.008574
1.606837
1.814501
2.747704
1.671941
5.268615
0.845243
0.881340
1.033623
0.361407
1.404703
3.499603
1.458963
0.572182
0.650284
1.668162
1.938882
0.373894
2.400872
1.005463
2.253385
3.100601
0.471071
1.080560
0.637867
1.667776
1.623048
1.258003
4.599942
1.034728
1.091458
1.925452
0.266627
0.472856
1.505983
1.865423
0.450812
3.350863
0.274000
1.344972
0.164915
1.568815
1.197519
1.525260
2.340106
1.871380
0.734342
1.352306
2.320389
0.374385
3.711677
1.530917
0.102588
0.363430
0.254570
0.656922
2.014908
1.793205
1.985518
1.931358
0.403986
0.563331
1.135645
0.521692
0.849191
0.297836
2.778018
1.131972
6.670717
3.441337
0.080181
0.154855
1.389721
1.211660
1.587084
0.959163
0.611127
3.004958
3.334947
0.161604
0.030398
2.797219
1.598218
0.107579
4.360121
1.764916
0.677743
1.909821
0.961973
4.997306
1.126679
1.209237
0.535737
3.167798
1.665084
1.226705
4.819641
1.319713
3.867876
4.672646
1.166188
4.024319
0.045440
0.216015
1.128870
1.593162
1.040324
1.696226
1.322663
0.891815
1.772824
1.324958
0.653054
0.845274
1.351842
0.602025
0.118294
2.205388
3.338742
0.988468
2.138703
0.973376
2.838595
3.682056
0.802966
1.337346
1.110646
0.770557
0.334486
1.019066
0.733216
1.365856
0.943451
0.737170
1.468623
2.424343
3.041527
0.109170
1.222268
1.099615
0.914002
0.565969
4.819224
1.458330
1.257974
1.310478
2.214135
1.288852
0.844340
1.901973
3.185234
0.387831
0.404903
2.277216
0.263438
1.034638
0.893928
1.236206
1.827380
1.066480
3.098717
4.344911
4.878008
0.762848
0.685588
1.426460
0.415433
0.496140
1.456067
1.528204
1.483771
3.616275
2.248327
1.438639
1.316765
0.818389
0.414486
0.852878
2.464280
1.089128
0.261638
2.036562
1.336620
0.518847
1.383505
1.481868
1.432128
3.085556
0.381546
0.760492
0.876399
0.118225
0.708842
0.845324
0.787871
1.237795
3.000206
1.028591
1.663806
1.206309
0.175836
0.702974
1.084026
2.395166
2.461736
4.327021
0.465072
3.714075
0.799563
4.392516
0.983887
0.908009
1.932878
3.419624
1.276634
0.779222
1.309134
0.378516
0.600094
1.589075
0.964459
1.338644
1.627901
1.611857
2.698448
3.545021
0.478971
2.112877
0.907741
2.258387
0.720785
0.962263
0.272238
1.818355
0.608703
2.905001
1.725393
0.887677
2.518540
4.529165
0.837276
0.667933
0.863718
0.261931
0.537775
2.581714
0.887340
1.833470
3.754768
1.352426
0.873402
0.868039
0.366148
4.898494
4.478859
4.005856
3.309095
0.430293
1.954332
0.761504
3.252798
0.024049
1.693359
4.649723
1.820433
2.730722
2.735327
0.953684
0.633282
1.886583
0.908738
1.331870
3.833419
1.779158
1.475111
0.447620
1.341263
3.505872
2.457595
1.225766
1.205202
0.542521
2.455716
1.446209
0.511796
2.320474
1.349241
0.353581
3.417259
0.763623
0.943145
2.619558
0.764758
0.219527
2.487004
5.118486
3.109586
1.868291
0.928605
0.453336
1.077166
1.896213
1.722197
0.983891
1.029466
0.731965
1.282601
3.866006
0.613487
0.912806
1.128553
1.814762
1.311243
0.780172
0.763849
1.790585
0.395271
2.442851
2.160842
0.229568
0.422868
0.501747
2.987453
1.010952
0.581647
1.977413
0.985311
0.396747
1.127909
2.047861
0.673366
2.892813
1.182417
3.132546
0.761830
2.910679
0.560461
2.283655
2.568970
0.988782
0.520988
0.814272
0.368775
1.806601
1.500503
0.959145
0.985176
1.850211
0.621308
0.542842
2.020409
0.860645
0.856708
1.654221
1.958311
1.291011
0.993179
0.448107
1.587400
2.576968
2.862962
2.723336
1.992990
0.937099
2.184962
0.191209
0.721232
4.253591
2.462719
0.417918
0.929074
0.042656
1.059672
1.136783
1.812970
0.192537
2.494008
0.363660
1.971848
0.269499
0.730022
1.211987
0.977077
1.488615
0.484494
0.439716
0.436701
1.337356
0.707186
2.045488
0.995791
0.481599
1.581876
0.476373
1.267107
1.041655
0.539604
2.147438
0.980675
0.109515
2.936895
2.039228
0.118582
0.841571
0.628896
1.859626
0.904638
0.279842
2.279150
0.369364
0.415051
0.317916
1.457957
1.238255
1.719313
1.952000
1.581104
2.242702
0.753277
2.851822
1.371748
1.732699
0.203609
0.568655
2.366977
1.353245
1.509718
6.024978
0.854474
6.658962
0.080138
0.646701
2.027960
0.145922
1.354674
4.262803
1.931829
3.021449
0.195782
1.319673
0.017095
0.483560
1.522104
1.458762
1.645114
0.762975
0.844584
0.757433
0.341736
1.504925
0.531467
1.611966
0.758995
0.600650
2.412936
0.389658
2.026870
1.079255
0.378541
0.342017
1.073550
0.392174
0.815098
0.567110
0.433371
2.631333
0.509536
2.585084
2.081753
0.574533
0.983480
2.083070
0.870796
0.056295
0.906799
5.225066
0.768997
1.743014
0.735912
0.940655
0.765003
1.091608
0.118333
1.403049
1.625849
2.492079
1.716462
0.998937
0.747538
2.109913
1.187354
1.850592
2.760221
2.215405
2.946926
0.034155
1.656848
0.273163
2.593202
1.046600
0.689414
0.688944
0.567317
1.450712
0.694937
1.334874
1.421117
1.324247
0.640146
2.528291
3.082324
1.250780
0.769493
3.235304
0.327864
3.383925
2.073045
2.014565
0.859308
0.227464
1.285007
2.332942
2.017878
1.002386
1.516103
1.639630
1.004814
0.721115
1.836637
0.708838
1.758258
3.778792
1.241870
2.718972
1.329913
2.039065
1.034165
0.417222
0.784162
1.605929
3.984524
0.604473
0.486228
0.695640
0.444200
0.645935
0.561442
2.898843
4.479251
1.269429
3.398220
1.229594
0.859225
1.761898
2.983880
3.515892
0.865864
0.799883
0.603734
0.230228
1.382368
2.875786
6.539754
0.298942
2.067039
1.322509
2.379662
0.548518
1.655345
0.422616
2.342876
1.541144
0.843326
4.048099
2.689862
1.118464
0.576175
0.262765
0.887434
0.530009
1.407427
0.753891
1.706467
2.998183
4.077461
1.409948
2.510705
0.797475
2.735476
0.251926
0.883711
1.078602
3.491690
0.877762
1.233451
1.822673
2.777360
0.845569
2.792119
1.311880
1.098695
1.805710
0.493004
2.095277
1.685632
0.153764
0.637666
2.589347
0.316763
1.402038
0.171161
1.622248
2.541531
1.792608
1.345027
2.331258
0.725118
0.981598
0.418818
0.469654
1.089935
1.137056
1.422650
0.959549
2.263045
0.328117
0.341114
1.748508
1.009374
4.028308
0.625285
2.539461
1.683364
0.932185
1.540823
0.847639
0.975071
2.481544
0.556596
1.137672
1.018477
0.606804
0.393242
0.706839
2.986540
1.649165
0.312274
0.526606
0.233938
0.570525
0.809761
1.189955
1.642312
2.817251
2.657702
1.118290
3.961051
3.640909
0.458745
0.929244
3.111782
0.898615
0.622248
1.422587
1.883860
2.432558
2.997239
0.396223
1.712938
0.344280
1.402800
0.332427
0.776893
1.721482
0.868388
0.579420
0.848036
1.019858
0.918389
0.938041
1.483576
1.703572
2.582121
0.689527
1.361444
1.884199
1.816822
1.265493
1.698033
2.461762
2.795690
1.434695
0.568835
0.371291
0.503108
3.047463
3.309763
0.278112
0.127447
1.490250
0.476728
1.441923
1.741226
1.078731
0.707832
0.139498
1.575401
1.445416
1.056926
5.293362
3.774631
0.166507
1.670341
2.297739
0.736606
0.617295
1.297740
4.300225
1.917012
0.584142
2.301238
1.516214
2.128290
6.884061
1.831513
3.369831
3.025073
1.589577
5.439782
3.192740
0.660599
0.458216
1.234094
3.122584
1.408287
2.053484
3.346234
0.592087
0.883376
0.909078
0.571755
0.790942
0.958390
2.541314
0.398165
1.646758
0.283205
1.597590
1.562847
2.188331
2.431538
1.076553
0.995487
1.513000
1.072002
0.386554
1.328488
0.870352
1.952837
1.306401
0.707860
4.196065
1.696184
2.053547
2.816701
0.668245
1.276394
2.329445
1.082394
2.651590
0.534260
1.568925
0.516340
1.356905
1.169818
0.734227
0.599144
1.318096
3.041123
2.407190
0.843571
1.962150
0.718278
1.895865
0.888617
1.794130
2.388986
2.844552
0.200109
1.383239
1.041716
0.773806
1.305710
0.346292
0.253511
1.034362
0.840547
1.406227
0.653562
2.055925
1.074854
1.004203
0.973675
1.479800
3.736644
2.643118
2.675527
0.502573
0.999034
2.117061
4.825759
1.902353
1.258070
0.686319
1.102141
2.615043
3.520195
0.735129
1.993356
4.358926
2.434088
0.520989
0.722808
0.924223
0.694268
0.823763
2.143425
1.416688
2.824958
0.102331
0.863010
0.831379
1.024671
1.893116
3.138597
0.924407
1.445488
2.157767
1.276784
4.786532
1.368839
1.237538
1.838617
0.302877
2.012467
0.496669
3.295966
1.783834
1.053581
1.718165
1.696018
0.706230
2.471929
3.358593
1.549372
0.353917
0.686371
1.000021
1.682107
0.450420
1.020453
6.448442
1.111663
2.359787
1.880813
0.927599
0.560137
0.798656
0.484836
1.826151
0.765186
1.824894
0.608589
5.679168
2.108066
3.861645
0.482293
1.808696
1.643020
1.408100
0.942470
0.828753
2.402213
0.614562
0.691284
1.105503
0.792727
1.217551
2.530413
3.960689
1.569987
0.705419
3.879374
0.326055
0.322959
1.731895
1.094987
0.713356
4.599461
1.462755
4.007419
0.725052
0.781301
0.535264
0.711401
0.296355
0.447532
1.012846
2.076121
2.150900
4.423193
0.463123
0.375987
2.266022
0.891806
0.889905
0.694772
1.634159
2.502615
0.375262
1.519091
1.157327
0.903892
1.404268
1.346980
1.066835
0.686373
5.336287
1.776976
0.646311
1.436021
1.654843
1.210047
2.738180
2.395692
2.017335
3.501228
3.811419
0.504999
1.832160
1.955533
0.454420
2.502165
2.452501
3.436322
0.574731
0.557289
0.567383
2.476133
0.173965
0.764026
1.108962
1.217467
1.607624
0.145057
0.233029
0.306355
0.722847
0.202505
2.053752
1.207417
1.531851
1.031714
4.823788
1.202194
0.673762
1.949881
1.066018
0.585828
2.898950
0.458659
3.388254
0.176690
4.514511
2.094318
3.977914
0.530146
3.704750
0.490686
0.095213
4.454744
1.079181
1.127708
1.162866
0.320482
1.169812
1.266391
0.478918
1.969268
1.351626
3.019783
0.656739
0.518712
0.831922
0.624626
1.650844
1.377769
3.706165
0.339538
2.035624
2.511772
0.629486
1.773954
2.703660
0.585570
1.130086
2.441193
0.928301
1.021899
4.814841
0.945608
0.972263
1.043492
2.427546
2.615877
1.215443
0.807193
0.947459
1.608242
0.244815
3.253689
1.338719
0.751126
0.351951
2.647511
1.215330
1.972223
1.050165
1.102600
2.382920
0.549063
0.774411
0.229855
2.683156
0.513139
0.670354
0.846825
5.908745
1.502402
1.951309
4.523925
4.520913
0.431038
0.996700
2.300601
4.692301
2.898662
0.417382
0.909285
1.308215
0.518297
0.754948
0.324612
1.094357
0.934860
3.494554
3.446573
0.402856
0.922241
0.965718
3.392894
1.330961
1.720462
4.419992
1.021097
2.452030
0.622386
1.949793
2.418099
2.353968
1.160825
2.292521
2.234674
1.473556
0.605348
1.510180
1.422806
0.377960
1.900975
3.373850
1.583202
2.844663
0.620053
1.842882
0.853621
1.440353
1.636444
0.727021
1.784277
0.112953
1.642507
1.567194
1.360582
0.843194
1.496590
3.956861
0.510198
2.342306
1.803763
5.242521
1.597198
0.530358
2.235898
1.074060
2.070636
0.064102
0.224731
0.874315
0.386852
2.071995
0.737927
1.944873
1.644474
1.194230
1.094909
4.635424
0.302930
0.359886
0.688389
2.056977
0.386488
2.950122
0.972959
1.658895
0.638273
5.225461
1.541357
0.963110
2.282204
0.824669
0.940861
1.093935
1.191720
0.530274
2.746649
0.690202
0.538221
3.152522
1.456591
0.745497
1.741946
2.626872
0.108606
0.857241
0.888326
1.118840
0.817906
1.033007
1.339660
1.378860
0.542844
1.633084
1.128842
1.386062
0.799587
1.742083
1.357729
3.207072
0.288106
0.912094
0.665350
1.076145
2.250196
1.891023
1.500737
1.727657
4.174431
2.132718
1.468591
1.373583
0.262122
0.738868
1.040681
0.291031
1.502057
2.075896
1.269866
3.152339
0.551426
0.286051
1.171017
0.906205
1.846759
3.391347
3.167597
0.118176
1.531059
1.155240
3.380720
1.729910
2.402669
0.529940
0.405751
1.571180
2.873195
1.868137
0.801050
2.619500
1.208829
2.932141
1.038510
1.340863
0.529736
2.455165
1.515776
2.115338
1.491354
0.438700
1.774728
2.147999
0.568444
0.522688
0.458682
2.943297
0.379013
0.261371
3.075706
1.863062
1.282297
2.502392
0.980621
0.894256
0.116763
1.232215
4.458143
2.993662
0.626616
0.754670
2.062672
1.844631
0.545954
0.550611
0.701204
0.887500
0.130379
2.644718
0.424112
1.534859
5.210168
2.297899
0.991573
0.546189
4.370296
1.304492
0.318769
0.318458
1.444464
4.844672
2.186898
0.393994
2.402766
0.549243
1.123481
2.479141
1.742077
1.071679
1.974856
2.940901
1.860876
1.236728
1.507084
2.872805
1.750865
2.622302
0.665605
1.804043
1.899078
0.907358
0.820376
1.857030
0.520927
1.845115
2.864428
0.468084
0.673026
4.000564
0.621232
2.382189
3.637295
0.047838
3.332602
2.124512
0.553710
0.969500
1.532578
2.630843
2.346180
0.908775
2.046447
1.304054
2.622382
0.925224
1.046379
1.334942
0.641673
1.664195
0.674651
3.622557
0.120418
1.363941
1.671471
0.547459
0.719167
1.349704
0.828815
1.235079
1.257994
1.305951
0.847806
1.134803
1.311484
0.706456
0.664494
1.866263
1.615566
2.553021
1.421868
1.133133
0.606426
0.862551
5.343922
0.298947
1.805601
1.025563
1.517876
3.231379
0.303609
2.553510
2.697881
0.335992
1.010595
1.300055
0.711486
1.698307
0.327122
1.424449
0.532481
1.462015
0.398873
1.221268
0.254709
1.615509
2.026954
0.765745
0.908944
0.991976
0.461405
3.366214
2.589304
0.881819
0.725435
2.522744
1.022809
4.019721
0.707870
0.151727
2.843631
0.846064
2.701201
2.039782
1.016802
0.742685
0.765331
1.695071
3.530008
0.924376
0.679461
0.409028
3.761767
0.898319
1.518580
0.070360
5.695141
0.924233
0.775029
0.895023
2.052422
1.060753
0.757045
1.533898
2.103450
1.348233
1.136443
0.554063
1.258281
1.881371
0.594350
0.999650
0.236578
0.309949
0.502923
1.115112
0.886806
1.093673
0.421467
0.769345
2.281246
0.919284
1.002475
2.054799
1.859603
0.108933
2.075646
1.834335
0.946572
0.269055
0.269551
0.456028
1.187642
0.870242
2.006845
0.701012
2.832922
0.613648
1.077226
0.997114
3.317078
1.595954
2.235963
4.305046
1.836658
3.757506
1.055167
0.260160
0.992553
1.335701
0.875932
0.597291
3.018541
1.972900
3.964558
1.540686
2.018243
1.915695
0.841113
0.439196
2.160976
0.956839
0.714044
0.725074
1.875976
0.103623
1.276667
1.498027
0.633130
3.777849
0.033345
0.487403
1.462755
2.241610
0.429702
0.787683
2.021291
1.345352
0.894722
0.487117
0.357020
1.776265
0.897435
5.948718
1.069347
0.820430
1.525292
0.558701
0.224793
3.421110
0.812804
2.379484
0.823907
1.406468
0.355092
0.197443
1.432894
1.516538
1.593734
2.246940
1.390316
1.597060
3.647354
0.499226
1.076901
0.308763
1.114745
0.567065
1.540913
2.254706
0.866716
1.840230
1.207094
1.765027
1.820873
3.232681
0.016488
0.823120
0.393620
0.225623
0.693887
1.034373
2.653701
1.394078
4.920324
3.749840
1.482764
1.393413
1.386926
0.658051
0.926508
0.440071
2.687113
0.820687
0.755608
0.799969
0.966783
1.938108
1.205282
0.039861
1.312058
2.398629
1.845959
0.173171
1.260873
1.026027
3.635156
1.261532
1.911990
0.263940
1.365295
4.443914
1.155265
1.041584
1.332717
1.121869
0.941934
0.467739
0.151997
3.409723
0.941448
0.968389
0.285636
0.674152
1.805479
0.880920
1.337041
0.338000
0.321778
0.204738
0.341722
1.517850
2.628548
2.211678
1.593777
0.946342
0.602027
1.441704
2.854292
3.346775
1.599196
1.094679
3.049521
0.393830
2.633000
1.110091
1.381477
0.660523
1.458976
1.435292
0.528843
3.930542
4.046930
0.653966
0.596065
1.685289
1.415500
1.990234
1.992333
1.638019
2.145279
2.417319
0.710597
1.610909
1.556103
2.906771
0.129814
2.402248
1.172301
3.000428
2.045128
0.410351
0.886517
1.691600
0.631583
0.607078
0.414225
2.146841
1.090368
1.827076
0.917381
1.517214
1.690757
0.845963
2.482292
2.674415
5.243543
1.029528
1.525272
1.948428
0.287072
0.983414
1.392812
0.836013
0.198134
0.567476
0.622380
0.244735
0.129212
1.780336
3.677608
2.112243
2.272679
0.784811
1.084588
0.167571
1.234698
1.361725
2.268401
3.553369
0.707804
0.519714
1.361228
3.231505
1.204337
0.985686
2.193687
1.179424
2.281249
1.004426
0.622880
2.686438
2.214287
2.146439
0.571265
2.393843
4.108164
1.009679
2.722543
4.710855
0.369251
2.377091
2.030916
2.968405
0.422373
0.578553
3.246228
1.552769
1.993789
1.916593
1.393087
0.061121
2.887769
0.420990
3.278897
0.962188
1.254623
1.869985
2.633248
0.828059
0.418932
0.323523
0.563302
3.084697
2.594895
0.947437
1.952815
2.381166
2.141957
1.516702
2.279201
2.733691
1.071376
1.381060
2.119006
1.355791
2.025331
1.803926
0.536551
1.227218
1.055839
1.957278
1.235723
0.827754
2.589569
1.064804
1.807502
0.929845
0.478876
1.380338
1.753233
0.717015
1.599046
2.691670
0.536785
1.210957
0.681002
3.065533
0.827047
0.163951
1.272467
0.430419
2.940674
3.685431
1.750763
1.710960
1.231334
1.080546
0.935254
1.719634
3.426845
2.218600
1.025321
1.087049
0.405760
0.726795
2.687926
2.302763
1.588689
0.122923
0.937816
0.827652
0.743810
0.087085
0.564245
1.106283
1.227665
1.066081
0.909555
2.339122
1.117358
2.739451
3.471181
0.895253
2.391697
1.553355
0.157087
0.847890
0.275676
0.979934
0.025730
5.829528
0.561327
1.026724
1.073958
0.784895
1.736501
0.797505
0.393409
0.817859
0.824599
1.171136
1.575334
1.463459
1.187469
2.330080
0.218550
4.758630
0.682665
0.990831
2.245128
1.802792
0.733701
1.960293
0.245427
0.370093
0.916018
0.303427
1.049834
1.039783
1.130953
1.051253
1.026977
1.619515
2.451434
2.519439
3.473857
1.261690
0.484548
0.237682
2.394589
1.140486
1.279009
1.122154
0.263198
0.064208
0.732636
0.361637
5.016342
1.263305
1.197781
2.177414
0.616969
2.043588
1.287843
0.711853
2.573961
2.819102
0.849986
0.744893
0.797825
2.179263
1.808274
1.865049
1.065838
1.312347
1.378806
0.934527
0.247074
1.838397
1.030084
2.730072
0.531592
3.399120
0.851667
0.640231
3.460818
1.485300
0.825160
3.263632
0.409476
2.264638
1.853369
0.843942
1.381539
0.664163
1.445427
1.031349
0.424728
3.101788
1.775542
1.048535
1.806927
0.977177
0.460377
0.443663
3.237250
1.796693
1.221005
4.223627
1.007312
3.084608
2.514559
1.414530
2.515636
0.538596
2.230264
2.162138
2.108113
0.407945
1.841730
2.823362
3.139519
1.042561
0.612166
1.170907
1.656200
2.216202
2.872098
2.120525
1.833794
1.433576
0.585434
1.010735
4.154638
0.859498
1.309461
2.889293
0.184226
0.190439
2.643142
1.069208
3.502542
1.839794
0.067572
2.174418
2.790169
2.252734
1.402809
1.649957
3.112972
0.746614
1.321013
2.409218
1.797009
1.997633
0.802125
0.896775
1.329841
0.581302
0.436391
0.686862
2.119708
0.836891
1.645600
1.980930
1.653680
0.561029
1.593928
1.748550
0.621889
1.222629
0.410856
0.500592
0.603544
0.420368
3.502678
0.347755
3.180630
1.250629
1.963815
2.429824
2.176743
0.746262
1.673322
1.184888
0.166883
4.015200
2.435410
1.391786
0.507861
3.843008
2.310464
3.376904
0.751266
1.140420
1.727073
3.378296
1.632114
0.815736
1.534039
2.634429
2.295981
1.921674
0.138510
0.126571
2.526280
3.838317
0.381080
2.076995
1.149425
2.479547
1.480553
0.698703
0.416385
0.706537
1.946012
0.467846
0.634961
1.399048
1.827274
0.957246
1.289075
1.265995
0.818505
2.269150
4.523346
5.145759
1.954721
1.565198
0.792248
0.899728
1.197407
0.398911
0.334249
1.237552
0.430436
3.294580
1.137072
0.638597
1.784054
3.307253
0.286908
0.771368
0.553918
0.548420
1.342221
3.143583
0.829541
2.084233
1.187069
0.160490
0.481831
0.092025
1.321221
1.130654
2.311627
1.266977
1.104271
1.349322
0.472057
1.994503
2.974815
1.574964
2.582642
4.663381
0.453197
4.455481
3.060055
1.473248
0.592093
1.491942
1.282595
0.716888
2.869472
1.823524
1.088791
1.078565
1.544649
2.044577
0.597153
0.383884
2.146450
0.892118
0.401508
0.828773
2.285610
3.210795
2.440897
0.700901
1.155684
4.375972
0.015371
0.937061
1.500880
2.584309
0.897918
1.953818
2.430153
0.712315
0.855999
0.194905
2.624552
2.571928
0.779807
2.010399
1.369628
1.940219
0.563462
0.541802
1.206785
0.974639
0.746400
0.735269
1.951547
0.970893
1.457267
1.335146
0.807475
1.048512
2.231899
2.129662
0.994274
2.233114
0.482087
0.027611
1.647151
1.221841
1.956871
1.188800
2.040878
0.302542
1.264455
1.540473
3.213842
2.292561
0.931800
1.174289
1.331262
1.361127
1.648776
0.199346
3.503174
3.320064
0.800959
1.729702
0.823750
2.892504
0.632603
1.554032
0.822000
0.138092
0.997206
1.852883
2.323548
1.339266
1.855692
1.146886
0.229502
1.109160
3.660784
2.243612
1.270174
1.143565
1.036585
1.085250
0.737943
2.166064
3.147342
2.324281
0.868459
1.401888
2.526628
0.748340
1.221497
0.490394
3.768142
2.315364
0.230698
0.540023
1.075663
0.909105
0.574023
2.434908
0.301000
0.069315
0.952034
2.143766
1.157261
1.042373
0.649987
1.042927
0.629472
1.991748
2.813000
1.592874
0.560676
0.502343
1.041158
0.380377
4.185586
2.033683
1.701400
2.338355
0.200431
0.522764
4.083369
5.058488
4.505885
0.099833
0.513824
1.027346
0.927926
0.900055
0.682515
1.073321
0.909363
1.553539
0.617891
2.399989
0.225758
1.090610
0.685447
0.711244
0.565560
0.446512
2.907069
0.938837
0.764543
0.818270
1.159039
0.704038
0.301315
0.467199
0.311869
0.381673
0.803680
0.217995
0.351892
0.759426
0.245515
0.692022
1.794895
1.028969
1.494522
3.491182
2.523693
3.859679
1.384252
0.277026
2.172006
1.497253
1.226566
0.194481
2.634363
1.761776
0.512783
2.033321
0.272228
1.103424
0.301102
1.296156
1.819356
0.458555
1.696620
2.117466
0.665034
4.263580
2.314727
0.842022
0.703443
2.619050
1.415600
3.685537
0.738242
0.541864
2.876031
0.422252
0.454294
1.116125
0.546327
3.177861
0.266604
1.729132
3.668547
3.153125
0.921760
0.404233
1.712506
1.043061
1.372080
1.964956
3.619059
0.711489
2.736465
1.530831
0.200404
0.404197
1.450752
2.517285
1.076343
2.491620
1.829306
0.092927
2.205550
4.470654
0.557997
1.748513
0.370559
0.826222
0.456697
0.739307
0.662275
0.570844
3.669503
0.560676
0.392920
0.818332
0.782886
2.134047
1.933802
2.563753
1.268545
1.736721
0.405375
0.982090
0.779176
0.477292
1.232211
2.773965
5.218826
3.429701
1.888787
1.789874
3.563623
1.257488
1.710644
0.440658
0.581344
2.086000
1.095799
0.851868
0.223517
1.733093
1.271853
5.275057
2.636874
1.558907
0.797670
0.503963
1.002667
0.203150
0.097397
3.165955
1.858960
0.424576
0.810940
0.077273
0.720621
2.304868
2.822289
0.699018
1.995827
1.504155
3.614332
1.778700
0.418841
1.542467
2.346832
0.816613
0.969034
0.715156
1.610109
1.055770
3.470511
0.507001
1.033386
2.252173
2.155297
1.876043
3.838973
0.557227
2.013891
4.067241
0.379979
1.141946
0.346432
1.019442
1.154713
0.894413
0.631048
0.903027
1.496743
4.055860
3.866729
1.351373
1.661890
0.321720
0.525936
1.166902
0.973376
1.359500
1.948261
0.180744
4.484604
1.720346
0.563356
0.984956
1.168039
4.102004
0.402141
1.071216
0.489241
2.626082
0.997106
0.692413
0.842146
1.189644
1.667619
2.212023
2.440901
2.758182
0.482798
1.079289
2.501976
0.392146
4.893572
1.226311
0.553971
0.494814
4.320428
1.401134
1.829269
1.844760
1.476689
1.748690
0.964385
2.151383
0.319589
2.604928
2.001857
0.561236
0.772969
2.947157
0.238366
1.768987
0.484413
0.935072
0.535718
2.278540
0.515017
0.076596
1.750635
0.810969
1.091442
1.291166
1.030987
1.058232
0.172183
1.475062
1.430039
7.269658
0.516737
0.759989
1.839540
2.046069
4.055507
0.357524
1.325151
0.224633
3.636445
0.767645
0.642993
0.668809
0.562244
0.733018
3.276349
0.859242
1.606040
0.375291
0.464387
2.253264
0.387842
2.364420
0.402029
1.339302
0.888347
1.285613
4.223525
0.940444
0.421479
1.352243
0.937521
0.755475
2.438018
0.326564
0.221090
2.240999
0.527376
1.429445
2.477121
0.416357
2.664900
0.291743
0.903426
0.254802
0.862484
0.752627
0.964541
4.293238
0.953233
1.279334
2.117382
1.182600
0.878584
2.811437
0.174244
1.769896
1.015706
6.344814
0.280602
1.289770
1.343122
1.066408
2.282028
0.956227
1.246483
2.520379
0.547278
1.725725
1.053252
0.138498
2.204672
0.772689
0.334322
0.480160
0.875485
1.032769
1.055561
1.900069
0.974333
2.262885
0.681574
0.513670
0.760636
1.450342
0.237657
0.812195
0.741831
1.114779
0.805093
0.862962
4.448339
2.563289
2.072967
2.161751
0.654872
0.736856
1.574331
1.019298
3.625784
0.260734
1.055859
1.963800
0.879773
1.242492
2.820919
1.750017
3.207344
0.812773
1.013648
0.810208
0.408088
1.641443
1.156171
0.992266
0.665389
1.263063
1.831243
1.253361
4.065797
0.110787
2.513807
3.538603
2.643500
1.515411
1.909905
0.365446
2.787842
0.904564
1.233316
2.408152
1.016096
3.298157
1.398817
2.007547
1.074051
1.114824
1.070937
0.904172
2.059259
2.469874
1.681548
2.727011
1.199418
0.451719
0.732014
1.903842
1.629918
4.362282
0.662452
1.526122
4.934380
0.330715
1.367045
2.540054
1.769243
0.755180
3.529137
1.403228
1.594949
1.098557
0.994356
0.230486
0.941152
4.011755
2.205647
2.277016
1.035025
0.640779
0.509818
0.545787
0.285829
2.371156
0.254150
1.353039
3.762347
0.833560
0.741384
1.491539
0.782277
1.249224
0.619172
0.753450
1.456051
2.091821
0.444139
0.745562
0.251066
0.309387
2.516251
1.756935
1.265125
0.677040
1.914939
2.845027
0.605047
1.273937
1.784632
1.553782
1.978774
2.564276
2.241664
2.272107
1.720055
2.544221
0.904502
1.572543
0.529264
1.573763
0.650349
1.141605
0.462654
1.092442
1.982253
1.907912
0.612998
2.715795
0.038468
0.711776
3.541196
2.525885
3.560320
1.129610
0.352784
1.709928
0.885666
0.782251
0.572000
0.215833
3.151535
3.369707
2.868551
1.868022
1.954636
1.389258
1.390540
0.359416
0.575839
1.938930
1.885738
1.044892
0.585341
2.598569
2.636852
3.487552
1.439262
0.312343
2.312938
1.443204
0.857011
2.030699
1.066058
0.743650
0.618704
1.272543
3.601718
1.374549
2.317523
0.459978
1.477787
1.922598
0.302987
1.193117
1.097432
2.275950
0.250312
0.093756
2.932422
0.674498
1.971894
1.536112
1.676521
3.446681
1.163155
1.284122
2.757249
0.266334
1.475196
1.772137
1.603534
3.279644
1.096911
0.302055
0.595542
1.662159
1.450871
0.484717
0.622257
0.998474
0.760236
2.304711
0.442365
0.899300
0.785006
1.411073
0.504504
0.884878
1.432952
0.262414
1.448997
0.835438
1.703862
0.686053
0.709200
0.472542
2.096531
0.458215
0.585671
0.925027
2.383623
2.448311
0.773955
0.728682
2.996353
1.207991
3.254629
1.201010
1.607066
0.466355
2.849666
3.233784
3.662037
0.132576
0.742303
0.683363
1.453483
1.069759
1.461382
0.525061
1.191638
0.542830
1.198196
0.498199
1.048567
1.991274
0.784938
0.575077
2.788149
1.209365
1.367617
1.829566
0.847959
2.521480
4.281553
0.651949
0.869675
2.937852
1.880247
4.446541
0.209630
1.506539
2.963963
4.893374
1.551950
0.539786
0.653470
0.609613
1.505772
2.360298
0.948117
0.357449
6.118545
2.642968
0.681715
1.038927
1.514005
1.327600
1.515280
1.201770
0.198182
0.519656
0.580352
0.914572
0.105477
0.524140
1.457553
0.890317
0.289704
0.807111
0.842500
0.377872
3.107146
0.640326
0.342462
1.311488
0.995776
0.822321
1.976479
0.057608
0.456633
0.419248
0.364866
0.447128
4.602195
0.870258
1.346861
1.457024
2.763210
0.503130
0.326202
3.079192
0.835128
0.735845
0.731761
0.855578
1.083601
2.606682
1.734123
1.230381
0.520471
0.048496
1.489956
0.325483
0.644820
1.755133
1.521529
1.558738
7.118702
0.901781
1.568203
0.453142
1.157669
1.887584
0.718663
1.111917
0.274990
2.304104
0.219173
3.419350
4.083485
0.416875
2.521166
0.767572
0.974271
0.414232
1.541582
2.390950
4.294897
0.784971
0.846832
0.463431
0.789490
3.282417
0.622494
1.286636
1.520128
2.393203
0.484294
1.515398
0.549419
2.118156
1.974460
1.637817
1.213554
0.068295
0.378564
1.358066
2.328612
0.464522
1.197838
2.153004
0.701688
0.860827
0.303090
1.615129
1.107013
1.762056
1.150293
1.046705
4.699686
2.214007
1.376013
0.753054
1.886377
2.115383
2.268698
0.854803
1.487106
3.699961
3.475067
2.136110
1.907426
1.743028
1.059092
0.631325
1.758212
1.292005
2.104018
1.227057
1.686958
0.709876
0.754920
3.177550
1.465756
0.893902
1.380120
0.222143
0.208140
0.180566
1.135671
0.140564
2.363698
0.149957
0.787638
1.328615
2.210646
0.382260
2.704414
0.983327
0.259056
2.300902
0.530564
2.133603
1.204780
1.479103
6.300112
0.542548
0.430255
2.087014
1.723533
2.178288
0.174502
3.801362
1.829291
1.539859
0.803626
0.722944
1.663104
0.875600
0.777709
0.419941
0.911164
0.409465
0.462212
1.656033
1.651817
3.330676
2.034371
1.286926
0.837115
2.289648
0.861966
1.206488
1.447152
2.383434
0.350179
1.436991
8.077428
0.612045
0.892355
1.721418
6.187719
0.945828
1.579058
1.814154
5.430325
3.412985
4.051314
1.634949
0.744272
0.708528
2.079675
1.587980
0.938420
2.997404
0.768742
0.168051
2.434514
0.233312
1.347941
0.498153
2.557159
2.796132
1.625132
1.079299
1.832862
1.936079
0.139748
1.830554
3.522482
0.927722
0.957002
3.453232
1.966040
0.102954
1.604212
1.930269
3.575307
1.500870
0.955989
0.633698
2.633591
0.478461
2.574277
0.657331
0.245122
0.471058
0.705206
2.779032
0.561144
2.269533
0.202474
0.208383
1.760309
1.735936
1.159772
0.982212
1.024398
1.199723
0.371596
0.901088
2.576405
1.170322
0.774113
1.470726
1.192823
3.316025
0.842359
1.066531
1.308451
1.823073
1.642294
0.988189
2.534147
1.237085
1.566901
2.918549
1.624822
2.801061
2.120985
2.415400
1.762289
2.292345
2.657726
0.940892
1.196221
0.866481
2.067648
2.945391
2.383886
2.617524
0.693720
1.733242
0.864815
1.329209
0.735326
2.361867
1.155610
1.476148
0.694081
0.045300
0.789871
2.978524
0.992390
0.481123
1.010884
0.161345
0.225477
0.251715
3.015929
2.332431
2.772009
1.463090
1.558690
1.982582
3.962237
0.403383
0.331082
1.908359
0.092393
3.006923
1.446746
0.709298
1.437468
3.195748
2.241811
2.567550
1.968597
0.729503
1.105786
5.364728
0.733432
1.992349
2.886006
1.693844
2.887795
0.785680
1.770062
3.370759
0.886568
1.469296
2.000471
0.642107
0.558909
0.939729
4.128371
0.480682
1.183596
0.245780
2.707164
1.202023
3.697433
1.124132
1.998337
1.308073
0.948801
1.342963
0.968524
0.415772
2.326088
2.434952
0.394761
0.343021
1.429088
6.856450
2.012183
1.157034
0.781440
1.086057
1.006245
1.608512
0.195770
0.490367
2.653946
0.622904
1.280517
2.433561
0.917515
0.054663
2.779645
0.656307
1.208766
2.424372
1.766306
0.671676
0.922910
0.288533
2.172975
2.001589
0.549105
1.488344
1.435052
0.763084
1.753969
0.508336
0.758857
1.075846
1.574977
1.425059
2.724282
0.194722
0.626146
3.019452
0.555255
0.334328
0.424541
1.822862
3.112574
1.180922
1.833351
2.210533
1.856031
0.588367
1.558864
0.999074
1.082117
5.008403
1.138435
0.637819
1.945928
1.610999
2.370338
0.824199
3.269750
1.241574
1.166260
0.609385
3.489363
0.386628
2.171934
2.319415
0.456075
0.041140
1.878576
0.825176
0.338309
2.466247
0.146809
6.071457
0.829222
1.904793
2.187160
0.188452
3.227605
1.026070
1.063374
0.914939
0.997291
2.877456
1.438444
0.453675
1.304801
1.008561
1.107079
1.125981
3.068419
3.226596
1.689134
2.543973
0.172153
1.110744
1.680273
0.509030
1.114425
0.957851
1.168158
1.311688
0.627464
1.212203
1.300018
1.314328
0.628852
0.828584
1.391282
0.469025
1.922795
5.655259
1.226782
0.441273
2.813639
0.335494
0.713767
1.032826
1.191598
1.843447
2.709256
0.987948
1.580682
1.317239
0.679187
1.659464
4.946103
3.023359
2.329849
1.082540
0.763047
0.772612
4.229760
1.233033
2.162219
1.228713
0.213533
0.032147
2.345975
1.493697
0.471160
1.344579
1.473778
1.611579
1.720003
1.175575
1.894840
3.398056
2.897427
0.606319
1.618058
2.071920
1.491754
0.740077
0.793425
2.507403
3.322250
0.764887
2.004817
1.984554
1.899413
0.202707
0.202687
1.790823
1.316629
2.340793
0.581647
1.413851
2.346560
0.116853
0.539951
3.875190
1.376465
2.092318
1.488760
0.658604
0.685952
0.837106
0.525310
0.466781
1.297543
2.301067
3.001962
0.444755
0.340240
0.598995
4.282484
0.117717
1.201319
1.892596
2.037744
0.616928
2.031896
2.196594
3.034900
0.774878
1.509359
0.381642
2.648702
1.054273
0.409296
0.215537
0.965575
1.712154
2.280689
4.767395
3.015430
0.260015
0.802751
0.310717
0.575633
2.437233
2.791106
0.367617
3.946497
4.014792
0.788822
3.399002
4.440759
2.179456
1.659261
1.938624
7.232219
1.023947
1.284172
3.019228
1.817190
0.446425
0.076042
1.392857
1.364288
0.421245
1.497184
3.452010
2.195573
1.019416
3.207316
1.790703
1.136203
0.643719
2.078788
1.649187
0.275919
1.630032
1.997927
0.151942
1.521056
0.238009
3.764371
1.454055
2.428571
1.518272
0.834476
2.419618
0.154433
2.503827
1.945973
1.894826
4.291088
1.968070
0.767014
1.294422
2.609348
2.866292
1.144575
1.634824
0.789402
0.969583
0.879420
2.049460
1.520694
0.397713
1.025805
1.702627
2.028426
0.508057
1.771107
0.926706
0.599923
1.618321
3.724400
0.207061
0.698454
0.738312
2.659891
0.739440
0.415764
1.488980
5.999281
0.353140
0.874409
0.757060
1.535010
0.588760
0.534309
0.332823
2.523408
1.155412
1.146545
0.568956
0.649730
0.322867
0.785259
1.608869
1.988442
0.253537
2.240387
1.074329
1.033713
0.046019
0.323574
0.931895
0.213641
0.852492
1.609557
2.990327
1.496189
2.035146
1.232000
1.482007
2.511343
2.492533
2.774789
1.133427
0.221422
0.254530
1.327266
2.830467
1.276498
0.076455
0.316898
2.002066
0.336282
0.936566
0.975121
2.398110
1.044009
0.565251
0.713287
2.450861
0.569371
0.867682
0.597768
0.644030
1.691839
2.499575
0.441607
0.728692
1.484871
1.575874
2.660135
1.094291
1.158285
1.985276
2.993666
1.252296
2.220509
1.093641
0.991298
0.822805
1.105838
1.155324
0.288021
1.299987
2.476474
1.112450
0.907318
0.710821
1.600125
1.535727
0.365743
2.391996
3.722642
0.785990
0.255768
1.541808
0.466107
0.548784
2.831028
1.955587
2.288791
2.012628
0.551238
0.749333
1.215349
0.337077
2.186916
0.772180
1.287195
0.559466
1.501186
4.253108
1.650331
1.695182
1.230284
1.208433
0.418937
2.597710
2.013155
2.028115
1.162577
2.513152
1.432653
1.054561
0.470451
1.580218
0.230744
0.752485
2.296627
3.306161
0.138330
1.537714
1.736028
0.585224
2.914620
0.538517
0.749496
1.749720
1.140392
2.260373
2.669052
0.298903
2.118466
1.274592
1.940310
0.743162
0.110404
2.553644
0.450710
2.061333
1.503113
1.501513
1.507648
0.560733
0.185637
1.997272
2.329388
0.310291
0.178197
1.559419
7.817428
0.233398
0.673382
1.733258
0.672339
0.457114
2.558749
1.271337
2.343192
0.821802
0.833987
1.752434
0.959868
0.366188
0.597641
0.412119
0.935117
0.619666
4.023376
1.229516
4.374197
1.404106
0.390933
1.436834
2.024677
0.454519
0.850583
1.401378
0.602016
0.905436
0.576205
0.600391
0.996853
1.070667
2.795605
1.602298
1.397128
1.938050
0.501327
0.966156
0.243675
1.169670
0.299738
1.060897
1.405006
0.732122
1.331570
3.465809
1.186930
1.242834
1.086691
1.128824
0.320716
1.337309
0.219696
2.411247
1.731287
0.930997
0.993969
2.797622
1.894464
1.457554
0.346052
0.425129
0.154634
4.100483
2.043509
1.453324
1.811584
3.113612
4.219405
1.995862
0.976400
0.216438
0.540210
3.853048
0.808323
1.871146
2.934401
2.197415
0.636976
0.865923
0.689008
0.787860
2.777343
0.766940
0.438155
1.370902
1.653521
1.283497
1.085291
0.949178
0.405712
1.287100
1.217431
0.450939
1.206879
0.699694
1.882782
0.574797
0.524050
1.774523
3.454657
1.366202
1.916887
0.407471
1.259468
0.206645
2.406170
1.021296
2.389268
0.252387
1.989038
0.314825
0.889281
1.561944
0.915829
1.163586
0.554619
0.124254
6.090365
1.547547
0.978109
0.395482
0.476776
2.825713
0.670031
1.593985
0.464935
3.835049
2.396125
0.802794
1.631144
2.071835
2.618826
0.946424
2.747730
0.942389
1.020876
1.825785
2.156368
0.661652
2.025381
1.294374
0.808017
0.381287
0.493046
1.696571
1.415496
0.859982
1.742999
1.403243
3.727349
0.307263
1.725400
0.371467
3.781952
3.123858
1.932126
0.364293
2.708979
1.372893
0.996262
1.272262
0.836852
0.707893
2.895436
0.587455
1.578069
0.796990
2.981459
1.026324
1.317232
1.656051
3.469865
2.504261
2.032543
0.357225
1.252728
0.851324
1.050843
0.574180
2.942582
0.948617
0.714763
1.414121
1.160933
0.624571
1.196368
0.598850
0.811623
0.912180
2.056037
1.837131
2.749254
0.337032
4.013682
2.093340
0.751668
1.472888
0.308323
0.552849
0.079124
1.508317
2.451019
3.570592
1.110270
1.462011
0.206285
3.896841
3.181521
1.128686
0.491191
2.336428
2.439146
1.025626
0.977022
0.803241
1.570019
2.745055
1.246989
3.428530
0.660462
0.729757
