0.210374
0.312170
0.204886
0.616141
1.124775
0.573746
0.044403
0.686414
0.649582
0.157551
0.347908
0.157664
0.330926
0.971859
0.077441
0.687373
0.002565
0.451707
0.001155
0.205901
0.055350
0.741268
0.048158
0.226275
0.304866
0.470276
1.210599
0.235429
0.339979
0.601210
0.481084
0.906408
0.089515
1.541027
0.393927
0.030126
0.506268
0.497338
0.817592
0.226234
1.153507
0.182941
0.503099
0.242698
0.089112
0.752263
0.070576
0.092179
0.233160
0.071906
0.352515
0.324553
1.186976
0.455315
0.920948
0.225800
0.116166
0.698512
0.671474
0.603120
0.300924
0.220698
0.385539
0.478715
0.186255
0.043142
0.561342
1.475377
0.623827
0.326654
0.186724
0.475007
0.771108
1.459721
3.062126
1.491293
0.643521
0.069317
0.062612
0.050799
0.152857
0.488560
0.426768
0.093340
0.125088
0.268566
0.381444
0.279880
0.092109
0.159145
0.069248
0.484382
0.496409
0.549535
0.134967
1.410601
0.692118
1.210483
1.095367
0.310234
0.247839
0.111452
0.039290
0.097361
0.078821
0.038107
0.067494
1.019182
0.113347
0.139840
1.696101
0.313903
1.010892
0.388764
0.506028
0.046561
1.562206
0.093292
0.364460
0.066356
0.292433
0.520508
0.682719
0.037517
0.188237
1.989635
0.006418
0.032647
1.114969
1.155911
0.372762
0.166554
0.053085
0.459504
0.308318
0.141561
0.561147
0.441570
0.061836
1.049020
0.887426
0.043158
0.210448
0.598784
0.487962
1.957792
0.773207
0.432791
0.081426
0.181605
0.607814
0.449596
1.512725
0.297291
0.547395
0.154070
0.280628
0.566826
0.199042
0.194284
0.432637
0.961764
0.464790
0.569392
0.303480
0.033884
1.304313
0.069322
0.527835
0.021817
0.003395
0.329404
0.066990
0.215628
0.099594
0.690251
0.200522
1.714707
0.198556
0.327600
0.158833
0.015858
0.038313
0.126555
0.326411
0.671913
0.335502
1.198080
0.270040
0.849681
0.131271
2.808208
0.556015
0.904513
0.563744
0.067397
1.159915
0.461303
0.147566
0.403438
0.518120
0.152132
0.018478
0.736156
0.474202
0.122239
0.366104
1.432529
0.101965
0.938315
0.275548
0.304987
1.052328
0.344026
0.570113
0.221223
0.134986
0.092598
0.154944
0.530511
2.143660
0.343957
0.525284
0.535549
0.202905
0.197570
0.765018
0.134118
1.322068
0.019911
0.778002
0.426831
0.179319
0.872356
0.211371
1.226785
0.021554
0.997205
0.972575
0.128526
0.620320
0.164750
0.574913
0.444476
0.752903
0.225933
1.463575
0.007436
0.380306
0.119713
0.552305
0.365817
0.619450
0.192038
0.096941
0.022425
0.518292
1.605919
0.163650
0.426974
3.345057
0.035294
0.080328
0.178430
1.119615
0.339788
0.120491
1.371719
0.220863
0.036919
0.088562
0.035145
0.216850
0.934207
0.534705
0.069663
0.117351
0.462211
0.078220
0.677035
0.846846
0.839601
0.151019
0.373757
0.071011
0.287181
0.422354
0.751939
0.252632
0.946730
0.216934
0.251602
1.248113
0.346992
0.594607
0.833174
2.524693
1.202216
0.686621
0.215901
1.978011
1.198664
0.271104
0.202299
0.702578
0.039157
0.310702
1.660234
0.567481
0.467772
0.611538
0.341327
0.273317
1.696121
0.010706
0.403161
0.258173
0.447633
0.201162
0.804608
0.290759
0.574803
0.108684
0.222016
0.101460
1.107771
0.092936
0.097547
0.806193
1.240469
0.375287
0.760369
0.872556
1.463492
0.060634
0.433805
0.011004
0.430209
0.392533
0.602542
0.102064
0.143565
0.108493
0.465380
0.121643
0.121828
0.086730
0.482814
0.824464
0.337148
0.271684
0.142972
0.095412
0.476708
0.467292
0.221100
0.352087
0.750002
0.382453
0.182693
0.590790
0.032284
0.045795
0.365509
0.004504
0.112652
0.051918
0.015609
0.754209
0.514361
0.656651
1.653607
1.113383
1.302717
0.420972
0.057188
0.076792
0.651670
0.649751
1.499028
0.123501
0.079231
0.110829
0.249271
0.715900
0.820109
0.693074
0.155035
0.437254
0.167447
0.425107
0.161578
0.213175
0.539696
0.791690
0.220091
0.989974
1.119086
0.244546
0.511749
0.383810
0.062717
0.463228
0.279314
0.022507
0.095081
0.384025
0.103136
1.159108
0.152866
0.073383
0.064151
0.263783
0.204221
0.359742
0.093817
0.076213
0.152557
0.287848
0.644239
0.396535
0.005208
0.000225
1.125275
0.555182
0.792785
0.144334
0.380161
0.583204
0.507444
0.095065
0.127059
0.704155
0.750727
0.528361
0.803370
1.501562
0.104429
2.128924
0.954998
0.300654
0.065254
1.793733
0.989765
0.305936
0.332113
0.016751
0.456950
0.689736
0.318038
0.195303
0.175371
0.327923
0.195635
0.105665
0.082177
0.063332
0.291012
0.576073
0.823796
0.041034
0.973121
0.016203
0.898590
0.503087
0.576470
0.502143
0.439440
1.030929
0.483189
0.286946
0.196291
0.677189
0.262973
0.103238
0.111296
1.123727
0.123912
0.801233
0.514479
0.585811
0.065028
1.393999
0.093848
0.295075
0.069027
0.194813
0.415891
0.422197
0.003378
0.232778
0.523446
0.997266
0.258842
0.330057
0.344884
0.046273
0.062159
0.043357
1.624358
0.666742
0.366705
0.168341
0.325365
1.320677
0.319726
0.566435
0.865993
0.588699
0.323603
0.313388
0.240679
0.456208
0.258878
0.402810
0.022605
0.380813
1.043252
0.469433
0.054503
1.071136
1.985437
0.697664
0.686265
0.243264
0.134237
0.140414
0.320882
0.217208
0.198676
0.285299
0.046496
0.940735
0.637694
0.418663
0.748880
0.107275
0.140536
0.457442
1.081485
0.639204
0.033671
0.155355
0.192807
0.316750
0.858130
0.226411
0.001182
0.595599
1.807786
0.055822
0.432270
1.542189
0.975560
0.196736
0.207368
0.048994
0.422139
0.838649
0.295022
1.141560
0.142466
0.382318
0.684558
1.730655
0.053587
0.369112
0.088194
0.212826
0.064755
0.023926
0.035306
0.103266
0.188291
0.245628
0.533365
0.071970
0.697793
0.536808
0.886577
0.646239
0.721678
0.262934
0.569174
0.486102
0.662596
0.009661
0.627795
0.181476
0.892666
0.087647
0.113083
0.041796
0.594190
1.479054
0.025018
0.797067
0.317553
0.118185
0.077493
0.447748
0.148688
0.118969
0.752977
0.423188
0.458010
0.284635
0.610550
0.217090
0.048416
0.383179
0.040396
0.969519
1.443493
0.707897
0.324957
0.567385
0.748958
0.107217
2.033884
0.469093
0.218316
0.102467
0.583750
0.025161
0.071579
0.669058
0.935375
0.462543
1.479914
2.281258
0.108517
0.114963
0.112393
1.811400
0.749042
0.807740
0.261579
0.328443
0.083269
0.346219
0.008489
0.131347
0.219876
1.623251
2.223674
0.897018
0.510262
0.723436
0.013538
0.487064
0.233690
0.239425
0.824551
0.032117
0.280691
1.416464
0.804404
0.161186
0.393358
0.689255
0.154035
0.673076
1.533660
0.314100
0.624228
0.654474
0.155751
0.064148
0.118769
0.273280
0.483861
0.129558
0.527900
1.861858
0.104963
0.511348
0.829231
0.882900
0.259656
0.904805
0.300219
0.753505
0.122175
0.150017
0.918301
0.519746
0.111801
0.511543
1.275125
0.683302
0.245971
0.103558
0.331589
0.209287
0.529970
0.110225
0.037315
1.270274
0.191545
0.166580
0.209457
1.392743
0.358321
2.585835
1.227617
0.603601
0.503520
0.643180
0.377423
0.020292
0.410498
1.990850
0.852425
0.749828
0.137582
0.537705
0.275094
0.290730
0.177879
0.211634
0.102865
0.582248
0.379826
0.555448
0.015197
0.102710
1.014669
0.053708
0.056512
0.103405
0.243224
0.298110
0.066838
1.135563
0.292986
0.020038
0.455367
0.040679
0.719866
0.068304
0.062729
0.195054
0.057725
1.375282
0.052574
0.215074
0.451873
0.370086
0.781529
1.123615
1.012722
1.874372
0.436410
0.255609
0.520911
0.473587
0.440860
0.362594
0.625905
0.590129
0.606326
0.052240
0.076523
0.879314
2.762032
0.440155
1.008713
0.450432
0.544551
0.497142
0.639115
0.760231
1.529098
0.887465
0.632034
0.027142
0.099281
0.187309
0.428781
1.763331
0.115812
0.293376
1.469201
0.777912
0.929287
0.450995
0.256371
0.281090
0.058270
0.061176
0.065530
0.837247
0.120634
0.153770
0.511265
0.118101
0.948864
0.353947
0.815231
0.360334
0.073862
0.372885
0.174751
0.047352
0.220133
0.006269
0.077272
0.384180
0.196452
0.634699
0.353444
0.379283
0.088887
0.302452
0.193307
0.003499
0.024654
0.639701
0.287246
0.086057
0.906876
0.410313
1.765321
0.026346
0.870315
0.472127
0.151707
0.561475
0.062979
0.034068
0.104284
0.147642
0.447629
0.330064
0.212353
1.474743
0.342266
0.335920
0.330689
0.859014
0.116743
2.338009
0.217120
0.231892
0.293995
0.558729
0.237467
0.339296
0.251004
0.843924
0.526036
0.131752
0.234944
0.485770
0.166320
0.111270
0.132328
0.393376
1.036526
0.216068
0.471505
0.032244
0.466411
0.112851
0.394463
1.524523
0.081070
0.021110
0.291544
0.501930
0.989968
0.524996
0.489378
0.120504
0.010693
0.035630
1.090426
0.254775
0.412140
0.165462
0.120601
0.119278
0.360142
0.444878
0.897090
0.795696
0.777384
0.034282
0.208544
0.543778
0.269909
1.513955
0.646243
0.011995
0.083398
0.158096
1.871148
0.180704
0.187290
0.270753
1.381071
0.095789
0.035312
0.411703
0.245927
0.046797
0.496917
0.161181
0.335283
0.106160
0.407436
0.606839
0.258363
0.036656
0.172756
0.135423
1.008883
0.042182
0.180867
0.116650
0.681023
0.637697
0.086979
0.316757
0.682038
0.187926
0.674224
0.637705
0.479340
0.027112
0.074721
0.403096
0.128818
0.115966
0.060807
0.478078
0.175735
0.681984
1.109105
0.768390
1.371711
0.297557
0.334545
0.207137
0.366142
0.756989
0.429538
0.244074
0.986175
1.060047
0.451099
0.464099
0.458969
0.701194
0.038447
0.211592
0.034829
0.841996
0.033993
0.575830
1.009260
0.114416
0.135467
0.049508
0.265121
0.216812
0.618772
0.615303
0.050574
0.459523
0.339437
0.016184
0.025437
1.972201
0.231836
0.420582
0.714819
1.473254
1.550883
0.485736
0.878554
0.398536
0.128227
0.279409
0.180732
0.178495
0.741749
0.231519
0.060852
0.912811
0.028031
2.001439
0.022196
0.172552
0.039526
0.303446
0.515988
0.770686
0.088871
0.673341
0.244706
0.533054
0.738653
0.286896
0.505701
0.077030
0.002710
0.252832
0.047296
1.614925
0.009271
1.248770
0.356461
0.140240
0.212193
0.838684
0.393509
0.063340
0.101527
0.538507
1.583473
0.136092
0.512392
0.000645
0.377660
0.631392
0.304629
0.095482
0.349630
0.482594
1.225172
1.103913
0.160614
0.578361
0.197764
1.209749
0.880896
0.201795
0.184034
1.253695
0.173022
0.197485
0.904653
0.810523
0.423008
0.100483
0.477832
0.061467
0.179085
0.802747
0.745978
0.149819
0.019109
0.269093
0.150689
0.419244
0.071547
0.630180
0.676381
0.505816
0.204388
0.532411
0.373734
0.471162
0.208285
0.959039
0.368354
0.092538
0.102402
0.883754
0.045771
0.324767
0.084530
1.286607
0.164265
0.648082
0.055896
1.129101
0.922895
0.261125
0.593183
0.480078
0.547902
0.658697
0.016965
1.301380
0.178198
0.091174
0.514141
0.021077
0.812436
1.906440
0.596169
0.199865
0.443602
0.018947
0.100819
0.057990
0.115426
0.229276
1.396391
0.173801
0.933822
0.049519
0.122522
0.067069
0.859380
0.195116
0.010608
0.543556
0.654512
0.628800
0.164237
0.251798
0.296952
0.187957
0.193992
0.688442
0.326989
1.661509
0.777747
0.166403
1.422551
0.332187
0.474135
0.377582
0.369688
0.792858
0.510234
0.652322
0.088966
0.431758
0.011302
0.004275
0.558308
0.137009
0.071961
0.339944
0.413662
0.084232
0.084883
0.173149
1.022820
0.286453
0.582929
0.191755
0.692057
0.004986
0.034231
0.130346
1.822489
0.965806
0.359306
1.236982
0.208129
0.066857
0.295129
0.994171
1.265114
0.044628
0.448009
0.043520
0.544894
0.476166
0.048186
0.204982
0.961530
0.128039
0.884956
0.269461
0.239790
2.126871
0.617770
0.144948
0.274008
0.253472
0.422210
0.093984
0.261777
0.505802
0.256114
0.240202
0.338096
1.223296
0.176353
0.891716
0.019668
0.679403
0.593750
1.596257
0.881358
0.169015
0.021606
0.338769
1.156244
0.072031
0.881470
0.702895
0.223209
0.536636
0.094039
0.675541
0.516273
1.063358
2.459894
0.034035
0.163169
0.413789
0.135356
0.579225
0.111108
0.508062
0.034940
0.586734
0.400831
0.226838
0.369750
0.445786
0.057001
0.122736
0.398056
1.375728
0.351084
0.447280
0.279570
0.259997
0.646179
0.148368
0.087357
0.044668
1.231794
0.201548
0.875793
0.409097
0.119461
0.855184
0.489852
0.337617
0.240709
0.989318
0.097394
0.435362
0.346321
0.140178
0.158768
0.026260
0.469774
0.791656
0.512430
0.631047
0.006224
0.105406
0.529365
0.363725
0.759996
0.042454
1.277682
0.353282
0.206368
0.043127
0.448398
0.145867
0.267551
0.271181
0.835140
0.492973
0.135791
0.286690
0.062712
0.483688
0.177000
0.174684
0.112368
0.799429
0.387560
0.320592
0.945360
0.080406
0.156013
0.336859
1.003045
0.164535
0.570131
0.365519
0.797935
0.309531
0.458138
0.635776
1.724381
1.391573
0.810356
0.410877
0.106096
0.122076
1.930828
0.001500
0.927497
0.122180
0.289355
1.627545
0.906131
0.668760
0.148052
0.019364
0.383265
0.793939
0.358023
0.242590
1.442888
0.755604
1.038141
0.829511
0.030812
0.404693
0.198946
0.972567
0.008278
1.317352
0.429761
2.087830
1.006513
0.238114
0.393702
0.029666
0.452564
0.371108
0.031258
0.289067
0.674955
0.346554
0.255812
0.430726
0.135566
0.534675
0.477828
0.741098
0.301114
0.067772
0.085558
0.252586
1.182848
0.016200
0.115508
1.688938
0.441850
0.382363
0.865554
0.462122
0.310691
0.255036
0.443128
0.199653
0.753498
0.071231
0.244549
0.234151
0.534606
0.296580
0.838300
0.253298
1.472540
0.120062
1.842628
0.102214
1.021028
0.446225
1.582054
0.194782
0.631346
0.061097
0.635137
0.488053
0.079441
1.298600
0.444708
0.661477
0.308146
0.265528
0.205356
1.281034
0.834500
1.292643
0.145223
0.445787
0.029559
0.509286
1.661084
0.626101
0.045133
0.750105
0.059157
0.017148
2.322316
0.045232
0.123334
0.985294
0.564806
0.097004
0.101225
0.250396
0.172213
1.164044
0.008662
0.288373
0.880236
0.466056
0.094328
0.169904
0.009233
0.355402
0.118462
0.885568
0.284030
0.310895
0.272235
0.337438
0.053741
0.242072
0.114648
0.104262
0.087589
0.190257
0.125471
0.081895
0.257904
0.290386
0.005887
0.041595
0.479706
0.108442
0.321012
1.194370
0.051291
0.337602
0.212730
1.298692
0.051142
0.365383
0.120161
0.061379
0.013794
0.276321
1.453704
0.308637
1.092802
0.227249
1.511737
2.278067
0.691169
0.084964
0.097835
1.202317
0.320053
0.255121
0.031353
1.042712
0.916862
0.037624
1.556908
0.305383
0.155621
0.280483
0.227317
0.227033
1.264680
0.622139
0.171591
0.008836
0.130885
0.350706
0.071381
0.148881
1.320348
0.040834
0.633119
0.847168
0.293184
0.553541
0.819372
0.107008
0.873638
2.051968
0.053996
0.177279
0.241558
0.089053
0.095739
0.126366
0.134353
0.069534
0.570326
0.349679
0.409551
0.023394
1.012683
0.326447
0.708502
0.086311
0.343562
2.206119
0.543333
0.497152
0.140780
0.447447
0.616257
1.655278
0.261810
0.082494
0.501172
0.120020
0.211377
0.306922
0.109636
0.296313
0.707862
0.433795
0.471154
1.340547
0.813196
0.935095
0.031652
0.330584
0.214624
0.484471
0.376939
0.122347
0.052668
0.169152
0.235483
0.454357
0.160719
0.019506
0.128723
0.367285
0.496600
1.369909
0.330623
0.018975
0.045791
0.062087
0.144269
0.283059
0.428431
0.296686
1.057642
0.202301
0.013982
0.336353
0.153446
0.888747
0.204420
0.196975
0.188942
0.576926
1.460571
0.929437
1.159542
0.023601
0.070306
0.162337
0.515099
0.260495
0.189532
1.020267
1.304259
1.451207
0.818555
0.263943
2.018447
1.117336
0.374249
0.132628
0.196705
0.054033
0.570543
0.114486
0.285633
0.615679
0.592613
0.601087
0.387225
0.015179
0.012696
0.961162
0.626727
1.773691
0.598474
0.478712
0.008729
0.883219
1.119133
0.539949
0.134023
0.117137
0.377948
0.088060
0.083597
0.204638
0.423887
0.073272
0.129931
0.051878
0.230465
0.403819
0.112189
0.025558
0.710937
0.505543
0.709275
0.301709
0.204463
0.176184
0.329821
0.223698
0.081678
0.109978
0.201665
0.943904
0.839838
0.214788
0.566068
0.613659
0.004816
1.219678
1.237150
0.388260
0.038584
0.036147
1.043192
0.519086
0.115371
0.055302
0.682177
0.428255
0.537638
1.454238
0.490667
0.270243
0.435680
0.241544
1.022409
1.245992
0.569878
0.218137
0.162839
0.888379
0.400373
0.470640
0.568798
0.226728
1.598150
0.220857
0.037089
1.731616
0.157253
2.181989
0.355317
0.210886
0.029353
0.242686
2.303340
0.152632
0.335927
0.663012
0.911409
0.080105
0.569577
0.311456
0.416861
0.151586
0.937824
0.286499
0.098484
0.374168
0.779674
0.305089
0.221320
0.208313
0.034470
0.018889
0.610907
0.013020
0.250553
0.749841
2.590332
0.545306
0.722113
0.349626
0.004069
0.860427
1.092735
3.138384
0.043956
0.236455
0.659486
1.279308
0.372062
0.265940
0.244049
0.047387
0.560473
0.132603
0.373894
0.958020
0.713140
0.190128
0.185211
0.062476
0.535081
0.235942
0.083933
0.224984
0.256981
0.397781
0.074918
0.252301
0.119549
1.167667
1.147792
0.124723
0.644236
0.772933
0.123518
0.826346
0.089376
1.512862
0.656624
0.583237
0.226261
0.062364
0.754700
0.019374
0.215557
0.182314
1.107369
0.058275
0.486244
0.111806
0.129045
0.163493
0.429659
0.240640
0.512576
1.918185
1.334512
0.757993
0.234748
0.077358
0.575422
0.160089
0.226364
0.262073
0.031391
0.437330
0.121932
0.127149
0.382293
1.473090
1.221362
1.143608
0.033456
0.588882
1.378024
0.268018
3.011692
0.878029
0.372169
0.483053
0.014020
0.698022
1.143081
0.463423
0.072185
0.387832
0.436889
0.033665
0.192839
1.576907
0.116884
0.001824
0.131521
0.424975
0.265157
0.172757
0.084541
0.494411
0.363541
0.585646
0.428357
0.280848
0.443955
0.511058
0.064936
0.372160
0.028340
0.063560
0.217100
0.433816
0.671252
0.238912
0.202094
0.506888
2.069727
0.314537
0.097251
0.418159
0.379673
0.343350
0.371177
0.674467
0.346981
0.703859
0.187745
1.215132
0.024302
0.316127
0.388233
0.415201
0.086368
0.061319
2.548524
0.687430
0.704441
0.061467
0.158773
0.832180
0.133972
0.489462
0.247758
1.822125
0.002081
0.642274
0.472104
2.220762
0.105446
0.775037
0.404749
0.640367
0.167410
0.041108
0.310552
0.768421
0.898564
0.747378
0.596891
1.067131
0.140058
0.135182
0.295109
0.257872
0.217175
0.289623
0.081300
0.057088
0.405242
0.274209
1.254109
0.781294
0.023767
0.185047
0.722526
0.025949
0.016548
0.235225
0.019785
0.125960
0.088993
0.450351
1.448940
0.296723
0.558351
0.261710
0.132322
0.353489
0.101184
1.325701
0.245950
0.278879
0.090969
0.898880
0.887313
0.365592
0.160109
1.969235
0.492499
0.884120
0.257633
0.393890
0.483495
0.298083
0.963711
0.242287
0.346228
1.090324
0.712141
0.386584
0.058113
1.277869
0.070878
0.028066
0.230974
0.816891
0.310037
0.461237
0.186749
0.518243
0.379551
0.602344
0.037799
0.599094
0.382370
1.167882
0.122261
0.826576
1.076159
0.927288
0.507947
0.168747
0.246024
0.148998
0.665001
0.139265
0.513243
0.134056
0.069709
0.256293
0.742792
0.137127
0.195352
1.181154
0.174386
0.591049
0.619986
0.706405
0.175368
0.011269
0.256951
0.879387
0.640968
0.321848
0.373278
0.148560
0.237340
0.679193
0.033925
0.151704
0.441434
0.607890
0.397198
1.845089
1.624884
0.166807
0.123038
0.461850
0.365786
0.214064
0.002008
0.172993
0.443528
0.198323
0.110495
1.071001
0.010506
1.197803
0.509608
0.190354
1.338046
0.020914
0.077957
0.530180
0.362440
0.554894
1.207954
1.119965
0.266617
1.871420
0.084349
4.057907
0.569458
0.607655
1.839141
0.512288
2.173375
0.107135
0.139860
0.352507
0.389508
0.142517
0.800676
0.069215
0.428350
2.849573
0.005964
0.453457
1.179756
0.526312
1.220088
0.906090
0.588737
0.029462
0.337036
0.116320
0.650229
0.256317
0.053289
0.075929
0.236924
0.148080
0.075755
0.029468
1.605865
0.061267
0.599133
1.466513
0.184225
1.426137
0.301345
0.946355
0.105545
0.144534
1.922499
0.725656
0.142304
2.326692
0.224684
0.083160
0.512843
0.160670
2.298915
0.202778
0.201767
0.327249
0.389304
0.030745
1.065922
0.513681
0.111901
0.149729
1.143265
0.208605
0.189907
0.976298
0.304808
0.007199
0.817017
0.723309
1.568439
0.148881
0.475923
0.079428
0.355209
0.448962
1.218732
0.705810
0.437402
0.160507
1.201070
0.127128
0.398598
1.148313
0.408109
1.066230
0.238775
0.052044
1.415894
0.151283
0.675280
0.076354
0.366839
0.509836
0.329601
0.903554
0.343962
1.399897
0.949117
0.179940
0.608381
0.821882
0.410221
0.191205
1.535543
0.035385
1.206031
1.005880
0.870274
0.340042
0.075896
0.662226
0.632803
0.585984
0.501815
0.161366
0.423963
0.006620
0.234751
0.359531
0.160264
0.061418
0.531251
0.790169
0.703000
0.073755
0.497081
0.145350
0.039697
0.327092
0.404279
0.757374
0.169054
0.060667
0.051526
0.137555
0.100805
0.004162
0.056449
0.003594
0.348293
0.142238
0.675876
0.124005
1.388985
0.234736
0.342073
0.356199
0.245365
1.020749
0.011288
0.542436
2.125762
0.564640
0.304540
0.674761
0.840683
0.045026
2.473498
1.104567
0.417643
0.396368
0.554848
0.959109
0.541849
0.731072
0.049161
0.929734
0.749287
0.111823
0.953272
0.163050
0.297098
0.449005
0.344493
0.243741
1.710009
2.509946
1.128626
0.219337
0.995938
1.248609
0.008656
0.946293
0.451219
0.320574
0.445743
0.262378
0.409842
0.437154
0.177271
0.067153
0.069772
1.734401
1.927107
0.784875
0.668004
0.037606
0.505503
0.360422
0.159314
0.334280
0.784929
0.637999
0.041786
0.171133
0.056403
0.024313
0.166504
0.001021
0.257561
0.079378
1.261152
0.272136
2.775208
0.360923
1.117689
0.441027
1.278395
0.301175
0.092513
0.124841
0.431559
0.177739
0.105236
0.407053
0.047741
1.307992
0.496340
0.649530
0.290411
1.162783
0.120887
0.132300
0.487914
0.174737
0.369415
0.654290
0.209582
0.818823
0.658077
0.683198
1.522029
0.527146
0.089989
1.482824
0.090585
0.029747
0.382366
0.046142
0.356916
0.607784
0.184884
0.046272
0.001312
0.345478
0.518321
0.049184
0.277395
0.160636
0.859895
1.006336
0.097428
0.018157
0.052045
0.805133
0.200689
0.485352
0.377471
0.558908
0.278214
0.151769
0.270627
0.238297
1.222988
0.436967
0.198435
0.041183
0.511454
0.990684
0.091492
0.081665
0.416869
0.323441
0.136614
0.419894
1.848994
1.078967
0.542181
0.256275
0.086707
0.329642
0.155579
0.204930
0.365364
0.228057
0.073336
0.945385
2.188727
0.548883
0.369126
0.267379
1.316809
1.406987
0.788232
0.921127
0.369833
0.064413
1.266663
0.089073
2.037071
0.045961
0.188343
0.397669
0.415226
0.402540
0.062084
0.387585
0.287579
0.754008
1.410121
0.453907
0.151520
0.116478
1.350425
0.756773
0.426740
0.035895
0.495664
0.412212
0.665256
0.081829
1.858680
0.545084
0.047706
0.732663
0.351983
0.475608
1.103050
0.277550
0.750086
1.031249
0.360578
0.047582
0.273602
0.040582
0.516025
0.386316
0.480295
0.042294
0.190524
0.407930
0.566143
0.431714
0.725261
0.471517
0.221706
0.207471
0.569451
2.174254
1.156997
0.268489
0.074274
1.047121
0.041326
0.130061
0.518994
0.439387
0.925028
0.383617
0.005376
0.483371
0.262605
0.371698
0.619724
0.885988
0.461232
0.218618
0.229597
0.124099
0.285721
0.577691
0.751494
0.059952
0.152820
0.391632
0.642862
0.485778
1.071552
0.258237
0.468987
0.765878
0.854262
0.686436
0.540407
1.142346
1.857913
0.183012
0.329762
0.853074
0.923272
0.340210
0.288230
0.144366
0.009133
0.080420
0.042120
0.484530
0.349334
0.298008
0.917401
1.390653
0.071970
0.481024
0.026192
0.253258
0.087759
0.744908
0.009548
0.022336
0.097986
0.493752
0.878773
2.877314
0.234295
0.334923
1.127024
0.215223
0.791708
0.237351
0.092092
0.506601
1.026011
0.466125
1.093435
1.101933
0.703056
1.729238
0.356864
0.148973
0.270230
0.215807
0.108892
0.401012
1.727785
0.141670
1.487843
0.069292
0.010777
1.719482
0.095034
0.111127
0.452424
0.000315
0.109152
1.745225
0.335539
0.047785
0.192312
0.166737
0.316567
0.334238
1.266097
0.208213
0.049272
0.825776
0.130828
0.944409
0.749777
0.674326
0.056253
0.108015
0.047678
0.179846
0.684953
0.030608
0.397972
0.593487
0.104614
0.422180
0.543478
0.224620
0.733656
0.149308
0.225113
1.684485
0.129170
0.953111
0.029197
0.395889
0.072472
0.373059
0.017540
0.028520
1.006439
0.068665
0.996420
0.050807
1.887577
0.511468
0.907097
0.043583
0.900154
1.315411
0.243540
0.434490
2.185496
1.362303
0.161121
0.096884
0.351191
1.392219
0.386136
0.160138
0.109322
1.154071
0.136973
0.275876
0.696988
0.175735
1.770599
1.089486
0.863389
0.002755
1.426133
0.583242
0.071826
0.819894
0.768932
0.058760
0.295694
0.486684
0.108054
0.165082
0.399445
0.433672
0.989580
0.385590
0.361146
0.073840
0.625330
0.009570
0.039266
0.144990
0.173369
0.158672
0.082600
0.380323
0.595330
1.172691
0.882996
0.549808
0.782786
0.526523
0.558126
0.660850
0.207505
0.820738
0.387501
0.066667
1.245563
2.125101
0.687219
0.059130
0.155259
0.176335
0.587967
0.068911
0.900068
0.115230
0.154650
0.397488
0.127311
0.208947
0.805044
0.364697
0.475295
1.522527
0.025876
0.185145
0.971043
1.057713
1.874686
0.521533
0.378091
0.523431
0.239781
1.020920
0.303731
1.264383
2.652876
0.232967
1.182131
0.677505
0.330811
0.094923
0.020018
0.096462
0.179525
1.035614
0.240058
0.419317
0.274417
0.465801
1.199916
0.125840
0.066124
0.369862
0.096133
0.095769
0.892552
0.016008
0.027614
0.826925
0.568369
0.438865
0.305922
0.030981
0.303012
1.220457
1.964181
0.298484
0.167996
1.087120
0.106335
0.733443
0.030522
0.131217
1.448517
0.223831
0.055349
0.197338
1.319579
0.374508
1.345440
0.909602
0.692498
0.028844
0.223612
1.292398
0.130921
0.107104
1.562891
0.167106
0.000754
0.504249
1.013889
0.307314
0.594238
0.194936
0.232669
0.562949
0.740036
0.535665
0.412705
1.661503
0.278265
0.485325
0.108319
0.232304
2.009880
0.178030
0.598199
1.207437
0.876474
0.496988
0.690090
0.429498
0.579107
0.057742
0.347576
1.240386
0.179686
0.305414
0.111834
0.180767
0.048439
0.035636
0.718903
0.774754
0.248501
0.072299
0.311145
0.089580
0.785293
0.012777
0.068473
0.123514
0.519787
0.194865
0.446409
0.495019
0.486867
0.169992
0.387242
0.298072
1.251231
0.169506
0.012905
0.463260
0.252580
0.373783
0.367393
0.599455
2.054660
0.637934
0.000936
0.039475
0.779379
0.722859
0.995939
0.099989
1.146576
0.197892
0.211773
0.587416
0.216993
0.320525
1.204032
3.242269
0.794872
0.347084
0.492968
0.270945
0.777308
0.090742
1.010284
0.613529
0.302105
1.116999
0.186197
0.948846
0.271832
0.889843
0.397660
0.257889
0.401615
0.399737
0.325885
0.209065
0.189064
0.209608
0.370092
0.120342
0.553250
1.013434
1.177143
0.010798
0.208906
0.843833
0.010018
0.073981
0.189577
0.520286
0.405839
0.055069
0.837567
0.275223
0.833363
0.154767
0.190051
0.065084
0.061817
0.665129
1.532661
0.546604
0.074572
0.352085
0.121224
0.480424
0.939326
0.377673
1.607818
0.231159
0.681410
0.495987
0.136187
0.523628
0.525655
0.433684
0.311951
0.554873
0.632003
0.756405
0.190707
0.159668
1.077079
0.069529
0.596477
0.593942
0.252118
0.006484
0.849645
0.359058
0.690107
0.736031
0.097515
1.090316
0.161502
0.249190
0.351056
0.065757
1.279628
0.312121
0.340028
0.549356
0.049075
0.658090
0.189753
0.681304
0.186828
0.756952
0.267530
0.014852
0.410105
0.657397
0.180223
0.293188
0.987694
3.640061
0.074711
0.148749
0.006135
1.561570
0.734091
0.714957
0.648280
1.467287
0.521636
0.001281
0.207252
0.082533
0.067219
0.151885
0.479201
0.482746
1.320215
0.618907
0.216197
0.140168
0.302559
0.543589
0.012362
1.013826
0.588991
0.438633
0.457928
2.623390
0.014067
0.309130
2.561884
0.091082
0.633712
0.003131
0.065349
0.334813
0.728169
0.945390
0.285418
0.267740
0.953938
0.744228
0.418248
1.894830
0.018461
0.101223
0.453914
1.675035
1.118638
1.474874
0.117474
0.213274
0.471421
0.133162
0.121416
0.180184
0.851572
0.844845
0.176424
0.934204
0.161856
0.172206
0.006120
2.647777
0.176629
0.072330
0.329940
0.033346
2.059187
1.250720
0.326126
0.901917
0.589335
0.023495
0.837603
0.652009
0.130145
0.263250
0.591234
0.065295
0.220788
1.165836
0.317122
1.712620
0.073482
0.578006
0.157382
1.545738
0.347258
0.418920
0.805209
0.750799
0.978502
0.836621
0.739671
0.084993
1.469159
0.147386
0.124769
1.335192
0.095176
0.601933
0.726448
1.003631
0.684956
0.432369
0.450953
1.845279
2.218533
0.169616
0.051274
0.211673
0.105700
0.418657
0.187424
0.198173
0.145436
0.436910
0.165497
0.699331
0.081260
0.042772
0.377830
0.004379
1.123808
0.180135
0.090188
0.920668
0.408008
0.243786
0.739575
0.656786
0.044881
0.386395
0.454144
0.891071
0.062280
0.105972
0.821923
0.055625
0.325690
1.172897
0.299312
0.553157
0.318721
0.719928
2.820424
0.643217
0.212082
0.163032
0.323914
0.342277
0.223322
0.003572
0.350999
0.146902
0.185263
0.553499
0.050447
1.010358
0.028462
1.013011
0.456375
0.076101
0.260790
0.108684
1.804263
0.370679
0.244171
0.756321
0.495531
1.001355
0.575851
0.041283
0.382059
0.084362
0.923493
0.378262
1.056000
0.104110
0.827601
0.219891
0.575464
0.092668
0.225447
0.104166
0.275609
0.558241
0.974253
0.366698
0.388275
1.220045
0.245401
0.074593
0.027774
0.790627
0.203201
0.013655
0.191228
0.637046
0.821533
1.465292
0.440156
0.337178
0.013113
0.063691
0.518909
1.013130
0.525350
0.371986
0.028891
0.307403
1.062641
0.673155
0.495008
0.139554
1.314605
0.026796
1.239137
0.769438
0.424206
0.304515
0.599036
1.606585
0.451580
0.697682
0.701322
1.320229
0.755245
0.037292
0.523466
0.440717
0.009339
0.133504
0.039698
0.022702
0.218428
0.640248
1.218408
0.002126
0.141764
1.732154
0.311341
0.068184
0.616369
0.048215
0.231828
0.505811
0.077805
0.169230
0.273874
0.629413
0.679835
0.063902
0.563173
0.206221
1.028766
0.280918
0.155059
0.526957
0.348286
1.236248
0.135406
0.367207
0.081236
0.188124
0.415748
0.350483
0.018160
0.324243
0.354778
0.166023
0.295177
1.781277
0.263837
0.083840
0.032835
0.759445
0.782106
0.116387
0.035307
0.119444
1.286407
0.834150
0.202086
0.457475
0.080907
0.114519
0.014870
0.268961
0.969424
0.378588
0.201484
0.049011
0.026292
0.328528
0.261229
0.478332
2.117480
0.292242
0.048801
0.340270
0.645771
0.387027
0.313016
0.072616
0.590838
0.376289
1.239800
0.330808
0.666882
2.080276
0.596153
0.539693
0.794410
0.014689
0.150323
1.452343
0.133059
0.170515
0.224140
0.047035
0.857324
0.590356
0.101152
1.024739
0.095922
0.445911
0.333764
0.087227
0.016623
0.433770
0.530284
0.709104
0.063279
0.063367
1.117604
0.835955
0.521893
0.828405
0.175556
0.242577
0.789101
2.451429
0.022809
0.445175
0.010880
0.181385
0.382560
0.147303
0.449735
1.131662
0.211527
0.266525
0.444503
0.375505
0.167307
0.720904
0.062896
0.737914
1.285787
0.081790
0.216490
0.430577
1.197096
0.317725
0.595952
0.809198
0.165932
0.210979
0.472136
0.431980
0.652147
0.259338
0.423248
0.741908
2.573187
0.448992
0.040324
0.376344
0.941231
0.555389
0.276603
0.107056
0.043807
0.006965
0.638008
0.229647
0.751040
0.913347
0.075226
0.603519
2.300420
0.337760
0.163034
1.144885
1.627402
1.836531
0.602810
0.139743
0.191979
0.186643
0.863935
0.024320
0.629783
0.249961
0.859361
0.619631
2.135500
1.142309
0.136761
0.897334
0.420689
0.545622
0.013460
0.528882
0.566655
0.688000
0.010632
0.303822
0.441510
0.087606
0.084971
0.429512
0.527531
0.285049
0.322307
0.474976
0.263081
0.096567
0.972692
0.650924
0.333896
0.568789
0.746822
0.113690
0.037808
0.453358
1.225454
0.030332
0.340944
0.083079
1.115958
0.032655
0.849926
1.258120
0.629376
0.341919
0.549281
0.667860
1.504829
0.145924
1.140176
0.056572
0.884636
0.398788
0.389906
0.181690
0.088859
1.504297
0.327258
0.010045
0.567550
1.712746
0.600812
0.302621
0.093677
0.739473
0.025757
0.044216
0.888876
0.393232
0.135722
0.643061
0.467954
0.028292
0.514865
0.195605
0.399627
0.185204
0.031360
0.347602
0.413528
1.591573
0.468253
0.248962
0.354766
0.080973
0.596824
0.555769
0.052764
0.097517
0.586943
0.754257
0.078128
0.247256
0.132516
0.189540
0.088520
0.166359
0.255532
2.498067
0.878896
0.507870
0.630970
0.285770
0.590255
0.222981
0.711702
0.139337
0.553332
0.857123
0.681760
0.131986
0.753543
0.217122
0.489367
0.168836
0.348335
0.193640
1.579347
0.460537
0.344869
0.522568
0.239559
0.514943
0.019624
0.475297
1.590572
0.112035
1.134170
0.222055
0.107822
0.643842
2.823353
1.208844
0.086841
0.584542
0.157811
1.253845
1.348277
1.406742
0.670554
0.564747
0.094377
0.363755
0.014740
0.795364
0.813447
0.378371
0.062398
0.715603
0.071195
0.478055
0.263253
0.360143
0.149586
0.296943
0.067838
0.122330
0.522863
0.011835
0.428580
0.924294
0.688138
0.424439
0.700021
1.187144
0.151536
0.012186
0.872810
0.107846
1.663264
0.414950
1.023276
0.073144
0.042124
1.150641
1.346441
1.078195
0.281654
0.025455
0.518153
0.414361
0.547188
0.028059
0.039944
1.287325
0.348975
0.113861
0.075905
0.081824
0.128768
0.630243
2.517972
1.835118
0.170253
0.687011
1.066205
0.399303
0.736997
0.613641
0.681408
0.664152
0.157917
0.477102
1.024613
0.216636
0.361546
0.813495
0.134511
1.454115
0.959057
1.064784
0.355473
0.365288
1.371975
0.440463
0.291866
0.288198
0.778555
0.437379
0.444628
0.008219
0.177995
0.436782
2.346031
0.443500
0.199830
1.028962
0.074340
0.052927
0.432791
1.069448
0.902473
0.948601
0.343678
0.613249
0.112591
0.005959
0.356840
0.287684
1.576485
0.225711
0.191813
0.313770
1.067039
0.146715
0.026540
0.195658
0.589441
0.919277
1.186884
0.165237
0.973349
0.115583
0.997386
0.942226
0.791160
0.107468
0.637142
1.348974
0.173964
0.178025
0.843353
0.069268
0.081009
0.186960
0.904095
0.216317
0.195644
0.212486
0.777251
0.165010
0.618058
0.056763
0.687551
0.447186
0.224409
0.801934
1.232374
0.027754
0.510597
0.862538
0.204294
0.343673
0.014319
0.111176
0.211696
0.865053
0.249427
0.033897
0.704047
0.580177
0.227151
0.422290
0.846389
0.361477
1.069513
0.527837
1.004532
0.115365
3.174988
0.531513
0.333872
0.615060
0.717553
0.133497
0.177537
0.065925
0.016884
0.120303
0.097717
0.558959
0.018171
0.359678
0.093244
0.033028
0.622920
0.362123
1.088662
0.055508
0.434772
0.513676
0.784389
1.459071
0.119325
0.467855
0.308694
0.049656
0.150373
0.197660
0.178756
0.149195
1.984980
0.774928
1.686750
0.679409
0.011145
0.153677
1.007064
0.028416
0.325482
0.022543
0.651507
0.360924
0.407115
1.143453
0.431455
0.156890
0.266987
0.312486
0.234519
2.609442
0.056456
0.090819
1.411332
0.192155
0.743143
0.256415
0.266893
0.017049
0.650493
0.626239
0.172311
0.616980
0.348503
0.148692
0.300647
0.371136
0.368916
0.191701
0.432819
0.000154
0.225137
0.183727
0.361242
1.260163
0.115289
0.048543
0.104674
0.483338
0.407370
0.414235
0.476272
0.545346
0.653518
0.404609
2.040072
0.349752
1.561734
0.252682
0.384681
0.575583
0.058783
0.880720
0.249280
0.474463
0.044659
0.930532
0.073561
0.467349
0.088938
0.629442
0.467742
0.372749
0.011908
0.065088
0.294455
0.130332
0.120769
0.502500
0.945616
0.738827
0.109849
0.311210
0.286212
1.306033
0.009158
0.271449
0.280871
1.827632
0.845466
1.697756
0.536293
1.305712
0.791591
0.025895
0.387627
1.060649
1.126733
0.563854
0.334149
0.029833
0.249000
0.049923
0.437841
0.268746
0.122364
0.014452
0.518169
0.282522
0.543014
0.340968
0.113759
0.981928
1.581699
0.509904
0.771593
1.862103
0.030021
0.121728
1.497997
1.035446
0.100791
0.468107
0.805962
1.891421
0.537003
0.207690
0.973738
0.402966
0.008134
0.211397
0.472407
0.262454
0.289740
0.108252
0.869145
0.534857
0.126261
0.316900
0.046364
1.084053
1.659215
0.172691
0.683814
1.272383
1.339634
0.379206
1.138343
2.285922
0.688522
0.939933
0.996037
1.331342
0.303742
0.545448
1.190172
0.060318
0.002001
0.723761
0.549764
0.010168
0.058061
0.163018
0.279764
0.398636
0.320173
0.145644
0.115548
0.595447
0.640298
0.174705
0.435727
0.579051
0.442089
0.197965
0.467516
0.365251
0.977859
0.351400
0.354632
0.465973
0.217081
0.232275
0.384424
0.823759
0.018159
0.293434
1.269888
0.020234
0.117091
0.443472
0.030827
0.191667
1.006108
0.335021
1.011944
0.207151
0.675488
0.038547
0.017943
0.311010
0.230298
0.479737
0.080706
1.562221
1.439886
0.706291
0.321580
0.810728
0.151425
2.018950
0.262634
0.475289
0.218437
1.450719
0.273188
0.246832
0.246321
0.209329
0.280424
0.455368
1.330766
0.335758
1.239584
0.795963
1.894432
0.766346
0.072897
0.633619
0.976820
0.093716
0.100161
0.128955
0.775160
0.200681
0.101287
0.657773
0.045552
0.536100
0.381851
0.214137
0.510979
1.429420
1.633117
2.562861
1.093382
0.241285
0.241988
0.161973
0.645268
0.838180
1.037654
0.532157
0.179777
0.781920
0.300286
0.163830
0.427498
0.442356
3.055797
0.283661
0.709576
0.098808
0.539837
0.394720
0.356580
0.927885
0.162570
0.454391
0.347988
0.834687
1.453431
0.076298
0.701822
1.188672
0.072849
0.513640
0.171251
0.366207
1.254995
0.007499
0.201883
0.788033
0.554211
0.502851
0.438393
0.064726
1.224406
0.086343
0.616511
1.211737
0.447700
0.314308
0.047541
0.145076
0.006326
0.458908
0.050196
0.171347
0.110071
0.454322
0.053670
0.077128
0.670571
0.969249
0.025726
1.035873
0.344678
0.207879
0.249850
0.269639
0.219287
0.646378
0.117889
0.012641
0.222909
0.789762
0.079139
0.159623
1.523770
0.965434
0.102093
0.392720
0.194045
0.161062
0.794647
0.203398
1.043741
1.110261
0.489569
0.038222
0.335084
0.647578
0.122020
0.128628
0.436406
0.155096
0.053161
0.041868
0.466787
0.340759
0.343738
1.633748
0.123999
0.614135
2.166187
0.432963
0.347703
0.071503
0.957442
0.302250
2.221082
0.019023
3.044647
0.185443
0.187509
0.789123
0.516550
0.104573
0.577768
0.156304
0.152122
0.095271
2.611412
0.325870
0.255679
0.429994
0.684338
0.347758
0.535243
0.217249
2.683877
0.083804
0.188663
0.121019
0.988502
0.179175
0.790698
0.225214
0.284955
0.520577
0.847217
0.274656
0.576456
0.841085
0.659376
2.905604
0.467856
0.236307
0.102731
0.173224
0.517948
0.297148
0.313954
0.510409
1.308039
1.007246
0.122013
0.558084
0.229271
1.034513
0.012596
0.225595
0.014203
0.207141
0.431499
1.101473
0.511322
0.232940
0.145288
0.038862
0.009780
0.035460
0.344014
0.608114
1.070633
0.130659
0.603088
0.336856
0.466456
1.087492
0.763910
0.144966
0.203562
0.143364
1.109974
0.151465
0.061591
0.057099
1.357666
0.330526
1.997952
1.593376
0.938079
0.004831
0.176825
0.276630
1.147003
1.392220
0.798124
0.082028
0.006551
0.848356
0.124083
0.357135
0.367369
0.053940
0.674336
0.124891
0.448798
0.213096
0.056819
0.235356
0.456516
0.291571
0.490052
0.336751
0.607361
0.674739
0.455649
0.506710
0.127005
0.433283
0.452823
0.036898
0.444852
1.120267
0.342655
0.335068
0.891404
0.173653
0.510363
0.931687
0.058338
0.981050
0.219487
0.497795
1.631166
0.050307
0.953666
0.403889
0.292349
1.596402
1.326750
0.021151
0.256081
0.404081
0.379110
0.054912
0.174742
0.069343
0.675529
0.366219
0.617397
0.205304
0.446291
0.177145
0.130910
0.045219
0.772503
0.032102
0.238921
0.277873
1.187779
0.336678
0.168291
0.152136
0.064201
0.142173
0.221628
1.788227
0.808853
0.806680
1.336597
0.656973
0.923225
0.201561
0.168132
0.233966
0.286155
0.434362
0.349787
0.097286
0.052557
0.119324
0.360327
0.585884
0.357325
0.681127
0.749510
0.176431
0.820214
0.085116
0.643101
0.624381
0.519989
0.004760
1.854133
0.728441
0.148509
0.202885
0.671740
0.030202
0.072120
0.554381
0.779987
1.875881
0.000902
0.039210
0.215567
0.287755
0.533467
0.960128
0.476471
0.704713
0.034000
0.068460
0.295203
0.429454
1.027384
0.125867
1.034551
0.566572
0.238277
0.454884
0.248068
0.012976
0.466792
0.228327
0.786689
0.996915
0.602216
0.379345
1.278372
0.899264
0.112669
0.622921
0.832955
0.113799
0.774938
0.087897
0.512408
0.293191
0.007374
0.147543
0.111185
0.041897
0.241843
0.518211
0.534654
0.147434
1.011822
0.377995
1.354156
0.141783
0.068390
0.196130
0.159088
0.663438
0.587324
0.033701
0.456302
0.248141
0.454287
0.367991
0.127877
0.801367
0.132808
0.018669
0.001107
0.010608
0.110235
0.515497
0.312423
0.119445
1.145725
0.545377
0.173275
0.165903
0.185036
1.494186
0.385818
0.097486
0.327045
0.318473
0.275867
0.468148
0.793755
0.596309
0.209745
0.333388
0.717229
1.416298
1.051248
0.222096
0.310047
0.054638
0.085579
0.594333
0.075508
0.086893
0.630034
0.206263
0.811948
0.099849
0.399835
0.604914
0.932356
0.927029
2.071484
0.083839
0.787591
0.368934
0.201372
0.159494
2.478216
0.704405
1.064476
0.776831
0.300868
0.126580
0.160907
0.120333
0.090040
0.083036
0.424963
0.492957
0.148215
0.654418
0.194507
0.252669
1.100867
0.019703
0.663490
0.589250
0.124014
0.167908
0.250447
0.033455
0.068853
0.237516
0.123651
1.273448
1.151308
0.399934
0.108327
1.117301
0.182770
0.039429
0.572056
0.710067
0.177970
1.569336
1.791618
0.312073
0.058084
0.393474
0.047806
0.228017
0.160539
0.266756
0.719649
0.089577
0.300830
0.344208
0.969953
0.557006
0.763639
0.144037
0.666816
1.212486
0.495008
1.556999
0.895465
0.375846
0.352801
0.014193
0.273570
0.836633
0.054805
0.054289
0.422782
0.258171
0.030698
0.391426
1.010899
0.092698
0.045875
1.594252
0.383324
0.224945
0.232786
0.177152
0.373616
0.869554
0.794736
0.241124
0.342672
0.432372
0.501061
0.132351
0.337026
0.151451
0.104215
0.195452
0.779756
0.592626
0.216579
0.118595
0.353316
0.303813
0.188475
0.040270
0.978288
0.233882
0.484163
0.647754
0.391344
0.615413
0.577604
0.040744
0.036420
0.029468
0.236279
0.453881
1.066655
0.094710
1.935937
0.237117
0.695960
0.473479
0.471066
0.138380
1.033401
0.800601
0.416570
0.544090
0.339303
1.243613
1.037047
3.688305
0.232780
0.104361
0.039931
0.131251
0.412743
0.597075
1.574636
0.055355
0.259586
0.513785
0.101094
0.322405
0.600915
0.410098
0.037260
0.434837
0.658787
0.026169
1.591646
0.330455
0.543945
0.420539
0.646186
0.384456
0.228722
0.171738
0.111356
0.982263
0.116319
0.038432
0.980036
0.433484
0.152152
1.373723
0.832083
0.869605
0.501125
0.730010
1.323549
0.019336
0.263725
0.059506
0.359923
0.057845
0.557153
0.439719
0.585852
0.258819
0.505269
0.523075
1.093255
0.177659
0.122610
0.474760
0.902524
0.439219
1.170522
0.017911
0.293805
0.059016
0.057802
0.180842
0.587383
0.232237
0.136828
0.348337
0.109001
1.029245
0.157033
0.066777
1.205576
0.568814
0.135394
0.275356
0.777168
1.198885
0.004240
0.325841
0.187822
0.517004
0.068222
0.112100
1.436505
0.211569
0.840784
0.754807
1.326642
0.632376
0.841523
0.234144
0.883113
1.284349
0.565708
0.367122
0.174708
1.243436
0.011068
0.337433
0.778384
0.172246
0.478290
0.601107
1.767504
0.958721
0.065585
0.712543
0.717946
0.070423
0.136130
0.039116
0.747604
0.227765
0.161547
0.635180
0.620493
0.047162
0.344851
0.511494
0.824358
0.187323
0.007256
0.506299
0.134484
0.588554
0.085310
0.378290
0.469091
0.098464
0.010871
0.253620
0.317600
0.507094
0.051192
0.290813
0.336987
0.124390
0.111899
0.145455
0.216643
0.288899
0.198501
0.068153
0.816754
0.462870
0.937657
0.362481
0.591716
0.211535
0.084883
0.348053
0.535647
0.093494
0.074368
1.118711
0.991618
0.174823
0.275823
0.318420
0.321048
0.294850
1.015835
1.441041
0.043220
1.693654
0.243061
0.425637
0.103174
0.440362
0.873051
0.386176
0.012344
0.083154
0.547557
0.883459
0.707299
0.358916
0.211406
0.299602
0.973012
0.347511
1.520665
0.361385
0.556582
0.047393
0.262007
0.381634
0.243469
0.891477
0.002455
0.980586
0.162426
1.034869
0.813008
0.223280
0.916234
0.104301
1.353804
0.013393
0.743166
0.711170
0.415637
0.800200
1.215584
0.130685
0.493525
0.552883
0.677778
1.789993
0.063799
0.457340
0.320335
0.037374
0.060490
0.078060
0.088640
0.368873
0.567227
0.396981
0.218222
0.574900
0.261496
0.498526
0.407184
0.118206
2.367005
0.252971
0.254436
1.291896
0.275385
0.094749
0.575001
2.211411
1.766961
0.452465
0.122953
0.455820
0.153584
1.611942
0.422287
0.242470
0.409985
0.022143
0.304668
0.559669
0.104043
0.482141
0.108651
1.005947
0.091177
0.398125
0.398770
0.426598
0.099236
0.056386
0.767383
0.093904
0.350296
0.101254
0.050319
1.310036
0.219986
0.755029
1.233742
0.197823
0.234628
0.071477
1.294407
0.509446
0.049030
0.341747
0.011773
0.529159
0.386604
0.326540
0.197607
0.647921
0.051738
0.368840
0.448977
0.153940
0.036695
0.076670
0.913006
0.144360
0.143047
0.488338
0.274095
0.698206
0.821909
0.364640
0.569278
0.088789
0.176090
0.451836
0.336144
0.556426
0.651210
0.267518
0.185810
0.861675
1.201212
0.202974
0.321696
0.297078
0.838898
0.807120
0.095764
1.212478
0.194847
0.728147
0.097104
0.250023
1.198798
0.007790
0.516800
0.085911
0.509299
0.034290
1.206133
0.294987
0.438565
0.445929
0.468710
1.063777
0.102301
0.051473
0.401761
1.221812
0.358900
0.992558
0.663423
0.273812
0.109259
0.117343
1.018762
0.004776
0.005095
0.022474
1.269303
0.202389
0.832620
0.051314
0.647993
0.636337
0.059954
0.231532
1.051008
0.696954
0.287175
0.776005
0.110046
0.010588
0.237637
0.819736
1.160505
0.414269
1.170359
0.302638
0.323578
0.268856
0.190419
0.118592
0.908829
0.359748
0.272653
0.614207
0.369604
0.281475
0.695546
0.293073
0.720583
0.412827
0.389428
0.336398
0.165622
0.530755
0.984375
0.087034
0.260407
0.176411
1.477661
0.462562
0.191548
0.197428
0.263338
0.124280
1.101533
0.187839
0.560665
0.227856
0.652991
2.347867
0.430378
0.418149
0.350457
2.994311
0.160055
0.013365
0.279279
0.012724
0.317352
0.106173
0.442371
0.005519
0.571338
1.016847
0.546879
0.389793
0.014667
0.036828
0.912252
1.882812
0.561236
0.085367
0.180535
0.043848
0.236630
0.106972
0.253033
0.026271
0.408912
0.067470
0.021481
0.072956
0.590323
0.394741
0.071508
1.703377
0.424662
0.411886
2.412863
0.021560
0.698256
0.432749
0.027324
0.284207
0.297382
0.633326
1.844065
0.324293
0.778505
0.840154
0.302625
0.311587
1.764022
0.707620
0.396728
0.213602
1.495260
1.448931
0.254460
0.354992
0.036872
0.290719
0.516574
0.721984
2.164775
0.751133
0.656265
0.409494
0.206699
0.641582
0.459807
0.047784
0.179768
0.531395
0.371926
0.693761
0.233194
0.346275
0.129076
0.088351
0.187991
0.572200
0.491390
0.167053
0.288765
0.095249
0.499418
0.245884
0.062958
0.015512
1.135563
0.104991
0.318812
0.389265
1.533209
0.306503
0.191579
0.576440
0.008778
0.534861
0.261378
0.482124
0.689240
0.617413
0.159579
0.159249
0.307557
0.519194
0.740215
0.580686
0.824988
0.044878
0.229851
0.284295
0.230913
0.823170
0.467136
0.000780
0.108893
0.646292
0.016317
0.048534
1.231620
0.350146
0.501776
1.013438
1.632986
1.515365
0.402070
1.937441
0.469032
1.604995
0.455618
0.220537
0.552452
1.024796
0.496334
0.068585
0.364064
0.256976
0.844030
0.196620
0.334440
0.101456
0.711085
0.974508
2.349539
0.227805
0.980013
0.103265
0.047913
1.109359
0.163630
0.003119
0.251108
1.218227
1.037618
0.220534
0.998467
0.278436
0.204657
0.320149
0.244405
1.358053
0.884566
0.028498
0.817585
0.307105
0.101413
0.194502
0.985943
3.323710
0.521213
0.214258
0.100662
0.260616
0.115405
0.095126
0.739535
0.033741
0.223025
0.995819
1.567575
0.509372
1.019142
0.216406
0.400903
0.681721
0.615449
0.268697
0.093902
0.022428
1.097293
0.408071
1.902325
0.633127
0.475011
0.763500
0.097428
0.796900
0.055512
0.019294
0.793717
0.698141
0.244187
1.906174
0.086401
0.448841
0.081938
1.335716
0.536095
0.357697
0.790851
0.476281
0.081232
0.545505
1.684368
0.604383
0.262415
0.559719
0.062309
0.433234
0.631864
0.002889
0.073921
0.593942
0.643451
0.694549
0.324994
1.155922
0.396537
0.437372
1.396591
0.210111
0.204372
0.196633
0.193569
0.340819
1.248311
0.319477
0.276744
0.428279
2.041895
0.123868
0.105131
0.071421
1.075177
0.084324
0.899526
0.172586
0.882261
1.515262
1.025788
0.394975
1.578778
0.004470
0.138053
0.571824
0.712726
0.635084
0.436456
0.183469
0.179945
0.368070
0.525263
0.507727
0.936024
1.774532
0.070767
0.721599
0.292958
0.407130
0.207158
0.278051
0.749098
0.376274
0.410115
0.539440
0.576054
0.250614
1.517501
0.359501
0.212266
0.866915
0.030350
0.180768
0.892770
0.178453
2.091255
0.448114
0.009784
0.418517
1.146523
0.194027
0.046084
0.398463
1.601826
1.360867
0.367544
0.047903
0.598777
1.661289
0.522621
0.018994
0.247559
0.276571
0.417484
1.499575
0.044352
0.143935
0.211091
0.018752
0.719643
0.586090
0.983781
0.862417
2.533856
0.589634
0.065031
1.918528
0.167310
0.076189
0.394224
0.101322
0.310842
0.501875
0.659728
0.274391
0.419361
0.146016
0.360473
0.154490
0.122437
0.088429
0.180543
0.467860
0.442107
1.017014
0.408073
0.557135
0.063538
1.162682
0.616623
1.069541
0.448932
0.420658
0.608756
0.441264
0.151468
0.874332
0.415868
0.394547
1.710660
0.058355
0.653142
0.281315
0.680615
0.309851
0.957436
0.186542
0.627897
0.228127
0.430425
1.346680
0.375863
1.061293
0.388312
0.061315
0.692090
0.051521
0.773830
1.015534
0.000081
0.342500
0.695235
0.449132
0.033480
0.303555
0.098609
0.197352
0.164996
0.680694
1.027334
0.142776
0.961569
0.459447
0.567679
0.455039
0.032501
0.378930
1.197895
0.752731
1.139821
0.332860
0.619683
0.277674
0.228149
0.144158
0.389938
0.061562
0.214152
0.199338
2.088329
0.214277
0.870632
0.665320
1.417430
1.101226
0.105835
0.064065
0.121411
0.319177
0.997391
0.045758
0.636911
0.632585
0.583168
0.254524
0.189399
0.696012
1.331523
0.126940
0.376994
0.879967
0.619475
0.137183
0.146563
0.039893
0.337085
0.793858
0.106926
0.912577
0.066423
0.097510
0.103731
1.488956
1.220203
0.068844
0.911839
0.054708
0.143102
0.027840
0.428400
0.059869
0.076349
0.175291
0.887913
0.886289
0.593155
0.078896
0.435579
0.490307
0.231167
0.058856
0.301528
0.041963
0.216156
0.613679
0.085505
0.920728
0.349122
0.215175
0.570062
0.493011
0.374226
1.010879
0.429062
0.289709
2.787335
0.267740
0.391994
0.140584
0.316280
0.063293
0.221541
0.471295
0.267749
0.104499
0.290345
0.057861
0.203665
0.011134
0.662498
0.609989
0.071398
0.103548
0.769172
0.330883
1.122122
1.427554
0.196873
0.252533
0.172775
0.002856
0.011878
0.854824
1.032861
0.457545
0.149774
1.018116
0.007116
0.810414
0.060846
0.329761
1.270205
0.319827
0.048963
0.204577
0.541065
0.381540
0.294452
2.724881
0.405732
0.098775
0.602764
0.583759
0.228105
0.332503
0.094929
0.150763
0.279466
0.344973
0.534789
0.637107
0.350683
0.570222
0.387634
0.236898
0.164142
0.800403
0.141743
0.174051
0.458810
0.224258
0.750012
0.368756
0.897733
1.020724
0.974156
0.341675
0.258700
0.180163
0.337438
1.606005
0.328709
0.106130
0.522895
0.942371
0.565015
0.861607
0.057393
0.055553
0.192762
0.724703
0.872933
0.868633
0.294946
0.227007
0.112426
0.646321
0.089081
0.297295
0.009810
0.721377
0.829411
0.795564
0.168031
0.515833
0.549002
0.077104
0.074636
0.036498
0.294806
0.496376
0.015291
1.310497
0.859322
0.567699
0.746720
0.344246
0.346788
1.076416
0.461687
0.857733
0.523678
0.279596
0.516579
0.049771
0.788136
0.933729
0.857967
1.566899
0.173855
0.915146
0.636789
0.054535
0.505215
0.002804
0.687024
0.180056
0.080377
1.083957
0.233242
0.450647
0.361833
0.257849
0.368263
0.204525
0.042573
0.175934
0.896038
0.435941
0.099513
0.286536
0.257045
0.884826
0.999537
0.023585
1.290861
0.536173
1.110774
0.682385
0.476274
0.102440
0.438768
0.203544
0.170251
0.124315
0.207763
0.018076
0.369630
0.335209
1.269729
1.128467
0.043031
0.286456
0.177086
0.462776
0.738851
0.238911
1.152867
0.464719
1.631189
0.042118
0.021159
0.226010
1.206166
1.182091
0.263591
0.900149
0.414791
0.179262
0.432931
0.098015
0.333299
0.089267
0.359157
0.746126
0.241959
0.956737
0.832056
1.183127
0.208469
0.657885
0.808477
0.275304
0.091872
0.052537
0.013731
1.404128
0.326588
1.311412
0.393635
0.291082
0.004111
0.441367
0.817303
1.254083
0.338955
0.120848
0.699858
0.028863
0.362832
0.202216
0.133354
0.001274
0.342737
0.686254
0.751816
1.059234
0.456851
0.443754
0.770779
1.405886
0.192870
0.442699
0.225730
0.334621
0.581084
0.247468
0.278953
0.091242
0.191211
1.796932
0.468393
0.197249
0.409193
0.266438
0.140230
0.026268
0.494148
3.082220
0.056737
0.077618
0.200643
0.208801
0.079106
0.876335
0.046006
1.288577
0.612894
0.580566
0.359058
0.339057
0.492780
0.893034
0.041624
2.306210
0.193041
0.728508
0.239391
0.688923
1.358080
0.599087
0.637174
0.390428
0.012268
0.163728
1.551343
0.156535
0.200556
0.437169
0.155099
0.287857
0.648499
0.454706
0.754961
1.031705
0.275762
1.008622
0.797250
0.069862
0.403546
0.185039
0.487529
0.099602
0.076402
0.606517
0.093580
0.309937
0.317227
0.400535
0.117777
0.258461
0.143446
1.331446
1.456002
0.159857
0.117544
1.154830
0.390929
0.388181
0.330404
0.828116
1.899795
0.117997
0.260760
0.706715
0.043430
0.886894
0.488646
1.060903
1.618439
0.097714
0.105055
0.437986
0.221688
0.201141
0.168610
0.376261
0.787990
0.705343
0.041677
0.001533
0.086981
0.199777
1.353892
0.055636
0.461942
0.077050
0.003014
0.078602
0.574012
0.336257
1.546272
0.539930
0.601639
0.223922
0.269827
0.763897
0.106168
0.020787
0.544091
0.082450
0.123103
0.957562
0.665077
0.429451
0.101599
0.011027
0.055575
1.887848
0.752171
0.102389
1.959540
1.386358
0.361342
1.223553
0.021878
0.062542
0.028958
0.025027
0.152617
0.671630
0.386527
0.122734
0.254883
0.136029
0.432156
0.847534
0.010702
0.734763
0.972924
0.576557
1.275435
0.039182
0.385040
0.535815
0.527411
0.638107
0.568722
0.707228
0.598642
0.305506
1.424633
0.566800
0.251021
0.305015
0.447734
0.287700
0.426944
0.521854
0.333099
0.907900
0.244581
0.012526
0.028261
0.771413
0.152537
0.502032
0.461453
0.167112
0.258404
0.307881
1.728169
0.196940
0.383014
0.352083
2.040653
0.103444
0.128342
0.543061
1.439702
1.290976
0.063733
1.085537
0.461282
0.361168
0.209740
0.107888
1.517269
1.243583
0.922386
0.288345
0.701511
0.129903
0.310866
0.828008
0.007568
0.647163
0.292339
0.480723
0.005038
0.936354
0.040297
1.919372
0.094285
0.474117
0.330784
0.084193
0.803383
0.619533
0.850364
0.679917
0.503545
1.383307
0.496102
0.135393
0.300292
1.785146
0.282206
0.258264
1.097795
0.159582
0.921497
0.514806
0.348621
0.181665
0.300700
0.363938
0.015519
1.125333
0.072355
0.020716
0.675394
0.119229
0.009624
1.219900
0.870721
0.349606
0.035101
0.489345
0.119998
1.082470
0.229033
0.942227
0.864023
2.862298
0.044584
0.160018
1.730278
0.363470
0.565500
0.973487
0.779986
0.365889
0.346723
0.172586
0.867474
1.519377
0.827656
0.962594
0.937929
1.438475
1.125647
0.443051
0.084713
1.225554
0.347136
1.970823
0.269634
0.420077
0.464158
0.497389
0.302201
1.792707
0.325314
0.161460
1.737048
0.414587
0.399082
1.387078
0.041802
0.128826
0.792111
1.020352
0.685372
0.174809
0.088347
0.421605
0.141943
1.769051
0.275671
0.049316
1.230352
0.191775
0.572324
0.036542
0.132220
0.100585
0.026205
0.523754
0.694314
0.533326
0.163824
0.114192
0.494587
0.708718
0.327108
0.454566
0.193756
0.015227
0.382562
0.256632
0.148618
0.199953
0.158400
0.001609
0.489960
0.284128
0.425352
1.027106
0.259109
2.858495
1.686744
0.192129
0.189367
0.521203
0.246756
0.396634
0.884865
0.290428
0.109591
0.433993
0.050697
0.323330
0.767131
0.644653
0.133204
0.153627
0.194057
0.404986
0.174446
0.970322
1.568531
0.401104
0.102901
0.129459
0.404701
0.832116
0.541765
0.068346
0.573592
0.034150
0.066464
0.522347
0.243119
0.289681
0.175201
0.744907
2.186217
0.066889
0.121142
0.101796
0.611101
0.186684
0.540011
0.336481
0.018398
1.123506
0.701904
0.221421
0.298387
0.025053
0.120514
0.260442
0.458813
0.255567
0.502722
0.084452
0.118399
0.175289
0.166459
1.118958
0.224504
0.261822
0.389919
0.686794
0.939922
0.907354
0.368433
0.900195
1.639452
0.666955
0.009576
0.550933
0.024670
0.568753
0.085723
0.044017
0.426268
1.214612
0.291753
0.011676
1.619111
0.533907
0.280259
0.411970
0.029040
0.032645
0.630641
0.155493
0.222303
4.514438
0.087531
0.637667
0.261721
0.605523
0.315054
0.147124
0.387427
2.248338
0.046976
0.348136
0.646236
0.057506
0.092749
0.742620
0.775646
0.197904
0.975337
0.224469
0.136402
0.178254
0.242884
0.111275
1.563194
0.840635
0.715281
0.006315
1.048058
0.324599
0.164131
0.134587
0.324484
0.290284
1.569254
1.081140
0.076887
0.275926
0.075322
0.572481
0.266342
0.130371
0.101256
0.074471
0.206369
0.217421
1.214827
0.067447
0.568931
0.734305
0.334602
1.252078
0.036091
1.030448
0.062657
0.013050
0.580014
1.054357
0.019532
0.414586
0.220138
0.191463
0.803671
0.896548
0.710561
0.705771
0.633799
1.156781
0.099440
0.977160
0.437161
0.449868
0.045981
0.726599
0.657832
0.277584
0.063242
0.515902
0.401720
0.800507
0.266699
0.020462
0.630384
0.329884
1.219541
0.898921
0.355442
0.457249
0.624050
0.396045
0.088889
0.035797
1.002128
1.641069
1.164705
0.488813
0.634140
0.485294
0.372103
1.146496
0.326463
0.057001
0.338991
0.418900
1.035428
0.126842
2.507532
2.462238
1.011342
0.394364
0.782810
0.165011
0.440554
0.354237
0.722217
0.345011
0.209237
0.159353
0.051414
0.028232
0.857437
0.150951
0.066189
0.577993
0.126184
0.013499
0.184844
1.421301
0.521746
0.897696
0.918678
0.068057
1.420915
0.202574
0.593060
0.845333
0.407301
0.582310
0.826008
0.276592
0.132984
0.457369
0.612047
0.855215
0.056575
0.317530
0.191104
0.297949
0.679355
0.268383
0.350420
0.413935
0.563434
0.494192
0.142692
1.146291
0.531323
0.407458
0.918549
0.179938
0.248183
0.572040
0.280616
0.202439
0.007356
0.066246
0.080405
0.424070
0.835786
1.571912
2.853002
0.023328
0.406259
0.606423
1.000487
0.544198
0.094822
0.100718
0.059491
1.237011
0.455413
0.478568
0.325788
0.159938
0.139745
0.649233
0.094828
1.142819
0.167299
0.006784
0.111902
0.562943
0.593657
0.497156
0.004307
0.618188
0.701440
0.085467
0.165193
0.417540
0.060522
0.162885
0.473047
0.554735
1.973270
0.323649
0.202865
0.083279
0.537915
0.295013
0.035845
0.148390
0.031840
0.396988
0.378102
0.182301
0.160796
0.607536
0.113963
0.409786
0.630780
0.259047
0.133949
0.265300
0.017486
0.139587
0.064664
0.776717
0.256009
0.257641
0.218974
0.361515
0.570806
1.696394
0.102275
0.541430
0.292529
0.365421
0.843159
0.053743
1.664673
1.076997
0.222133
0.013110
0.282761
1.100284
0.201289
0.613692
0.448944
0.383099
0.154842
0.185068
1.403123
0.347911
0.638465
1.823603
0.683103
0.923914
0.718616
0.078702
0.140578
0.062247
0.539938
1.300393
0.043564
0.933290
0.442347
0.373662
0.226157
0.257048
0.494806
0.198770
0.168394
2.170800
0.218406
0.632703
1.044722
0.578089
0.276533
0.316322
0.124575
0.587431
0.752931
0.087239
0.106890
0.345856
0.071959
1.385501
0.209049
1.133883
0.043347
0.441901
0.006802
0.680128
0.359311
0.050991
0.444281
0.052533
0.488181
1.524548
0.348271
0.144909
0.164687
0.774722
0.136288
0.503291
0.352113
0.060987
0.192719
1.331963
0.438107
0.388682
0.485722
0.224566
0.602801
0.840837
0.986998
0.899482
0.695831
0.113326
0.656497
0.899033
0.779357
0.682265
0.431121
0.179890
0.920851
0.091084
0.257003
0.312533
0.063427
1.169623
0.630050
0.255216
0.587585
1.550091
0.017450
0.109540
0.036171
0.218590
0.067949
0.529837
1.124660
0.690221
0.007683
0.451956
0.413305
1.045145
0.280663
0.188299
0.041229
0.087495
0.080196
1.015304
1.177113
0.647268
0.093716
0.686167
1.115197
0.425274
0.118659
0.005860
0.323532
1.313006
0.265017
0.091753
1.071052
0.295036
0.226589
1.522254
0.804365
0.338109
0.465463
0.592719
0.137216
0.485190
0.170826
0.810923
0.343990
0.634616
0.061805
0.429672
1.057997
0.153578
0.294668
0.767442
2.325051
0.478841
0.378582
1.072591
0.104767
0.677910
1.125017
0.547495
0.554176
0.182655
0.895209
0.402028
0.696623
0.110015
0.351468
0.401024
0.583931
0.058650
0.141167
1.322290
0.657905
0.383271
0.657324
0.130133
0.146740
0.940972
0.819210
0.071833
0.059488
0.144520
1.252606
0.054132
1.009595
0.298325
2.118983
0.028960
0.106356
1.060830
0.639585
0.988474
0.103012
0.404662
0.267217
1.389655
0.697862
1.255846
0.336191
0.291085
0.014998
0.664933
0.231240
0.716262
0.157952
0.053632
2.325472
0.372437
1.492071
0.795212
0.537978
0.031783
0.024164
0.430629
0.089681
1.229128
0.013540
0.081119
1.764928
0.123160
0.015192
0.589515
0.041602
0.121746
0.142021
0.340447
0.083637
3.925641
0.266114
0.515770
0.290736
0.291928
0.238236
0.833548
0.113796
0.524767
1.220444
0.107834
0.096250
0.991461
2.310581
0.898287
1.287992
0.019026
0.265093
0.046123
1.515717
0.288323
0.135825
1.278380
0.534355
0.155855
0.477084
0.666633
0.330747
0.990728
0.130826
0.507992
0.989318
0.514905
0.165292
0.180247
0.044515
0.540177
0.060448
0.170353
0.185839
0.013578
0.329595
0.332309
1.099669
0.320171
0.192584
0.838443
0.356905
0.656833
1.157141
0.309929
0.092796
0.074855
0.242598
0.874169
0.261152
3.625830
0.413136
1.107144
0.988163
0.786416
0.376154
0.642167
0.285880
0.830940
0.013086
0.367662
0.318141
0.075241
0.828740
0.759724
0.091059
0.172734
0.155098
0.028613
0.724083
0.441381
1.015001
0.160947
0.191017
0.734464
0.668189
0.333658
1.197731
0.064842
0.187604
0.189692
0.064439
1.040426
0.115642
2.018265
0.550888
0.664406
0.611249
0.054455
0.394198
0.657153
0.488868
0.008151
1.024150
0.283891
0.798106
0.019133
0.646093
0.033088
0.048896
0.336995
0.525476
1.632824
0.725265
1.719817
0.657742
0.349339
0.303338
0.511555
0.489596
0.729850
1.564544
0.683843
0.514828
0.088803
0.650325
0.185959
1.141082
0.283832
0.267028
0.292921
0.089857
0.019171
0.307661
0.018092
0.318227
0.148443
0.037944
0.109181
0.193497
0.090907
0.579969
1.775439
0.068524
0.300784
1.400281
0.982081
1.548394
0.250491
0.346825
0.432789
0.088224
0.304857
0.196148
0.816426
0.482770
0.026775
0.061207
0.364034
0.332079
0.376444
1.616014
0.524603
0.418061
0.272412
0.578103
0.019083
0.564938
0.710241
0.133033
3.066981
1.292778
1.263529
1.739027
0.027079
0.232730
1.194926
1.217736
0.197975
0.180070
0.266106
1.183037
0.311978
1.017001
0.131103
0.156540
0.335117
0.166192
0.242275
0.002793
0.730684
1.221052
1.692066
0.270527
0.326612
0.244001
0.054454
0.363953
0.032576
0.988768
0.694535
0.031421
0.771441
0.555544
0.015250
0.913029
0.021952
1.393523
0.695948
0.230949
0.137757
0.089618
0.161527
0.610386
0.016924
0.353332
1.821098
0.368750
0.779137
0.221452
0.374607
0.407750
0.157941
0.339973
1.853474
0.694124
1.058070
0.040950
0.155693
1.428681
1.408589
0.009215
0.001747
0.648157
0.584079
0.017051
0.416681
0.658411
1.786438
0.190492
0.053753
0.119600
0.327832
0.237402
1.248938
0.360962
1.080136
1.110713
0.018267
0.560746
0.143426
0.414069
0.131845
0.367225
0.029076
0.116115
0.157848
1.374415
0.168346
0.386407
1.054238
0.128155
0.406585
1.068810
1.524135
0.140923
1.236052
0.364878
1.899907
1.092480
0.900252
0.041448
0.052825
0.189670
0.305827
0.009083
0.885598
0.209468
1.201462
1.004012
0.008299
0.086537
0.280082
0.142675
0.568399
0.332161
0.303930
1.496606
0.273550
0.676154
0.334873
0.178303
1.712563
0.022871
0.100457
1.262951
0.171472
0.051354
0.288115
0.155951
2.104116
0.159258
0.213472
0.044628
0.443924
0.817499
0.054567
0.270926
0.079674
0.006510
0.167091
0.089420
0.094287
0.624068
0.265522
0.951957
0.110534
1.010567
0.806947
0.483414
0.469335
0.170577
1.260769
0.429373
0.203054
0.053615
0.342908
0.489194
0.111128
1.361391
1.112953
0.101926
0.116017
0.136910
0.157222
0.793690
0.022801
0.233560
0.120316
0.106521
0.243988
0.344523
0.219748
0.408214
0.118435
0.729750
0.262976
0.263176
0.504124
0.117796
0.014692
0.139853
0.345523
1.484251
0.858237
0.894015
0.025805
0.190354
0.305134
0.143568
0.144462
0.214488
0.284588
0.306254
0.443797
0.608384
0.146213
0.501105
0.040068
0.315010
0.870945
0.311010
1.681438
0.099499
0.010680
0.096956
1.479186
0.281184
0.440358
0.437621
0.510880
0.476568
0.877907
0.074823
0.414013
0.521402
1.782410
0.475169
1.664303
0.279739
0.993817
0.121091
0.751003
0.176191
0.559047
0.227595
0.000402
1.306241
3.287462
0.040503
0.250493
0.866979
0.389303
0.222699
0.001936
0.412869
0.383614
1.517879
2.428723
0.064608
0.383075
0.500202
0.665307
0.225049
0.737577
0.177463
0.005009
0.679251
1.216146
1.827256
0.094037
0.746151
0.104875
1.485649
0.037434
0.991380
0.188756
0.037867
0.777851
0.187740
0.081701
0.101074
0.073355
0.588348
0.390942
0.075598
0.146376
0.040691
0.048411
0.141196
0.111181
0.493738
1.053061
1.367142
2.298508
0.524265
0.133178
4.544040
0.249203
0.078911
1.825077
0.414997
1.270067
0.089101
0.359449
2.501231
0.012935
0.877655
0.034255
0.842340
0.075520
0.122290
3.000200
0.161926
1.196644
0.388242
0.269754
0.088645
0.481348
0.355908
0.262535
0.850537
0.073515
0.168980
0.698318
0.067710
1.376971
2.149073
0.067645
0.199363
0.071015
0.052986
1.116404
0.027518
0.153111
0.260004
0.023980
0.170762
0.132394
0.059980
0.054801
0.233259
0.200247
0.053421
0.524142
0.136352
0.512651
0.034368
0.256368
0.150181
0.428627
0.829395
0.040043
0.623104
0.050688
0.884611
0.913352
0.016639
0.846249
1.684764
0.224361
1.481593
0.034217
0.146736
0.000948
0.200180
0.539131
0.024975
0.482785
1.114872
0.088230
0.641949
0.154120
0.338419
0.869707
1.230924
0.655519
0.313388
1.985590
0.070554
0.645743
0.406893
1.417114
0.809998
0.156828
0.019185
0.499341
0.057305
0.036487
0.296720
0.038376
0.282756
0.252026
0.075426
0.579595
0.253597
0.317387
0.212380
0.295783
0.046705
0.136244
0.468639
0.836252
0.350367
0.052728
0.506126
0.271074
0.887585
0.053953
0.255122
1.637072
0.878467
1.567199
1.168521
0.496488
0.127900
1.415367
0.151339
0.203225
0.005735
0.616767
0.262015
0.292897
0.055276
0.396920
0.069399
0.349058
0.009001
0.322816
1.488141
0.056595
0.626209
0.407460
1.258157
0.122929
0.535612
0.405789
0.505944
0.334673
0.536666
0.018394
0.299016
0.332338
2.452689
0.218087
0.061133
0.123140
0.174442
0.236003
0.401801
0.182591
0.044409
1.611402
0.691680
0.105144
0.354691
1.055410
0.589034
0.373160
0.218889
0.512419
0.501076
0.035596
0.110617
0.401653
0.168915
0.968560
0.057144
1.282964
0.210674
0.726496
1.600414
0.789806
0.144969
1.516871
0.079755
0.228466
0.093262
0.291666
0.679392
0.640874
0.688952
0.880176
0.573804
0.343741
0.008911
0.105766
0.235819
0.618579
0.630357
0.655689
0.216113
0.214976
0.802895
0.398596
1.159428
0.044936
0.259840
0.004829
0.004573
0.691405
0.747481
1.726925
0.391615
0.013908
1.264374
0.586418
0.250611
0.047377
0.071056
0.073808
0.837926
1.061673
1.679822
0.342051
0.237029
2.034845
0.579362
0.700296
0.589981
0.257636
0.330921
0.022314
0.697408
0.166597
0.449538
0.530276
0.230480
3.201594
0.544352
0.237751
0.688115
0.289098
0.212938
0.171628
0.314170
0.155335
1.983110
0.985681
0.221153
0.060254
3.099823
0.093345
2.549740
1.651431
0.547941
0.232153
1.460679
0.216831
0.066753
0.509230
0.702291
0.469624
0.573632
0.353270
1.114886
0.161171
0.087407
0.151749
0.160029
0.867883
0.511098
0.010798
0.152465
2.171365
0.186916
0.653462
0.146544
0.173336
0.445898
0.472719
0.260854
0.443428
0.761147
0.255741
0.400671
0.296691
0.738816
0.343993
0.803254
1.135544
0.073243
0.403655
0.352487
0.853960
0.031255
0.254019
0.049528
0.124861
0.539544
0.229592
0.022874
0.178545
0.246793
0.183755
0.169340
0.604450
0.018795
0.389715
2.595872
0.493052
0.082923
0.256190
0.121051
1.363713
0.808044
0.726854
0.240761
0.425659
0.153066
0.100184
0.317391
0.255391
0.664984
1.861255
0.123418
0.795087
0.234324
0.187739
0.008620
0.017423
0.571659
0.031902
0.203636
0.036719
0.230505
0.486200
0.739822
0.260645
0.089060
0.727755
0.016891
0.189885
0.091751
0.142671
0.144238
1.736501
0.007324
0.500859
0.390579
0.163040
0.841872
0.006073
0.566952
0.399073
2.207274
1.136302
0.212283
0.224749
0.117858
0.225524
0.252338
1.109285
0.276563
0.656216
1.635640
0.790437
0.217443
0.662738
0.111853
0.362649
0.347617
0.133071
0.891305
0.552354
0.328805
0.042995
0.507598
0.343039
0.627893
0.099100
0.745174
0.376948
0.106514
0.301590
0.041314
0.099083
0.215305
0.276913
0.390245
0.410357
0.776278
1.391257
0.299936
0.119855
0.552747
0.266502
0.003688
0.010925
0.079782
0.116470
0.385482
0.522810
0.291222
0.230411
0.190790
1.284451
0.300404
1.549298
0.272220
0.091228
0.072328
0.108170
0.595774
0.197669
0.521310
0.747065
0.352928
2.968146
0.112078
0.024665
0.407365
2.259674
2.143363
0.004197
0.112979
0.532399
0.273676
0.117606
0.564767
0.420828
0.270124
0.120558
0.122650
0.979018
0.437916
0.382589
0.762193
0.017874
0.336316
0.112873
0.112758
0.489505
0.252603
1.142099
1.506587
0.022545
0.559970
0.305488
0.021165
1.037768
0.351914
0.456508
0.996136
0.338206
0.467033
0.034066
0.079360
0.014492
0.161109
0.867446
0.455119
0.590220
0.019282
0.843974
0.401170
0.485526
0.215276
0.203208
0.534185
0.914688
0.383984
0.977115
0.311627
1.349027
0.706259
0.267788
1.880775
0.281210
1.027263
0.009183
0.181693
0.236731
0.479713
0.092140
1.015211
0.126759
0.133391
0.007803
0.145512
0.356288
0.913377
0.948806
0.113122
1.047362
0.547074
0.701615
0.344788
0.007570
0.046148
0.083998
0.963830
0.489363
0.006527
0.191594
0.406951
0.733623
0.660221
0.381384
0.111329
0.464219
0.401286
0.350886
2.008341
0.092390
0.558273
0.950923
0.249323
1.186244
1.005672
0.518029
0.269246
0.610825
0.341820
0.482279
0.436319
0.087414
0.233442
0.041888
0.096443
0.309217
0.133944
0.015197
0.044647
0.142493
0.214048
0.514026
0.008785
0.042362
0.096746
0.122329
0.579282
0.650515
0.638850
0.551387
1.133906
0.250367
0.365692
0.170618
0.178813
0.243025
1.361011
0.631220
0.047268
0.280605
0.204651
0.557917
0.445653
0.617101
0.698620
0.724734
0.093252
2.200205
0.792961
0.147567
0.134400
0.077446
1.140728
0.145925
0.127270
0.038326
0.317579
1.208380
0.808575
0.106269
0.432372
0.598661
0.440202
0.051348
2.175525
1.085997
0.329419
1.271469
0.462019
0.425197
0.216043
1.398220
0.140593
1.412801
0.521929
3.067178
0.612142
0.852016
2.118897
0.347848
0.038235
0.125042
0.517488
1.778646
0.321592
1.018159
0.023164
1.445972
0.757704
0.938033
0.073092
0.222458
0.393516
0.638964
0.305066
0.379551
0.467528
1.400646
0.301907
0.118192
0.358743
0.815139
0.080963
0.707622
0.682955
0.798267
0.703180
0.299722
0.477846
0.674552
1.519907
0.584099
1.632345
0.454312
0.540225
0.286506
0.314066
0.611797
0.239588
0.141642
0.402193
0.363568
0.465469
0.051262
0.135967
0.032289
0.496258
0.933881
0.000903
0.043125
0.028843
0.360596
1.089122
0.115053
0.158014
0.499309
0.001479
0.013135
0.043049
0.481700
0.727190
0.017633
0.183709
0.651429
0.499256
1.721601
0.089815
0.051562
0.560225
0.393869
0.211315
0.128418
0.031916
1.502848
0.195743
0.178289
0.006559
1.532067
0.078598
0.007475
0.018301
0.112521
0.376093
1.280035
0.261338
0.803786
0.404068
0.263834
0.873070
0.506411
0.014420
0.448255
0.556546
0.204667
0.193019
0.180507
0.181164
0.331480
0.256260
1.904118
0.015128
0.684611
0.114277
0.048057
0.595678
0.375670
0.248439
0.617600
0.328477
0.385052
0.643789
0.364400
0.670761
0.145662
0.290100
0.078690
0.026887
2.603825
0.405561
1.051487
0.498930
0.438617
0.317360
0.180335
1.262716
0.780731
0.465476
0.126751
0.160686
0.003431
0.112657
0.181670
0.698239
0.260482
0.252331
0.297760
1.361466
0.775262
0.085957
0.268833
0.196446
1.068574
1.354545
0.032777
0.072360
0.233896
0.117274
0.103567
0.229545
0.723473
0.033602
3.775054
0.214454
0.382765
0.179958
0.156505
0.196583
1.193453
0.339306
0.458058
1.232105
0.592761
1.174735
0.550493
0.052939
0.178960
0.061751
0.017702
0.046460
0.160191
0.299531
0.266905
0.084883
0.242316
0.324167
0.171861
0.708773
0.579429
0.325008
0.067242
0.299708
0.391491
0.066941
0.803841
0.040535
0.278934
0.035429
0.257881
0.204480
0.411724
0.001444
0.144230
0.147520
1.190082
1.250760
0.220000
0.116809
0.017410
0.247762
0.176249
0.184337
0.920754
0.620151
0.312265
0.127768
0.103996
0.703984
2.042904
1.035509
0.132844
0.057719
0.196381
0.748682
0.133503
0.066457
0.962595
0.542213
0.107132
0.148601
3.008423
0.701109
0.150546
0.142606
0.004746
0.091634
0.090872
0.227389
0.235635
0.111825
0.705621
0.558685
0.355406
0.455131
0.241901
1.810452
0.866028
0.423559
0.652084
0.820645
0.294658
1.634085
1.234286
0.735064
0.670097
0.081039
1.124821
0.448682
0.834407
0.045744
0.946774
0.827983
0.920612
0.057960
0.029471
0.951315
0.162110
0.126430
0.121824
0.528783
0.275675
1.794894
0.196937
1.348432
0.421959
0.617432
1.181300
0.249660
0.164583
0.503144
0.111152
0.646895
0.453604
0.060870
0.342465
0.203650
0.153431
0.247507
1.308049
0.039401
0.324915
0.748894
1.080843
0.192274
1.085033
1.424579
0.093205
0.088810
0.090479
0.244127
0.844888
0.445017
0.222128
0.075993
0.369011
1.320260
0.948979
0.279104
0.194107
0.069977
0.032106
0.368090
0.970268
0.537268
0.504864
0.217124
2.488051
1.150939
0.678729
1.262936
1.858766
0.124584
0.596001
0.985116
0.388040
0.436397
0.811470
0.618696
0.683160
1.724334
0.050553
0.410939
0.407737
0.303357
0.604317
0.041426
0.241878
0.400947
0.353906
0.610847
0.573046
0.421372
0.128305
0.386633
0.129396
0.990293
1.107034
0.124946
0.717618
0.501783
0.076067
0.669032
0.962011
0.908581
0.455928
0.250252
0.272132
0.256167
0.054704
0.089974
0.230317
0.111445
0.645642
1.306509
0.531610
0.277979
0.003109
0.019472
1.908326
0.360237
0.680243
0.539585
0.043297
1.749854
0.110709
0.186232
0.891317
0.046806
0.379730
0.450389
0.641497
0.559214
0.201280
0.429926
0.357411
1.326894
1.762535
1.332868
0.200627
0.038540
0.049987
0.601382
0.160090
0.858014
0.492184
1.320008
0.141645
0.500548
1.703120
0.127251
0.078913
0.619452
1.080628
0.130002
0.569861
0.043563
0.388175
0.358615
0.094856
0.037361
0.055826
1.129744
0.683649
0.287271
0.319682
0.147808
0.228369
0.292525
0.103130
0.597298
0.363980
0.165307
0.252763
0.782923
0.053647
0.011704
0.635998
0.214191
0.533062
0.580078
0.425643
0.808888
0.252804
0.306202
0.015545
0.040038
0.389780
0.422602
0.444400
0.626222
0.514350
0.592895
0.470536
0.245294
0.070513
0.042867
0.515935
0.344763
0.372309
0.886091
0.108680
0.021554
0.059141
0.448454
0.895719
0.119950
0.477655
0.402608
0.412460
0.158017
0.136937
0.072435
0.037700
0.505895
0.449248
0.054483
0.624810
0.072057
0.560076
0.179938
0.943274
0.190117
2.861851
0.306426
0.608752
0.068635
0.388655
0.213619
0.492353
0.033842
0.097843
0.862455
0.056940
0.170742
0.267202
1.414384
0.349159
0.014863
0.340533
0.033235
0.178519
0.661180
0.111055
0.233310
0.230960
0.785089
0.323247
0.043495
1.303216
0.081195
0.243514
0.744958
0.313857
0.240862
0.132507
0.093298
0.357234
0.741764
0.364816
0.073670
0.911957
0.594778
1.594778
1.461630
2.097500
0.233238
1.090876
0.334235
0.257150
0.239889
0.401277
0.605894
0.060843
0.695131
0.039098
0.331310
0.391516
0.400743
0.419449
0.316670
0.604039
1.532694
0.139720
0.091612
0.204471
0.323702
0.205973
0.936035
0.143682
0.967421
2.043010
0.046260
0.400585
1.423690
0.017612
0.384071
0.189019
1.274032
0.011959
0.630936
0.180375
0.428364
0.271685
0.270144
0.197590
0.341033
1.160988
1.017894
0.023424
0.317188
0.206703
0.687176
0.275042
0.436615
1.229121
0.710952
0.030405
0.145212
0.464360
0.184633
0.056924
0.443530
0.253025
0.537649
0.377659
0.282587
0.108413
0.931954
0.218095
0.123311
0.412552
0.534068
0.789974
1.982261
0.038317
0.064175
0.322609
1.858466
2.296485
0.368256
0.294777
0.199109
0.156135
1.014466
1.208907
0.100832
0.493450
1.751299
0.285186
0.132120
0.163308
0.390762
0.858360
0.563147
0.112257
0.215764
0.056868
0.252111
0.108716
0.309030
0.476721
0.707819
0.062420
0.262633
0.670187
0.106061
0.376509
0.120211
0.091256
0.365876
0.663869
0.473699
0.940028
0.001572
0.327709
0.710033
0.102756
0.057170
0.651313
0.484391
0.207952
0.003423
0.088814
0.087535
0.573781
0.226154
0.357784
0.780553
0.713280
0.612945
0.144580
0.234566
0.311562
0.229805
0.764060
0.112814
0.410040
0.187066
0.268662
0.648097
0.889070
0.081620
0.206759
0.567326
0.083472
0.855889
0.287032
0.207396
1.312089
0.090133
1.609155
0.155821
0.094235
0.065467
0.279621
0.963324
0.333316
1.402087
0.517059
0.141468
0.519154
1.129608
0.484959
0.058087
0.153288
0.258709
0.186740
0.867616
0.629490
0.649793
0.399331
0.396047
1.051739
1.097986
0.127814
0.016118
0.615852
0.542856
0.232006
0.504897
0.878070
0.201151
1.168912
3.486963
0.302518
0.201599
0.960121
1.410977
0.158222
0.344467
0.103476
1.245729
0.249989
0.824683
0.013630
0.535733
0.118983
0.206665
0.328056
1.314346
0.034092
0.015851
0.322113
1.440137
1.262578
0.602823
1.856627
0.494645
0.225367
0.212971
0.153171
0.105441
0.566707
0.091557
0.104863
0.070789
0.345722
0.021779
0.037644
0.735734
0.388821
0.150191
0.581771
1.358808
0.034832
0.626780
0.447585
0.163603
0.027265
0.037683
0.115898
0.063339
0.054796
0.572573
0.032463
0.012021
0.240896
0.019612
0.527654
0.683569
0.243319
1.237160
1.368959
0.032738
0.043382
0.066474
0.108700
0.436442
0.091428
0.155929
0.217447
0.614856
0.374732
0.020562
0.513041
0.451531
0.702847
0.132669
1.034698
0.824800
0.182390
0.042033
1.307658
0.263352
0.718693
2.288690
0.283880
0.078196
0.014294
0.044482
1.103372
0.266786
0.000451
0.872161
0.323965
0.043874
1.495134
0.557774
0.548702
0.062123
1.408198
0.009556
0.869948
0.315142
0.030523
0.313729
0.032127
0.841067
0.600499
1.374207
0.486294
0.002384
0.008370
0.397869
0.267395
0.754915
0.386604
0.940015
1.287389
0.418108
1.348077
0.840389
1.959703
1.354799
0.509449
0.305341
0.008799
0.444257
0.069220
0.575545
0.611360
0.035996
0.606404
0.377547
0.385037
0.717446
2.771627
0.457214
0.428872
0.594038
0.383101
0.110186
0.601902
0.401286
0.686257
0.060608
0.200894
0.167737
1.629482
0.146989
0.954104
1.122665
0.035468
0.891305
0.878806
0.614621
0.170416
0.932128
0.175645
0.270732
0.376127
0.000897
0.334293
0.131550
0.379456
0.012448
2.495034
0.375294
0.488875
0.420913
0.126224
0.086622
0.728050
1.282319
0.620480
0.360143
0.018960
0.021334
0.800705
3.355326
0.175828
0.524971
1.116947
0.227031
0.328739
0.637257
0.037600
0.736285
0.416690
0.229957
0.104601
0.049423
0.231378
0.564025
0.196858
1.162816
0.603531
0.191839
0.281225
0.196350
1.093408
0.529637
0.330666
0.531501
0.429419
0.108289
0.091943
0.475384
0.134922
1.695985
0.473811
0.380692
0.479077
0.351829
1.141083
0.051705
0.127873
1.759647
1.015928
0.782909
0.207032
0.029704
1.082288
0.618068
0.662155
0.118276
0.473084
0.285411
0.376772
0.021434
0.712949
0.269811
0.594141
0.139556
0.037153
0.158454
0.288371
0.136944
1.082098
0.561622
0.115298
0.344076
0.116444
0.863943
0.001364
0.055854
1.266527
0.129635
0.039562
0.779115
0.009830
0.268171
0.939211
1.175201
0.066544
0.435160
0.061267
0.666634
0.008126
0.517297
0.753324
0.747672
0.031822
0.320851
0.009781
0.071516
0.683650
0.305920
0.233290
0.497618
0.071026
0.432320
0.068402
0.207895
0.256362
0.069966
0.295183
0.194099
0.222338
0.369020
0.058949
0.237758
1.382834
1.589613
0.166413
0.031831
0.387791
0.254106
0.799899
0.405612
0.022007
0.429496
0.201370
0.055309
0.025655
0.216074
0.135900
0.792913
0.826525
0.471895
0.277202
1.414765
0.105143
0.403096
0.165045
0.446757
0.576051
0.649173
1.218093
0.021974
0.143153
0.012003
0.273600
0.102918
2.011518
0.609607
0.142317
0.368723
0.054332
0.023427
0.040254
0.078928
0.486675
0.262856
0.144339
0.557676
0.713044
0.335439
0.315013
0.419998
0.052453
1.117495
0.355908
0.170709
0.295703
0.781250
1.060226
0.069907
0.364290
0.786381
0.095263
0.727015
0.847084
0.451821
1.522528
0.800610
0.177942
0.111645
0.192843
0.257429
0.141109
0.253224
0.397525
1.012763
0.820550
0.802695
0.388564
0.417339
0.169789
0.003864
0.072093
0.245119
1.154827
0.515741
0.564677
0.213209
0.284501
0.406845
0.324695
1.511199
0.214860
0.526502
0.632373
0.090496
0.141195
0.554476
1.660825
0.394243
1.020928
0.166983
1.477117
0.061707
0.571736
0.342910
2.073196
0.334249
0.175142
0.371646
0.027497
0.437863
0.379806
0.103994
1.769553
0.283572
0.889828
0.521663
0.757093
0.154088
0.114392
0.148966
0.122011
0.403503
1.197132
1.360707
0.635351
0.084080
0.463567
0.574856
0.602400
0.321727
1.708580
0.522246
0.446567
0.522750
0.078007
0.427607
0.073095
0.289877
0.052270
0.105061
0.011841
0.499041
0.236843
2.589417
0.033215
0.116977
0.513729
0.929859
0.321051
0.937298
0.053755
0.586147
0.255739
0.005375
0.489832
0.063779
0.090445
0.129953
0.812350
1.003918
0.607689
0.735325
0.360620
0.174092
0.271251
0.536915
1.015665
0.404519
0.051718
1.722591
0.681736
0.064867
0.457540
0.064784
0.061670
0.545004
0.200334
0.709659
0.354709
0.814672
0.464060
0.470806
0.340892
0.002554
0.484706
0.063263
0.066682
0.771279
0.213645
1.314726
0.527615
0.026241
0.598840
0.090604
0.211682
0.062110
0.868753
0.120398
0.556652
1.277502
0.100507
0.268719
0.022488
0.760747
0.385320
0.087187
0.294755
1.010246
1.251357
1.533832
0.556384
0.369953
0.414451
0.090544
0.375322
0.101772
0.167378
0.528913
1.758847
0.500126
0.434551
0.486722
0.574965
0.163404
0.775486
0.014457
0.251753
0.473375
0.138865
0.034739
0.382115
0.276343
0.329737
0.431716
0.115469
0.010183
0.670286
0.527220
1.092709
0.534199
0.464539
0.409266
0.098788
0.092295
0.644692
0.614167
0.217488
0.004544
0.223152
0.195081
0.512579
1.412425
1.452691
0.196226
0.123885
0.660685
0.217782
0.477324
0.211736
0.452674
0.573123
1.058210
0.010202
0.090191
0.306083
0.128355
0.102412
0.109158
1.051951
0.037781
0.957203
0.329956
0.499428
0.016186
0.527284
0.220229
0.671759
0.002193
0.227306
0.052172
0.198324
0.003294
0.020289
0.159209
0.201110
0.150031
0.002975
0.576429
1.036847
0.216286
0.164159
0.406475
0.131137
0.178382
0.639171
0.583219
0.373771
1.186021
1.079912
0.259169
1.943371
0.668229
1.092819
0.472329
0.732839
0.387451
1.712426
0.354793
0.392224
0.202296
0.467274
1.024197
0.207241
0.520648
0.077602
0.555064
1.183457
0.081078
0.219059
0.758224
0.347428
0.503404
0.205462
0.657553
1.364224
0.030121
0.272432
0.309159
1.678683
0.181731
1.003620
1.447139
0.021433
0.699659
0.405795
0.833105
0.172999
0.370428
0.192236
0.904294
0.969130
1.304739
0.614086
0.108682
0.425990
0.951678
1.004384
0.326637
0.000312
0.124613
0.150668
0.348054
0.966248
0.454574
0.132656
0.780069
0.532970
0.529378
0.144537
0.484805
1.583225
0.062036
0.416699
4.274937
1.019798
0.064644
0.832593
0.088610
0.517217
0.069651
3.257665
0.347192
0.029059
0.611565
0.595333
0.496980
0.406669
0.412571
0.058016
0.407374
0.762604
0.230798
0.030261
0.507556
1.703447
0.172486
0.278898
0.487029
1.449056
0.567494
0.139342
1.165080
0.793002
0.826828
1.164086
0.547076
1.329127
0.624783
0.878914
0.427248
0.927048
0.874639
0.039046
1.150629
0.379422
0.737239
0.377255
0.046287
0.202429
0.509871
0.518758
0.061283
0.004538
0.609363
0.699166
1.862596
2.780339
0.099544
0.456079
1.415335
0.979838
0.921204
0.928138
0.531170
0.525219
0.685748
0.192486
0.433923
0.307763
0.079563
0.084001
0.180520
1.809894
0.130532
0.113398
0.351603
0.000435
0.659646
0.449989
0.203081
0.232598
0.136619
0.298148
0.239844
1.436595
0.112913
0.220739
1.403677
0.241172
1.553422
1.062898
0.138378
0.796838
0.644418
1.132233
0.296233
0.318082
0.121446
0.013780
1.331955
0.225301
0.100343
0.132878
0.204712
0.265173
0.286607
0.919336
0.265912
0.092542
0.284928
0.685735
0.389301
0.559634
0.108716
1.275367
0.479812
0.253384
0.163482
0.406640
0.757576
0.133383
0.287470
0.011116
0.015730
0.088171
1.251131
0.325052
0.500313
0.071788
0.351793
0.413540
0.343086
0.580812
0.794938
0.893290
0.051915
0.132203
0.559570
0.357787
0.256500
0.057051
0.148768
1.425868
0.760060
0.301445
0.998403
0.253979
0.949670
0.077230
1.549170
0.497880
0.236821
0.248903
0.528558
0.262328
0.403501
0.422735
1.086875
0.102994
0.609356
0.248331
0.690817
0.112128
0.040857
0.393599
0.016963
0.097451
0.750785
0.613445
0.582654
0.098326
0.842700
1.455032
0.064360
0.453101
0.253998
2.100221
2.576790
0.142930
0.068559
1.488920
1.056769
0.352006
0.208694
0.379359
1.224640
1.127090
0.054003
0.804454
0.042342
0.821931
0.106186
0.886066
0.003843
0.157219
0.234931
0.020940
0.296095
0.082515
0.688790
0.072547
0.200727
0.413273
0.042010
0.300223
0.086217
0.325894
0.286745
0.082795
0.650093
0.415719
0.053628
0.466603
0.036275
0.292540
0.074507
2.056008
0.206229
0.137759
0.765127
0.271654
0.024379
1.841558
0.143312
0.028416
0.140291
0.489239
0.050608
0.588084
0.748609
0.929185
0.876077
0.056530
0.260872
1.188582
0.408603
0.416091
0.243940
2.627680
0.632053
0.060289
0.409761
0.855217
0.637021
0.496234
0.152008
0.978592
0.474619
0.458308
0.052439
0.252491
0.009748
0.079589
0.232082
0.156338
0.113075
0.478550
1.115735
0.177384
0.183750
0.552634
0.077005
0.072014
0.747564
0.398424
0.021101
0.203320
0.060606
0.278780
0.199416
0.890890
0.389339
1.095766
0.526162
0.151424
0.364484
1.221071
0.063936
0.069952
0.359906
0.123974
0.374374
0.380138
0.228448
1.143264
0.807162
0.421005
0.361161
0.591439
1.011792
0.862741
0.225086
0.005306
1.562344
0.074402
0.410272
2.970827
0.319687
0.560370
0.276491
0.807915
0.352229
1.687126
0.584832
0.085096
0.128767
0.116043
0.036029
0.213149
0.206004
0.436950
0.418137
1.000215
0.061164
1.354768
0.720068
1.239161
0.349169
0.162506
0.470446
0.231341
0.052344
1.791402
0.239796
0.028520
0.058528
1.413178
0.027131
0.437145
0.476910
0.324645
0.242349
0.064119
0.292900
0.038249
0.162072
0.554916
0.164786
0.212613
0.008809
0.481756
1.322937
0.438706
0.330023
0.022602
0.364464
0.141365
1.613384
0.010184
0.370914
0.422026
0.247616
0.487956
0.390702
0.738183
0.567526
0.528785
0.622928
0.657285
0.134295
0.198034
0.117225
0.483345
0.296556
0.528257
0.590953
0.644129
0.194835
1.826268
0.036623
0.207897
0.448887
4.029322
1.290661
0.039358
0.022437
0.291609
0.194285
0.002103
0.310007
0.934531
0.426929
0.957415
0.316387
0.061914
0.489305
0.079778
0.733037
0.205092
1.055522
0.002363
0.544595
0.045993
0.489581
0.058776
0.673955
0.191129
0.901377
0.032502
0.172483
1.181076
0.258020
1.078289
1.179400
0.198337
1.609143
1.491390
0.733422
0.165608
1.534631
0.131599
0.068300
0.375151
0.043893
0.453870
0.516756
0.615862
0.681373
0.266718
0.022856
0.487664
0.270753
0.615834
0.620344
0.021716
0.854908
0.299857
0.223287
0.531029
0.360741
0.527689
0.410535
1.245000
0.384171
0.313217
0.140212
0.342783
0.267947
0.006991
0.752865
0.229748
0.140714
1.181309
1.132520
0.199746
0.348971
0.388719
0.019137
0.141470
1.537744
0.042906
1.017679
0.232577
0.781343
0.433966
0.267614
0.470200
0.015855
0.745045
0.153116
0.393929
0.278074
0.868136
0.310201
1.645793
0.170773
0.613465
0.307168
0.609008
0.637723
0.135344
0.037675
1.690533
0.077142
1.732962
0.175011
0.518330
0.355833
0.202391
1.111876
0.310885
0.268167
0.715989
0.900810
0.115045
0.208778
0.143463
0.843881
0.233052
0.012188
0.041067
1.248932
0.299525
1.164855
0.239027
0.266768
0.106600
0.045411
1.029712
1.132592
0.823865
0.058052
1.733202
0.742511
0.145570
1.386509
0.035657
1.141157
0.295928
0.256839
0.779729
1.202355
0.848642
0.400270
0.682613
0.011306
1.114012
2.567217
0.908308
0.153818
0.009179
1.240121
0.100787
0.316362
0.854499
0.413416
1.069935
0.005510
0.524037
0.702845
1.188374
0.305232
0.999096
1.043409
0.130945
0.062220
0.839516
0.177791
0.007537
0.150652
0.603560
0.816637
0.093077
0.364659
0.219737
1.229806
0.388395
0.142432
1.196482
0.237042
0.359438
1.307496
0.173944
0.594142
0.251833
0.059829
0.149084
0.162878
0.066043
1.188715
0.016686
0.015684
0.226367
1.137683
1.186508
0.451337
0.007176
0.636923
1.120981
0.014823
1.965932
0.451555
0.897647
0.081405
0.059648
0.105080
0.033487
0.528603
0.287620
1.813820
0.015292
1.499167
1.152558
0.195739
0.518363
0.175447
0.286987
1.167606
0.426612
0.411004
0.831475
0.466695
0.447428
0.095903
0.350612
0.344712
0.732776
0.365188
0.123194
0.543539
0.396464
0.110806
0.148861
0.240151
0.214640
0.230976
0.423090
0.267048
0.011390
0.004207
0.244877
0.027039
1.591142
0.169470
0.236271
0.463039
0.437835
0.839134
0.353730
0.085618
0.234007
0.191016
0.722299
1.677475
0.338696
0.156111
0.311087
0.151303
0.771950
0.572231
1.287918
0.203185
1.061711
0.100081
0.628229
0.130293
0.400756
0.168639
0.515292
0.426508
0.174544
0.015448
0.492438
0.145964
0.191289
0.001552
0.972711
1.157920
0.847505
0.226419
0.030244
0.105458
0.572389
0.865390
0.084355
0.095438
0.047725
0.481783
0.285355
1.049777
0.178391
0.222196
0.118764
0.099502
0.388469
1.307035
0.263692
0.048001
0.119797
0.027257
0.547425
0.354355
0.043585
0.172602
0.715435
0.256563
0.174796
0.481131
0.180266
0.059069
2.012888
0.224231
0.179471
0.545107
0.101820
0.305168
0.908912
0.160984
0.039144
0.159069
0.082890
0.235303
0.498862
0.226430
0.405773
0.094051
0.171920
1.686043
0.152589
0.350600
0.009457
1.318456
0.005900
0.053913
0.124450
0.740589
0.350181
0.362182
0.247642
0.820695
0.492812
0.233207
0.091769
1.318181
0.018648
0.216873
0.243237
1.036650
0.493360
0.308567
0.079338
0.756997
0.903600
0.752560
0.077838
0.248557
1.492688
0.285571
0.221115
0.119438
1.399510
0.235910
0.075938
1.506559
0.325380
0.224120
0.642758
2.007150
1.046223
0.060573
0.776136
0.349994
0.333591
1.560797
0.282630
0.370598
0.183966
0.849127
0.253488
1.366980
0.162525
0.393084
0.627649
0.060178
0.194615
0.980108
0.351711
0.158659
0.174277
0.992099
0.331201
0.132910
0.136327
0.490807
0.101845
0.631144
2.154105
1.191771
0.600221
0.994462
0.011057
0.333908
0.228300
0.355370
0.292672
0.800620
0.016352
0.694994
0.477712
0.280938
0.579118
1.116805
1.830126
0.256221
0.003137
0.175983
0.150648
0.358070
0.420357
0.404205
0.234102
0.027221
0.775246
0.474044
0.567038
1.790294
0.199875
0.546548
1.059788
0.014432
0.375367
1.160318
0.362447
1.124742
0.264247
1.593562
0.590291
0.292311
0.618302
0.184266
1.029993
0.251753
0.112266
0.938065
0.796195
0.116196
0.077459
0.029187
0.634220
0.622591
0.472263
0.048589
0.724292
0.254574
0.610599
0.292934
0.231918
0.017625
0.057257
0.144542
0.032583
0.505549
0.082932
0.432219
0.378286
0.414308
0.385469
0.126561
0.003024
0.141880
0.379513
1.054228
0.514512
0.660231
0.646207
0.289200
1.409650
1.015924
0.342498
0.538057
0.434964
0.056609
0.696532
0.212412
0.352647
0.305148
0.779120
1.048476
0.338092
1.139896
0.068609
0.404317
0.381651
0.164988
0.071500
0.033392
0.930255
0.555342
0.170000
0.950019
1.248805
0.857699
0.652840
0.410903
0.402706
0.302939
3.873601
0.340064
0.195272
0.342070
0.082750
1.173424
0.461305
1.172836
0.144138
0.057457
0.223947
0.020379
2.124661
0.956874
1.387364
0.060489
0.261286
0.318865
0.251268
0.388539
0.384056
0.136832
0.118443
0.869607
0.047073
0.068848
0.517044
0.854247
0.583981
0.110040
0.159597
0.583287
0.587197
0.453885
0.101697
0.927428
0.347482
0.772208
0.688651
0.695860
1.127469
0.057576
0.783410
1.063669
1.625214
0.652681
2.628809
0.229630
0.111843
0.246983
1.195719
0.666939
0.496061
0.063587
0.411500
0.634808
0.142548
0.114919
0.386011
1.382764
0.257821
0.833503
0.491249
0.049290
0.261927
0.829494
1.385509
1.196655
0.453458
0.577819
0.539443
0.338000
0.789727
0.300118
0.232765
0.703564
0.099374
0.228635
0.065855
0.239565
0.706912
0.016213
0.062342
0.243880
0.082040
0.566776
0.055499
0.254900
1.074718
0.514985
0.205069
0.168670
0.302725
1.635955
0.239188
0.990022
0.738624
0.191079
0.736166
0.229407
0.001380
0.281618
0.980630
0.796458
1.068339
0.131668
0.401283
0.032108
0.456283
0.562314
0.292483
0.219482
0.614019
0.410604
0.676034
0.977586
0.136044
0.936558
0.149098
0.064862
0.336024
0.451052
0.262121
1.436838
0.406361
0.776072
0.818522
0.198812
0.055924
0.429077
0.595450
0.057467
0.003357
0.405258
1.178220
1.097517
0.772970
0.305384
1.506364
0.243389
0.070950
0.250205
0.674870
0.914500
1.537581
0.328878
0.598475
0.106615
0.199004
1.558720
0.188215
0.851000
0.399270
0.639507
0.716045
0.056229
0.356568
0.418089
0.284979
0.478184
0.076979
0.069921
0.644201
0.080897
0.578983
0.496494
0.019386
0.320054
0.045289
2.249130
0.976529
0.123520
0.241111
0.456713
0.030043
0.205044
0.042148
0.705708
0.375852
0.263125
0.622279
0.922992
0.128651
0.151869
0.414848
2.213743
0.229680
0.038286
0.404495
0.811675
0.584668
0.597646
1.353526
0.266975
0.937901
0.482665
0.022105
1.080530
0.048204
0.069542
1.034424
1.498534
0.214420
0.148031
0.398054
0.261324
0.449061
0.496801
0.089118
0.064544
0.019860
1.040467
1.651589
0.154492
0.073747
0.374385
0.146423
0.352048
0.459103
0.826577
0.184235
0.171381
0.352548
0.138189
0.608544
0.217478
0.985264
0.687492
0.135579
1.523758
1.047792
0.058926
1.164414
0.127922
0.228983
0.300292
0.500910
1.610655
0.042381
0.794925
0.042344
0.064037
0.556199
0.022726
0.243895
0.826076
0.423717
0.510660
0.188299
0.094524
0.297498
0.486451
0.310362
1.543648
0.995680
0.090973
0.183422
0.643871
1.223865
0.393274
0.564480
0.781544
0.533206
0.432823
0.008191
0.011732
0.015606
0.523539
2.045795
0.059391
0.294468
0.033331
0.132119
0.061826
0.057662
0.481465
1.292976
0.570358
0.149276
0.136222
0.957515
0.613014
0.984843
0.189247
0.540758
0.643658
0.328371
1.721020
0.297191
0.251240
0.359321
0.066610
0.102581
0.092169
0.608609
0.112656
0.106309
0.663405
0.951139
0.096079
0.937600
0.175385
0.136766
0.041085
0.265656
0.214035
0.597197
0.205371
0.014531
1.553003
0.428216
1.065608
0.542007
0.286195
0.109336
0.194808
0.087066
0.566411
0.171727
0.468133
0.037820
0.812963
0.659576
0.149428
1.780971
0.286870
0.308155
0.089056
0.093926
0.186140
0.206226
0.009051
0.466581
0.430530
0.050919
0.009519
1.298619
0.789785
0.219796
1.541359
0.691464
1.337015
0.902339
0.264598
0.228525
0.016204
0.661387
0.373976
0.618532
0.012294
0.072268
0.763040
0.878852
1.009509
0.020905
0.802663
0.181059
0.347588
1.639421
0.322239
0.835263
0.178554
0.339624
0.271110
1.050190
0.445587
0.287595
0.812558
0.242061
0.787768
0.707916
0.071312
0.643912
0.449163
0.392457
0.047694
0.489931
0.162481
0.480704
0.203534
0.179578
0.697612
0.062224
0.069226
0.483051
0.085965
1.318820
1.283514
0.537901
1.107280
0.253998
0.318221
0.106041
1.109590
1.100790
0.035582
0.328049
0.197837
1.027093
1.000834
0.063847
0.495884
3.061803
0.928972
0.125404
0.390061
1.366590
0.936914
0.854894
0.402189
0.099754
0.064389
0.181818
0.176827
0.143924
1.290440
0.304260
0.098369
0.940391
0.060982
0.035959
0.141068
0.440519
0.150887
0.073746
0.322197
0.199632
0.481506
0.809223
0.112190
0.330000
1.273420
0.886180
0.327886
0.725530
0.026646
0.011434
0.603098
1.143169
0.921645
0.146046
0.041272
1.642168
0.408399
0.236693
0.119547
0.329323
0.894745
0.248177
0.200222
1.476094
0.308692
0.428783
0.381166
0.638524
0.624028
0.004239
0.025819
0.201133
0.830986
0.144719
0.841935
0.658210
0.042444
0.174995
0.344165
0.071520
0.191299
0.110480
0.016078
0.086949
0.300331
0.058757
0.065141
0.004877
0.334699
0.203842
0.338790
0.193521
0.647430
0.863362
0.156474
0.103334
0.253700
0.810085
1.192173
0.058761
0.831885
1.587164
0.291766
0.484862
0.117541
0.148140
0.217487
0.171864
0.401175
0.949575
0.275963
