1.177110
0.550533
0.184096
0.374905
2.367478
0.032669
0.407563
1.020615
0.034714
5.741619
0.223757
0.483073
0.262176
0.047760
0.040448
0.217511
2.416919
0.163738
1.518992
0.165311
0.483985
1.195083
1.425229
0.457615
0.275019
1.589465
0.199650
0.149950
0.270447
0.842756
0.206661
2.642171
4.938517
0.438271
0.276332
2.293804
0.489375
0.858423
0.773804
0.546641
0.850878
1.344136
1.630785
1.627525
1.541184
1.857032
6.976382
1.192955
5.278609
1.514736
1.890783
0.475745
0.649044
0.938007
1.369585
1.265484
0.518451
2.614152
1.945934
1.025882
0.685670
0.044841
0.844699
0.671547
0.508661
1.669997
0.491350
1.540333
0.490896
2.616544
0.231679
3.241186
1.097154
0.011084
1.445906
0.601576
1.930249
1.441950
0.161025
1.895711
0.784534
6.108263
0.259246
0.021349
0.932340
3.655606
1.343311
0.010987
2.311871
0.906752
1.056836
0.506123
1.021699
0.252006
2.173789
0.039486
0.035122
0.320831
1.739588
0.548933
0.224895
0.031704
0.483400
2.021775
0.043147
0.159916
0.385122
2.274169
2.422699
0.631792
1.373994
0.606943
0.627617
3.699849
0.646470
0.075269
2.984336
0.242235
0.087120
1.899464
1.667567
1.331348
0.284385
0.600224
3.185407
0.143613
0.673401
4.983604
0.524640
0.377513
0.537144
0.940664
0.424101
1.603962
0.648578
0.490814
2.931559
1.593779
0.335458
1.951958
0.308164
0.032415
0.375406
1.314319
0.007194
1.556363
1.628868
3.137183
0.004235
2.182857
1.644787
1.690220
0.975934
0.056009
0.310381
0.871792
0.208559
1.414122
0.855547
0.907525
0.073966
4.660066
0.230810
0.539464
1.557966
1.149865
1.633787
1.332269
0.654242
0.094091
0.901713
1.367942
0.129762
2.376408
0.647624
0.137957
1.191434
0.329283
0.089333
1.205445
0.183733
2.229384
0.725592
1.565429
2.935102
1.526912
0.466490
0.145166
0.775781
2.951702
1.315275
0.944054
2.785204
2.775936
0.028288
1.300922
0.970297
1.787983
0.623326
0.106688
2.557516
0.059716
1.874466
0.045205
3.354820
0.390491
0.190026
1.082638
0.925927
0.299110
0.449010
1.476997
0.163610
2.101297
0.827089
0.102921
1.080273
2.740773
0.265168
0.223335
2.147539
3.338855
1.666567
1.723236
2.325151
1.826334
0.796802
0.740786
1.113827
0.013160
0.979375
0.901902
0.073691
0.636800
1.017221
0.036794
1.581301
1.668468
1.195425
0.507712
0.072556
0.060987
0.186097
0.249633
2.762515
1.318583
0.383775
0.909723
1.102516
0.802155
1.597100
0.801165
0.726003
0.938083
0.466341
0.541959
0.593519
2.550257
2.841344
0.127061
2.733550
0.834958
1.250096
0.006072
0.037831
0.433748
0.043094
1.780330
0.178396
1.345550
0.260776
0.265757
1.603299
0.509748
0.605664
1.330428
0.141378
1.482821
0.404965
1.608460
0.392512
0.139857
0.432320
1.837610
1.343770
1.286287
0.300017
0.206728
1.037452
0.224203
0.365398
0.869062
1.456522
0.019797
0.883603
1.630044
0.464461
0.991250
1.009219
0.765535
0.459643
2.002798
1.462267
0.183034
0.307063
0.251772
2.331968
0.504569
5.421940
0.269051
0.218204
0.385991
0.456358
0.791946
0.175575
0.111549
0.315729
0.545107
0.345752
2.481548
0.970397
0.912277
0.687248
0.491059
0.962317
0.087467
0.213319
4.558228
1.247013
1.757925
0.743250
0.084610
1.179738
0.346334
0.285536
3.147400
0.724229
0.164031
0.435828
0.715154
0.489684
0.796975
1.778487
1.400770
0.101310
4.844970
1.960028
0.457427
0.531628
0.164235
0.333344
0.033991
1.385690
1.516485
0.547217
0.458616
1.997076
0.950735
0.442173
0.860162
0.581858
2.135341
1.073049
0.143618
0.191790
2.368991
0.095210
1.170607
0.059442
0.587147
0.224025
0.588588
5.020467
0.032328
0.221249
0.094031
0.024235
0.059355
0.610343
0.573225
0.234566
1.348273
0.634342
3.192589
0.735699
2.217856
0.395678
0.486292
0.702594
1.152451
3.270287
2.915852
0.834559
0.967690
0.082973
1.348820
0.747530
0.186862
0.562602
0.877490
0.953294
0.996904
0.029495
0.936313
1.087052
0.258184
1.196253
1.160704
0.335718
0.167839
0.131282
0.681734
2.252101
0.898317
0.603664
0.537258
0.661461
1.514001
1.613193
4.474533
0.623827
1.438658
2.724890
0.030505
0.482553
0.014170
1.471844
2.399751
0.203969
0.224111
0.680101
1.604665
1.782322
0.739188
0.522515
0.682294
1.386476
0.110538
0.200011
0.035856
0.299968
0.362849
0.753919
0.167212
2.273550
4.055679
0.843114
0.479581
1.438212
0.462641
0.461340
0.257164
0.142872
0.362418
0.296794
0.725524
0.382841
0.027681
0.553714
0.698343
0.258867
2.508661
0.359012
0.061692
0.581823
1.233082
0.808269
0.212162
1.678008
1.330480
0.256683
0.075168
0.040778
1.410046
0.256691
2.764809
1.341490
1.589754
0.382680
0.695535
0.182008
1.163250
1.301774
0.356018
4.772329
4.183457
1.689942
0.370510
0.012129
0.275304
1.672428
0.274608
0.173498
0.120862
0.356614
0.917298
1.728507
1.926403
1.568148
1.009792
0.891546
0.018119
1.231404
0.994080
1.486441
2.725860
0.836898
0.718194
1.311314
2.162106
0.013653
2.272439
0.849680
1.352905
0.218753
0.830085
1.295598
0.012021
2.068351
1.340638
0.291165
1.157774
3.837441
0.530840
1.607735
0.326296
0.012368
0.973151
0.142413
1.628933
0.298157
1.282712
1.724946
3.379411
0.434872
0.905453
2.307021
2.520747
0.114299
0.996896
1.632286
0.129619
0.750599
0.473155
1.988368
1.288791
2.829440
0.890007
1.333116
1.685024
0.397004
4.505659
0.693898
0.365456
0.512232
0.356724
0.878342
0.532961
2.552897
1.263249
0.244618
0.198401
0.579786
0.039587
0.157697
1.573270
1.006366
0.047442
1.245609
1.356596
1.131067
0.727226
1.995348
0.229699
2.241666
1.298705
2.653898
1.799829
0.380473
1.096522
1.047633
1.033192
1.063988
0.162058
3.000764
0.057381
0.597188
0.765244
0.632807
0.464876
0.290413
1.158037
0.802395
1.177745
1.289936
1.196129
0.662932
0.444985
1.362468
0.219271
0.107174
0.546942
1.250535
3.371565
0.984865
0.934881
1.180188
0.812233
0.583468
0.009284
0.251162
0.095711
1.059504
2.095786
0.275597
0.925390
2.699972
1.172875
0.148967
0.513653
0.064337
0.495032
0.091668
0.952066
0.086077
1.672928
0.373523
0.837336
0.188102
0.057276
1.444067
0.318967
0.648078
0.649479
0.272812
0.109213
0.088885
2.681556
1.077618
0.748850
2.826577
2.134515
0.963285
0.901789
1.421816
1.960729
0.220373
1.176089
0.797993
0.409749
0.097846
0.946955
1.296936
0.199431
0.256360
1.656047
4.977125
0.771827
0.471999
0.179816
0.900169
0.151148
0.575677
0.073053
0.962235
1.128372
0.191051
1.214062
0.936452
1.792782
0.261496
0.795775
1.255974
1.886933
0.154231
0.642314
1.230003
0.416586
0.180855
0.297701
1.129760
0.299288
2.036814
0.516711
0.578850
0.100587
0.239056
0.566626
1.003826
0.888857
0.909164
0.257508
1.306205
0.035436
0.353071
0.426355
1.242214
0.637490
0.051427
0.384545
0.363679
0.328822
2.025014
0.020292
0.137760
0.010994
0.681246
1.810337
0.433309
1.077214
0.098581
0.028944
2.502398
3.308642
0.565722
0.442496
0.060948
1.034734
1.561278
1.179778
0.265990
0.489834
2.521701
3.288959
0.548332
0.244814
0.370807
0.143112
1.166460
0.446209
0.602543
5.023449
1.022148
0.386531
0.013598
1.464781
0.402755
0.708301
0.929560
1.149370
0.182694
1.201144
1.243728
0.088928
1.086440
0.155184
0.584575
1.279099
1.553160
0.264994
0.535058
0.022220
0.967745
0.406529
4.178759
0.043062
0.801161
0.348856
0.192967
0.274075
1.062635
0.989057
0.265455
0.349040
2.969344
0.283224
0.065612
0.328764
1.403108
1.104969
3.306357
2.540145
0.458754
1.124063
0.006253
0.030989
1.708077
0.595822
1.395236
0.934475
1.144699
0.182230
0.992046
0.359166
0.694413
0.951569
0.421426
0.053216
2.390008
0.732680
0.344675
0.827426
0.159528
0.743793
1.948144
0.101055
1.475523
2.537901
0.472091
0.745513
0.890980
0.414991
0.591772
3.162391
0.014806
0.603101
4.438727
1.792660
2.320526
1.348669
0.581053
0.875769
2.375209
0.072435
2.164564
0.523637
1.151189
0.260183
0.615191
0.896759
1.380195
1.390349
0.168345
2.262633
0.322555
0.012477
4.833385
0.048187
2.708556
0.459410
0.849927
0.740477
1.230994
0.019395
0.655445
1.282638
0.638840
0.632952
0.812333
0.468203
0.234954
5.766550
3.154304
0.123748
0.069075
1.848532
0.742411
1.388228
0.074316
4.104248
0.419453
1.715310
1.326175
0.688221
1.258837
0.010266
0.713207
1.231195
0.058963
0.585724
0.079477
0.993744
3.393548
1.534322
1.047025
0.592759
0.707435
0.129101
2.479062
0.065362
0.683174
0.134184
0.062025
0.602065
0.277031
0.135688
0.349348
1.452451
2.098564
0.456454
1.384302
0.248411
0.206490
0.661669
1.264048
2.328743
0.681661
0.258022
0.943247
0.801806
1.110844
1.161675
0.200030
1.013710
0.637593
1.773802
0.088099
3.841099
3.024717
0.000508
0.042700
0.591343
0.134765
0.107521
2.290037
0.458941
0.259843
0.215162
0.143930
0.112267
0.821125
2.150320
0.394756
1.372902
0.458176
0.044629
1.047571
1.978966
0.316178
0.300902
0.533190
2.843683
2.935356
0.902791
0.864930
0.541843
0.553172
1.088411
0.505598
0.472095
1.089920
0.577422
1.730038
1.559866
0.777832
1.278192
0.171837
1.467186
2.465683
0.345219
2.084425
0.644572
0.192963
0.225368
0.250697
0.783185
0.281601
2.047581
0.518924
0.726694
0.140185
1.704351
0.613014
0.080875
0.532174
0.037913
0.685211
1.817387
1.205481
2.233723
0.240615
0.452885
0.402760
0.037264
0.167289
2.056718
1.418974
0.373861
1.025976
1.118062
0.925994
0.728101
0.160403
1.511180
1.269230
0.461943
0.389201
3.334774
0.275616
1.299170
0.655606
0.464735
0.788231
2.799455
0.596728
3.170675
3.744817
2.907825
1.587555
1.129521
1.821869
0.009476
0.041886
0.186094
0.047101
0.216994
0.042836
1.629882
0.707232
1.150385
0.648431
0.117496
0.223969
0.981721
2.209152
2.520894
5.355150
0.239030
2.154076
0.269412
2.810920
0.453913
0.936161
0.663980
0.362433
0.058964
0.585597
0.329031
0.002669
0.272861
3.151009
1.838485
0.285328
6.326665
0.010805
0.348483
0.214775
0.054116
0.103461
1.204875
1.332425
0.856663
1.666677
2.761820
0.224091
1.208425
1.940972
0.218198
2.452724
1.348711
0.565996
1.922722
0.111253
0.040901
0.413992
0.526458
0.102404
1.524270
1.170168
0.105360
0.021246
1.040937
2.829230
0.313690
1.035886
3.030078
0.828958
1.822420
0.004376
1.084075
0.773569
1.349112
0.270771
0.430418
1.131195
0.576194
0.052447
0.763115
1.005124
3.353457
0.320499
0.068500
1.708310
0.477231
0.112365
0.171764
1.554984
0.227675
2.814108
0.651032
0.361855
3.245823
0.133953
0.280453
0.261778
1.471666
0.218463
1.578977
0.938595
0.223910
0.608070
0.159535
2.832628
1.180284
0.687607
0.963631
0.140154
0.794777
0.165208
1.447218
0.720220
0.555991
1.777754
0.403741
1.639884
2.768831
0.673354
0.903386
0.151849
0.562200
0.076122
0.587884
0.496118
0.221478
1.168145
0.971349
3.477754
2.165464
0.536557
0.862623
0.089833
2.046715
1.292461
0.027431
0.829311
0.251836
1.037196
1.185561
1.473797
1.598675
0.614709
0.334495
0.254031
0.342750
0.958372
0.030799
0.258057
0.112596
0.981188
0.459389
0.769023
1.198759
1.675732
2.626164
2.273977
0.696926
0.796448
2.011567
0.489699
3.333005
0.587288
0.640754
1.802754
0.185816
0.693473
0.508837
0.497912
0.157491
0.097868
0.178107
2.874430
0.803928
0.593207
0.183784
1.849072
0.066066
0.220913
0.072641
0.186835
1.733576
0.576959
1.227425
0.737685
0.289317
1.006758
0.542795
1.398815
0.202937
0.335612
0.151171
0.160151
1.306621
0.950377
4.082852
2.291053
0.120551
0.481180
0.343958
0.300137
0.644695
0.605482
0.226694
0.027999
2.319087
0.463178
2.041968
3.368767
0.841492
2.818301
0.146168
0.498044
0.475923
1.851134
2.454128
0.994020
0.649206
0.404875
0.482926
1.082375
0.962437
0.740919
1.656503
0.426647
0.147027
1.571832
0.282557
0.288078
0.191502
0.770433
0.712494
1.048280
4.753253
1.246239
1.130319
2.235049
0.086795
0.792519
1.956028
1.055749
0.668629
5.215501
0.045364
2.011996
1.817135
3.179943
0.685561
0.378408
0.344396
2.113762
3.740548
2.401204
0.515071
1.539231
0.296652
0.774944
0.862251
0.698850
1.558589
1.394616
0.040854
0.355458
0.513381
0.031911
0.011631
0.081862
2.582568
0.099487
0.983227
1.527864
1.373444
0.120460
1.503141
1.565980
3.900403
0.954717
1.384411
0.646185
2.661088
0.041740
0.438778
2.368583
3.001184
1.417651
1.177138
0.231893
0.352382
0.314204
1.237227
0.090533
0.021941
1.385667
0.487277
0.550317
1.519827
0.506280
0.696823
1.223056
0.677204
0.136659
0.670744
0.272769
0.276044
0.309576
0.030303
0.249727
2.131330
1.511299
1.193842
1.668384
1.716230
0.053529
1.265264
1.471980
1.659884
0.527084
3.794167
0.112975
1.137268
1.162545
0.214906
1.207338
0.574749
0.865326
0.132665
0.246417
3.744476
0.983702
2.578007
0.631707
1.401645
0.532299
1.227746
5.304096
1.136278
1.335206
0.243366
0.821683
0.726234
2.441398
0.464829
0.410272
3.354762
0.093863
0.113235
1.491305
0.691686
0.088348
2.134941
0.196715
1.477833
0.078103
2.116793
0.234486
1.061943
0.003831
0.557614
0.995790
0.993981
0.433095
0.104123
0.484034
1.444975
1.639553
0.476000
0.585615
0.782698
0.903257
0.003552
0.060921
0.708694
0.470489
0.503573
0.640167
0.625295
0.698546
0.284642
3.328832
0.884913
0.138648
0.154014
0.444911
0.228905
0.022576
0.839656
1.957670
0.026495
5.418770
0.672133
1.067248
0.426283
0.887380
0.040566
0.118015
0.501206
0.542129
0.808678
2.765090
0.013332
0.816670
5.554947
0.735964
2.709088
0.497193
5.075509
0.507994
2.248629
0.276371
0.450144
0.657213
0.463519
0.703609
1.837749
0.856915
0.749774
0.525881
0.569768
0.806704
0.518409
2.573411
0.235367
1.392722
0.717424
0.286981
1.987180
2.366509
1.102515
0.540378
1.852924
1.143218
3.711992
1.828550
0.225853
2.396607
0.262818
0.218053
0.367118
0.134188
0.575162
1.107864
0.934659
1.651929
0.192299
0.594397
0.484266
1.212229
1.945403
1.704815
0.295902
0.303274
1.354482
0.627096
0.013293
0.292911
1.256436
2.088471
0.174477
0.483370
0.347567
0.003331
0.066681
0.313570
1.849468
0.310162
0.196186
0.076662
0.620992
0.664391
0.222357
2.302334
0.168595
1.643259
1.232012
0.400611
0.294043
0.096671
0.033098
0.118588
2.411726
0.340655
0.467494
1.056297
1.404683
0.488794
2.366270
0.634668
0.304839
0.068572
1.918593
0.812728
0.072140
2.497304
1.745948
2.433583
0.203789
0.003668
4.274070
1.041157
0.671531
0.205114
0.791706
1.033452
4.840503
0.294672
3.661749
0.283494
0.426744
0.006892
0.444225
0.298014
0.350358
1.317173
2.407589
0.051419
0.126406
1.693569
0.733984
0.480460
2.140563
0.467118
2.778282
3.036769
0.343741
1.441280
1.997223
0.644838
1.456873
1.899545
0.130344
0.295863
0.036466
1.106047
2.305928
0.028303
2.581764
2.076615
0.321251
0.317082
2.132964
1.003587
0.753828
0.194894
0.454991
0.578759
0.257731
0.662209
0.295102
1.375175
2.008350
0.148448
0.128286
1.627831
0.094273
0.529815
0.837064
3.084654
2.176293
0.406551
1.632796
0.008784
0.892006
1.835252
1.132834
0.674327
2.027479
0.921908
0.454362
0.154425
2.071232
0.283241
1.498477
0.516522
0.551196
0.153240
1.850327
1.052503
0.984476
0.103538
0.507733
0.677579
0.269598
0.730933
0.350693
0.394940
2.656783
1.986463
0.329246
1.694805
0.219247
0.088997
1.743599
1.546671
2.598006
0.699147
0.325101
1.579448
0.111190
1.029158
2.764669
3.872857
2.201420
1.250131
0.482253
0.375558
1.935227
0.255439
3.325102
0.657729
0.391239
0.449688
3.654608
0.821198
2.126226
0.314612
2.174854
1.663576
0.142426
0.182613
0.985921
0.399919
0.290433
0.601507
0.124056
0.195575
3.101228
0.501230
3.559600
0.062128
0.037606
2.391994
0.040238
2.607231
0.973087
0.548264
0.273589
0.649502
1.042623
0.227386
3.210597
3.549217
0.833696
2.715012
0.757896
0.591083
0.227810
0.540810
0.296807
0.410185
0.878593
2.151731
1.096908
1.812126
0.409070
1.526788
0.014436
0.343531
0.194778
4.260303
0.432285
0.240659
2.248427
0.494976
0.151000
0.726746
1.673777
0.477242
5.152383
0.616063
0.874415
3.076549
0.564203
0.160701
2.186383
3.284349
0.903193
0.095852
0.478453
1.907434
0.558397
3.349321
1.328993
0.098685
1.617396
0.073634
2.093461
1.692371
0.448989
0.055220
1.618476
1.247238
0.311447
1.191498
0.108830
0.523852
0.239215
2.471952
1.547745
0.231893
0.470826
0.462300
0.175367
1.643514
0.731099
0.049746
1.466357
0.120302
0.150742
0.161924
3.349160
0.838878
0.121474
1.204448
1.084050
2.476597
1.474606
0.773310
1.316353
0.142553
0.897077
0.762901
1.867956
1.965067
0.261264
2.969648
0.311454
0.584610
1.997004
0.056456
1.048811
0.274138
0.553487
1.663350
0.047587
2.876692
1.959176
1.691235
0.058717
6.864457
3.358209
0.022156
0.836464
0.082934
1.280332
0.259467
5.417070
0.679612
1.456951
1.299928
0.983618
0.445186
0.302643
0.637912
0.247370
0.675424
0.545217
0.667026
2.714115
0.334833
0.780142
0.875587
0.743000
3.402728
0.500676
0.845805
2.412366
0.291563
0.488569
3.424156
0.290166
0.433400
4.540856
1.707166
0.564380
1.242682
0.048307
0.556603
0.228881
1.683153
0.167586
1.775619
0.190564
0.536883
0.359861
0.498659
2.369709
1.281974
2.115465
1.834011
0.007079
0.546594
0.550973
0.757940
0.490695
1.700953
0.107760
0.354102
0.072996
0.670708
0.308728
0.388985
1.834785
0.294311
0.151843
0.316959
3.391624
0.208298
1.198941
0.187442
0.002250
1.915845
0.001546
0.193288
0.312269
0.362077
0.840282
0.192017
0.026634
0.593906
0.015049
0.033905
2.031913
0.577227
0.831732
0.296676
0.295765
1.099200
0.809481
0.395167
0.169029
1.717751
1.046082
5.489021
0.078487
1.558580
0.311302
0.042732
3.798719
3.381231
0.239216
3.904477
1.708027
0.241180
0.169134
0.091011
0.729958
1.287408
0.303405
0.786038
0.188559
0.323842
0.862015
0.041618
1.255907
0.153612
0.353080
3.548080
1.656831
1.913182
0.353327
3.345952
1.117553
2.925113
3.235042
1.379941
1.331453
0.258964
1.561785
1.250042
0.215850
0.002998
1.182067
0.013005
0.244997
1.890209
0.105264
1.329401
0.850912
0.448810
0.328112
1.365799
1.016798
1.947764
1.539853
0.436076
8.529772
0.086720
0.392526
1.655796
2.740416
0.973666
1.486483
0.937456
0.840825
1.326045
0.441275
0.363199
3.286722
0.159022
0.018225
0.170512
0.162538
1.242767
0.185954
0.457774
0.821834
0.314164
0.108336
0.143120
0.997538
0.481901
2.105154
0.313974
0.274172
1.089932
0.975227
0.273913
1.373682
2.947792
0.049885
1.146596
0.843618
1.728755
0.343421
0.149074
0.814117
1.042548
0.585274
0.733122
1.582150
0.618237
1.128126
2.891078
0.189372
1.871119
0.373666
1.320121
0.122902
0.535233
2.011758
1.373825
1.593852
1.364219
0.016460
0.037346
0.524553
1.019483
0.323322
0.168427
0.883735
0.392925
1.815790
0.170328
0.159482
0.136910
0.349708
1.218696
1.493417
1.339995
0.253574
0.843653
0.222218
2.305975
0.722261
0.464867
1.371946
1.749507
0.110572
1.980767
0.275236
3.537865
0.938792
0.038186
1.256476
0.981430
0.077014
0.131847
0.307128
0.431371
0.326467
1.905200
1.124861
0.123098
0.007850
1.730011
0.279415
0.360863
0.748876
0.019357
0.041946
1.390623
0.889245
0.274882
1.053882
0.109124
0.947057
0.507175
2.652447
1.261591
0.300892
0.186485
1.163860
2.030590
0.232682
0.515949
0.681154
0.330893
0.747795
1.420518
0.999945
1.635387
0.940630
0.367307
2.537623
0.960863
0.139400
0.179989
2.530276
1.070673
0.203207
3.255582
0.524759
1.482473
0.225371
0.061578
2.089941
1.681464
0.611615
1.639006
0.756504
1.263609
3.727862
0.246434
0.882154
0.202790
0.971495
0.083465
0.625990
0.160256
1.823176
0.102441
3.061816
0.594400
0.518810
2.072611
0.067790
0.765485
0.039639
4.262054
0.213334
0.251999
2.944057
0.917332
5.444183
0.161493
1.079212
2.055602
3.297553
0.125181
1.132618
0.680669
1.801994
1.060643
1.245278
0.546695
1.815955
0.405899
0.695584
0.360376
0.657195
0.415069
0.510750
0.570742
1.550280
1.633351
0.369670
1.919741
0.414936
0.427559
1.827978
0.758714
0.845495
1.544634
0.141734
0.835480
2.744785
1.571587
0.576819
2.290305
2.407360
0.123444
0.498381
1.366404
1.469225
0.110513
0.181663
0.934490
0.576695
1.100619
2.405722
2.525044
0.007065
0.370707
0.438256
1.584020
0.121580
1.090278
1.044710
0.605315
0.011848
0.668392
4.256579
0.873311
0.320313
0.125537
0.161070
0.235489
2.410861
0.884514
0.114940
1.715962
1.214745
0.695283
0.832839
0.640765
0.930624
1.314177
0.083734
0.044935
0.508561
4.617653
3.321071
0.520336
0.356501
0.383790
0.223807
0.535047
4.051423
1.888735
2.028413
5.181521
0.409782
1.926104
0.859943
0.942334
3.584968
1.293099
1.715347
2.141525
0.374935
2.640565
1.213127
0.016008
0.561673
0.311867
0.671369
0.036081
7.163415
0.842380
0.082707
0.507274
0.819708
0.044228
1.627320
1.961253
0.449401
0.004084
0.319759
0.422498
1.916046
0.153305
0.413960
0.209508
5.631607
2.474403
1.605944
3.463487
1.025458
0.966003
1.905180
3.079852
0.794245
0.807297
3.503713
3.808722
1.725179
0.614162
0.013350
1.720841
0.028627
0.097216
0.247116
0.885910
0.146072
0.022751
0.592360
0.688946
0.026929
1.275309
1.848248
2.115124
1.986223
0.200233
0.070850
1.960447
0.102306
2.022674
1.759587
1.341759
0.667670
1.136589
1.179763
0.035809
0.265303
1.086376
0.013084
0.056449
0.129504
0.026611
2.087228
0.162154
0.126585
0.099731
1.336938
0.294110
0.124898
0.203746
1.397155
0.155465
2.353728
0.904331
0.023642
1.460040
1.499004
0.096250
0.986116
2.070633
3.205515
0.606716
0.948061
0.591601
0.143812
0.364069
0.657269
0.457247
3.433297
0.682670
0.547941
0.093419
0.736043
0.353581
0.272962
1.021360
0.498814
3.739318
2.250950
0.713682
0.175020
1.042425
1.061737
0.067793
0.277849
1.131683
1.791672
0.019424
1.466520
0.616735
2.236143
1.304659
2.466962
0.704488
0.192729
0.050354
1.664926
1.070111
0.537998
1.507401
0.164596
1.819819
2.022709
1.117056
0.145923
0.112700
0.374917
0.751890
0.086442
0.232379
0.039456
0.278883
1.929337
1.180366
0.369496
0.102414
0.462581
0.153426
0.123955
0.150377
0.922641
0.009758
2.027622
0.729168
0.724326
0.044628
0.836550
0.394740
1.206229
4.067575
0.110551
1.913519
1.719398
3.588594
0.744857
3.137331
0.082235
1.819242
0.663834
0.176446
0.046259
0.741948
0.519408
2.302197
0.244174
1.251920
5.916490
0.884289
1.939893
0.120909
1.296852
0.613990
0.131928
0.903771
3.750869
1.018726
1.017789
0.783729
3.354971
0.414430
0.746930
0.072301
0.212850
0.426189
0.043024
1.262029
0.361844
0.129035
0.809170
1.554644
0.332418
0.916236
0.374767
1.164560
0.693025
0.753320
0.514139
0.687651
0.123514
0.298764
0.944511
1.850236
1.262586
1.326993
0.575827
1.182802
0.467880
0.079441
0.270342
0.413640
0.537257
1.439959
0.525111
0.934897
0.116612
0.598969
0.391998
0.533887
0.847882
2.112520
0.226166
1.927520
0.652092
0.723533
0.781829
3.862485
0.045168
2.889870
0.646700
0.174775
0.226502
0.091413
0.003159
2.522742
1.726451
0.581454
0.950214
0.217853
0.728324
1.898609
0.764681
2.702067
0.950069
2.865196
0.777197
1.285022
0.500298
1.999536
0.147380
3.361854
1.361286
0.414680
1.713802
0.251947
1.926982
0.449812
0.225269
2.288450
0.366247
1.132978
0.060739
0.712026
1.449388
0.064096
0.560562
0.885207
0.699165
0.043381
1.528448
0.020491
2.231910
0.382207
3.062210
0.705144
0.302016
0.680276
0.260480
1.062254
0.443361
0.456262
0.966672
0.107356
1.223499
0.578879
0.392314
0.821467
1.618105
0.746984
0.613949
0.114732
0.228324
0.729233
0.961669
3.487407
0.867040
0.047991
0.813715
0.086437
0.093554
0.415393
0.108799
4.016691
1.071674
0.057952
0.669333
2.503958
0.798125
1.263256
0.849950
2.385450
0.087325
0.213462
0.009794
1.557897
0.998832
0.406847
0.430222
0.568131
1.969409
1.652481
0.780474
0.066775
0.394743
0.173826
0.034606
2.363966
0.231194
0.893565
4.488283
0.350586
2.669673
0.096345
0.325332
0.887437
0.160350
1.450993
0.706293
1.197268
0.659578
0.082396
0.931237
0.835982
0.316507
0.956281
0.440014
2.333052
2.994426
1.222845
0.410102
1.662814
0.721617
2.105610
2.079360
1.833716
0.038518
2.396942
1.370953
0.279978
0.692767
1.327630
0.776365
0.563058
1.752986
1.701757
0.019005
3.684816
0.875388
0.745189
1.117428
0.068526
0.927474
0.326858
1.001799
2.085527
2.248993
4.487805
1.508503
1.860654
1.185358
0.122367
1.063703
0.233696
5.021469
0.754628
0.049798
0.031688
0.577711
1.583350
0.322122
2.790811
0.754191
1.689105
0.460709
0.440605
1.002264
0.491005
0.402347
0.243668
2.445812
0.004140
0.331958
0.729381
0.332603
2.468222
0.500135
0.195334
2.343608
0.189117
0.022112
0.912255
0.338957
1.129155
1.643925
0.329744
0.231312
1.933499
0.374087
1.036558
1.050030
0.885454
0.876963
0.198063
0.515484
3.060142
0.767945
0.036396
0.417196
2.019559
0.290344
0.293636
2.051182
0.764592
1.479485
0.167665
0.597366
0.181278
0.403171
0.436585
0.412651
0.436447
3.039532
0.982412
0.030836
1.422637
2.369634
0.270331
0.952647
0.246627
2.138768
0.307006
1.640109
0.627651
0.587051
0.234242
0.543477
3.915540
0.280469
1.428711
1.879648
0.686299
0.014946
1.268594
0.031533
1.546838
2.064639
0.655431
3.054974
0.229336
1.799037
0.343875
0.817826
1.544983
2.483815
0.889102
0.788793
1.731949
1.747830
0.174221
0.042520
1.231168
0.552069
1.881703
0.191408
2.027063
0.058158
0.900119
1.886169
0.358204
0.436741
1.189756
1.597678
0.459967
0.535251
1.764192
0.169337
0.339135
0.370276
0.115020
0.678361
0.155483
0.510216
0.052517
2.669062
0.380104
1.022033
0.646817
0.149975
0.627333
1.011092
0.199548
0.191202
0.062324
0.028984
0.428077
2.640851
0.088905
2.842450
1.500798
0.487984
0.350378
0.640085
0.203061
1.091460
2.182408
0.012524
1.715075
0.192183
0.388464
2.640879
1.100804
0.627174
0.397996
1.267831
0.505148
1.034357
0.444252
2.062575
1.531624
1.741153
0.711418
3.344289
6.658211
0.842747
5.003135
0.426110
0.689500
0.081590
0.340623
0.321888
0.624532
0.877673
1.378221
1.044862
0.285717
1.008416
1.080888
0.071039
1.660983
4.051780
5.905705
0.649024
0.595131
0.393949
0.218160
1.864932
3.511804
0.809005
1.265731
1.402313
0.477038
0.257501
1.268289
0.474972
1.592055
1.244693
1.291176
0.349084
1.562179
0.013820
0.843708
0.294115
0.911244
0.382521
2.333755
1.874064
3.058974
0.829597
2.466000
1.440168
0.790503
2.434429
0.275169
5.277137
0.271761
0.573693
1.832495
0.233347
4.739652
0.816339
3.272636
0.463051
1.536989
1.141878
1.381253
0.870996
0.498818
0.642054
2.088535
0.202206
0.668483
0.590624
0.576044
0.089368
1.443412
0.416958
2.688136
1.262108
2.351000
1.877766
0.654033
0.599857
1.424706
1.275153
0.590595
5.946391
0.170991
0.336857
0.230049
0.160673
1.857527
0.183441
0.732031
0.991322
1.886380
0.311709
0.236203
0.275928
1.353226
0.090484
0.552004
0.260209
0.760420
1.981135
0.377753
0.351558
0.226949
0.283149
0.013442
0.114025
0.098342
0.680049
0.818425
1.917882
0.240824
0.004889
1.900238
0.463928
0.343710
0.057600
0.733179
0.144803
0.253051
0.039458
1.442745
0.074672
0.365996
3.653573
0.375544
0.049284
0.062528
1.336702
0.324621
0.899293
0.914734
0.895995
2.203212
1.621588
1.822579
2.332062
2.409948
2.689027
0.504699
0.633096
1.537746
0.942461
0.642323
1.009509
3.991250
1.447306
1.176276
0.695438
2.298637
2.466830
0.776166
1.088641
4.350433
1.872933
1.014532
0.356936
2.248255
1.197463
0.038193
0.188277
0.344159
1.012937
1.441443
0.199349
0.578506
0.920815
0.087347
0.429928
0.763266
0.653837
1.706492
0.384184
0.094625
0.345919
3.092153
0.074518
0.058930
1.038941
0.850861
3.142639
0.823979
0.119669
0.967999
0.794994
3.196963
0.297847
1.887824
1.920938
3.115103
2.172184
0.025467
0.283438
0.740072
1.553812
0.557822
3.275046
0.494895
0.715774
0.373428
2.579971
4.726166
0.139409
0.278679
0.084932
0.549147
0.220414
0.166331
0.653513
1.857797
1.295311
0.573794
0.519700
1.826186
0.058449
3.072986
1.599920
0.377401
1.621087
1.054455
0.314690
1.165996
1.129371
0.727314
0.237380
0.626093
2.888502
0.190547
1.935780
0.607937
0.663826
1.513728
0.591794
0.955162
0.023401
0.750971
0.038541
0.249671
1.143587
0.728967
0.067131
0.523427
3.083663
0.635310
0.283009
0.011043
0.551553
0.045598
0.393548
0.256522
1.191359
0.904673
2.460993
0.466738
0.118919
0.134627
1.821880
0.058118
0.355891
1.184062
0.717415
1.535135
0.642224
3.185791
0.510532
0.687182
0.666985
0.575598
1.265677
0.184010
3.106094
1.527300
0.857045
2.401668
0.291834
1.726379
2.530937
1.130267
2.014752
0.282040
2.336299
0.827452
1.839371
1.703556
2.745656
3.061944
2.881030
1.487540
0.009712
0.278886
0.631185
0.737418
0.028345
2.845900
0.654517
0.558216
0.577903
3.412865
2.005469
0.170644
0.145171
1.718289
2.809368
1.240330
1.309558
0.214263
0.760963
1.051183
2.039585
0.509877
2.265605
1.483830
3.277266
1.336801
0.894523
2.283396
1.172858
0.765977
1.115153
1.204584
1.507308
0.151025
0.250818
1.642179
0.085658
1.211142
0.266851
0.736093
1.106231
0.104934
1.132883
1.631285
2.528774
0.961428
0.723675
1.050691
1.663460
0.048998
0.357790
1.140795
0.592845
0.219416
0.604528
0.526813
2.723085
0.045903
0.367561
0.980421
0.867466
3.897798
0.393088
0.443915
0.127706
0.791568
0.180230
0.225621
0.286362
0.509386
1.283730
2.503551
0.690653
0.512318
1.282035
0.542995
0.018722
0.271233
0.071817
1.766477
0.336002
0.462160
0.712332
1.319105
0.837228
3.301406
0.153316
0.695990
0.008066
0.597329
0.134980
0.886779
0.561126
0.600198
2.928065
0.797000
6.299810
0.118133
1.391511
0.283920
0.714488
0.643022
0.180777
0.009352
2.080989
2.188426
0.559147
2.241879
0.134067
0.688363
1.283042
0.529069
2.022537
0.264367
0.154868
0.570526
0.217506
0.336332
2.751867
0.227542
1.329287
0.064494
1.567960
0.180046
0.721042
1.339523
1.252075
0.717272
1.893469
0.626217
1.423336
0.446300
2.808230
2.583224
0.460952
1.686759
1.673320
1.597612
1.233137
2.778125
0.349874
0.564631
0.428772
0.177816
1.089866
0.677596
0.910496
1.960524
1.504076
0.763284
0.064780
0.719720
0.907144
1.925903
1.132830
0.116623
0.897188
0.497529
0.972855
0.582925
1.947419
0.479793
1.618203
1.594779
0.364647
0.187611
0.946565
0.125490
3.463601
0.386473
0.057397
0.306397
1.394251
0.518307
0.556537
0.537374
2.269496
0.024789
0.321494
1.122127
0.817241
0.411978
0.207670
0.168035
0.213090
2.005481
0.307552
1.533414
0.297561
2.178183
0.256105
0.121864
0.311758
0.028075
2.427896
0.851908
0.221578
0.741720
1.175500
0.183238
1.859547
1.374823
0.564466
0.906930
0.164389
1.952953
0.012030
0.049425
2.142424
0.338123
1.282428
0.581573
0.979639
2.409746
0.905493
1.695377
1.494175
1.969065
0.917973
0.033494
1.375021
1.752219
0.159782
0.015121
1.926175
0.061289
0.887720
0.054501
0.875039
0.328146
0.249067
0.557587
0.027225
1.055002
0.023933
0.196557
0.713256
0.036256
0.257049
0.498541
0.389344
2.981953
1.793152
2.938447
1.962321
0.560756
1.441901
1.007952
0.341977
0.452863
1.102541
0.037495
0.211716
1.690888
0.053198
0.046150
2.080182
1.022249
0.103300
0.612944
2.525198
0.383630
2.168557
2.933992
3.520814
2.400269
0.133830
0.654655
2.898840
0.433758
2.063272
0.311172
0.358444
1.225972
0.241389
0.175194
0.145893
3.816081
1.588361
0.554056
0.418825
0.623087
0.620244
0.761397
0.327613
0.721536
0.862958
0.167769
0.167484
1.127727
0.948548
0.077062
5.268337
0.689862
0.021206
3.360223
0.523676
0.158111
0.589961
0.434751
0.689505
0.383625
0.967547
1.606508
0.025462
1.798481
3.221843
0.175415
1.673635
1.410007
0.882558
0.167965
0.247913
0.049677
1.163480
0.691010
0.826582
0.308825
1.059528
1.261135
2.845973
0.309352
1.564632
2.760978
1.445757
1.670346
2.323223
0.188855
3.171582
0.427241
0.743741
0.609245
1.097533
0.156249
0.295246
1.175864
3.868169
0.243053
1.912835
1.568005
3.562372
0.577349
2.921662
0.212204
0.667633
1.004463
1.171605
0.050806
2.297095
0.420850
1.453307
1.841192
0.940556
0.814274
1.505717
0.468439
0.460223
1.140011
0.789912
0.395891
0.028274
0.073413
1.528589
1.184775
0.242628
0.039583
0.487162
0.216341
0.293808
0.271771
4.274366
0.256453
1.128825
2.691709
0.540271
0.178727
0.834696
0.113774
0.239784
0.626317
0.599751
3.882773
0.366458
0.062557
0.768832
0.088784
0.570332
2.357072
1.448772
3.951669
0.264256
1.575130
0.052937
0.015501
0.667878
0.310605
0.055716
2.062286
0.619035
0.369286
0.117443
0.593511
0.765677
1.548321
0.477795
3.044727
3.017179
2.915891
0.061802
0.179441
0.529817
0.715357
0.155099
1.266212
0.847753
1.139794
1.624853
0.006306
0.880484
0.839794
4.347677
1.701778
0.448195
0.039389
1.789897
1.886672
0.364736
2.182268
1.277482
1.457388
0.218140
1.784208
0.241781
1.312925
0.966178
0.902936
1.149986
0.845195
0.777544
1.359807
1.327231
3.031443
0.293395
2.107502
1.108228
1.748101
0.817744
0.640395
1.784872
0.155475
0.041986
1.710611
3.260548
0.514728
1.950999
1.583065
0.288698
0.178514
1.145295
3.576368
2.668507
2.102560
1.630115
0.157141
0.938599
0.550881
1.347221
0.345570
5.130207
0.329206
0.036117
1.305172
0.264303
0.342132
0.934793
2.323967
0.122892
0.181410
0.470054
2.953104
0.370916
0.538108
1.457005
0.316810
1.706415
0.980657
0.068478
0.071760
1.553167
1.378548
0.042145
1.269641
0.983266
1.866667
1.998663
0.267536
0.313232
0.927660
0.748492
0.305174
2.163059
0.826435
4.813272
0.124754
1.911481
0.914322
0.019592
3.435159
1.448672
0.501590
2.472214
0.077979
1.663792
1.147811
0.425485
0.991729
0.367598
0.532276
1.198359
0.100957
0.175293
1.345460
1.687916
1.545064
0.879336
1.138120
0.021672
1.923203
0.334217
0.794869
0.124279
0.185280
0.117381
0.115125
0.337453
3.293923
1.230854
0.365018
2.668902
0.640697
1.204803
1.872583
0.794275
0.715045
0.752777
2.250355
0.150701
1.811236
0.367261
1.821433
2.696754
0.631414
0.862244
1.377023
0.294186
0.177606
0.557307
0.323381
0.016729
1.242548
1.741036
0.143243
2.124276
2.739767
0.277338
0.182596
2.285793
2.998908
0.640007
1.765965
0.550318
0.189902
1.124707
3.551715
1.151348
0.228402
2.009638
1.735483
0.041597
0.190355
1.084388
3.623828
1.025812
0.274013
1.276512
2.266805
0.514843
0.160453
0.189538
0.542997
1.963216
5.921966
0.803972
1.347360
2.699110
1.583058
2.374828
1.778101
1.365757
0.477521
1.078867
0.183978
0.804393
0.408377
0.150091
0.269751
0.775372
0.005348
0.061998
0.868003
0.196827
1.280159
0.806385
1.715700
3.261903
0.320924
1.260611
0.452699
0.549504
2.199831
1.528255
0.331784
2.175936
0.408778
0.022688
1.710545
0.139483
2.650748
1.050606
2.079479
0.369734
0.371489
0.044005
1.978496
1.037232
0.201408
0.103311
0.204608
0.207952
0.172295
1.449209
0.456372
2.122568
0.383862
0.206512
1.844912
0.899672
2.334109
0.230736
0.016191
1.571571
4.522417
0.354418
1.135628
0.392562
0.386914
0.689180
0.606727
0.288018
0.160505
0.400287
0.819468
0.613560
0.466686
0.546552
0.109977
0.810454
0.732326
0.341334
1.359061
1.131590
0.055959
0.115994
0.815894
0.467123
0.351124
0.510354
3.396033
0.222153
0.930816
4.048682
4.766308
0.903635
0.329856
1.109474
2.520503
0.920859
0.184260
0.469122
1.911052
0.380626
1.218481
0.530024
1.492307
0.080390
1.786573
2.114382
1.001271
0.433367
0.184489
0.471102
0.029591
0.252177
0.663988
0.884098
0.906564
1.520098
4.314781
0.826871
3.938180
0.897466
0.787763
3.575716
0.207398
1.749343
1.027983
0.113040
0.558503
1.663643
0.656494
0.328519
0.135956
0.205370
1.175774
2.325503
0.305029
0.742099
1.521234
2.258434
2.083963
2.996299
0.316317
2.350949
0.189855
1.412136
0.676555
1.465387
0.771513
0.650596
0.402862
0.730233
0.073285
2.093416
0.673753
0.298363
1.213506
0.142117
0.453899
0.140161
2.865283
1.872013
0.528976
0.072734
0.032359
0.107821
3.590583
0.349187
0.983763
1.402324
0.210999
0.696477
1.217409
0.618776
0.521522
2.094963
0.245612
2.282963
1.038279
1.408383
0.472060
3.795680
0.319744
0.592303
1.925979
1.443387
1.220494
0.814442
2.266772
0.072322
1.164416
1.828756
2.476401
0.103903
2.402835
2.952587
0.224268
2.136703
0.277777
1.754449
1.010415
0.566972
0.398479
0.415419
2.245793
1.328189
0.244445
0.118706
1.002561
1.986300
2.020364
0.009389
1.834647
0.152054
0.609345
1.186124
2.353155
0.175793
0.289966
1.615884
0.262635
2.806864
1.023519
0.158916
0.039046
0.798976
0.099520
0.273375
0.565928
0.411376
0.068482
0.070529
1.469770
0.502278
0.524308
1.091175
0.139139
0.980554
1.496597
1.439502
0.668834
1.031427
1.479724
0.397534
1.535072
0.259539
0.022882
1.169543
0.493971
0.320664
0.674868
0.969636
0.240720
0.140928
1.459773
0.290662
1.144631
1.983686
0.676140
0.120842
0.222770
0.815571
0.200801
3.497357
3.046245
0.891502
1.004851
0.085945
0.241890
0.527650
1.866331
1.212514
0.054997
0.961313
0.031053
1.820603
1.872115
0.054665
0.749851
0.269192
0.396799
0.018509
1.943390
0.779728
0.162269
0.979479
1.578429
1.780498
0.667347
0.335647
2.905371
1.160380
1.849844
0.136045
1.068148
1.585727
1.262864
0.342852
2.100108
2.688457
1.204862
1.283256
1.006669
1.401524
0.416237
1.094049
0.896122
0.206628
1.267055
0.127167
0.549361
0.046956
0.148213
0.327759
0.885132
0.339032
2.342960
0.479717
0.126682
0.495755
1.097112
0.066415
0.080692
0.711117
0.212518
1.323800
0.362558
2.392631
0.024431
0.200480
1.836497
1.288809
2.348932
0.644721
0.650432
0.281044
0.151210
0.072603
0.565075
1.956682
0.210035
1.926645
2.349094
0.396303
0.143671
0.677047
0.953829
0.038517
2.062987
1.323218
0.559795
0.774558
1.599390
0.705617
0.049187
4.550135
0.274534
0.434023
2.283227
0.306808
0.763066
1.341974
4.474980
0.576777
0.240623
0.628839
1.149797
0.437258
0.769639
0.122147
0.239360
1.295591
3.484980
0.124898
0.054943
0.108893
0.939809
1.103217
0.151938
0.658212
0.514032
0.843114
0.021547
0.223020
0.078857
0.071832
0.209901
0.379654
0.547171
0.091436
0.867763
3.105120
1.748995
0.840997
0.500009
0.040731
0.036155
0.079881
0.501053
0.849401
0.212891
0.933885
0.354667
0.175665
1.288765
0.433947
0.306898
0.405995
0.020460
0.519585
1.692332
0.548480
3.683467
1.815396
0.973056
0.052022
2.370218
1.668176
0.456644
0.397431
2.290557
2.931898
0.332869
1.290407
0.724481
1.128900
1.447124
0.800583
1.399927
0.173000
0.131547
2.902978
1.451743
0.547930
0.112320
0.673790
1.486815
0.462854
1.736781
1.580657
1.494986
1.021163
0.243771
1.388747
0.648271
1.822671
1.615983
0.483843
1.049296
0.183801
1.243218
0.795414
0.121719
5.236622
0.319444
0.994325
1.112588
0.038950
0.199622
0.552825
0.219479
0.362724
0.461747
3.294177
1.294907
0.646378
0.603542
0.693117
1.874547
0.324405
0.348346
0.973718
2.487308
0.714326
0.466707
0.500739
0.429068
0.191452
1.502861
6.645526
0.418763
0.671489
0.792538
0.610172
0.661134
1.718988
0.090767
0.168451
1.958667
0.311605
0.866800
0.057647
0.848518
2.986257
0.019099
0.353862
0.554401
0.638748
1.599552
0.317673
1.382658
0.096685
2.248883
1.096482
0.922903
0.311182
0.061740
3.026615
0.582787
1.816341
3.000157
1.531550
0.395168
0.688212
0.275150
1.661615
0.383135
0.396473
3.358008
0.195082
0.903969
0.787241
0.265594
0.182712
0.682059
0.290576
0.625526
2.525840
1.288132
0.305212
0.213401
0.641132
0.438801
0.090637
0.149963
3.165977
0.437065
0.222060
2.400723
1.588315
0.037196
1.963035
0.866383
0.450901
0.441758
1.715201
0.190089
1.125082
0.159446
0.148859
1.914651
1.356444
1.149518
0.089767
2.401488
0.195572
0.412526
0.469103
0.102747
0.064260
1.014647
0.342227
0.766885
4.914506
0.472349
1.123322
3.005535
1.311315
2.070958
1.964938
0.747107
2.412937
1.270838
0.111821
0.319371
0.079583
2.601904
0.591509
1.393813
0.076073
0.879038
0.927553
1.691063
0.312014
1.172267
1.291324
0.589985
0.028770
0.104839
0.783748
0.094968
1.335601
1.790491
0.983875
1.308077
0.235198
0.358023
1.139898
2.815421
0.192224
0.776493
0.628082
0.089187
0.300278
0.849055
0.444289
0.409302
0.689252
1.635929
0.091851
0.846999
0.494373
1.178429
0.489353
1.073164
0.482196
0.118863
0.109524
0.529216
0.237751
1.041424
0.696215
2.968131
0.654254
0.136590
1.134016
1.170396
0.559692
0.443805
0.993919
0.925061
2.286647
0.101216
1.167380
0.171715
1.103956
0.048706
0.680561
0.182112
1.915744
0.870901
1.338618
0.278147
0.319743
0.133268
2.311519
1.067806
0.270287
0.004640
0.069534
0.595006
1.054626
0.840960
0.505906
0.141388
1.191965
0.078289
1.723746
0.133521
0.568653
0.600531
1.303734
0.403625
0.793503
0.540088
0.673122
0.243583
0.625193
4.107656
0.482363
0.382153
0.832362
0.128367
0.821945
1.824141
0.281354
0.618621
0.682963
0.657932
0.627251
0.825659
2.666703
0.125132
0.140133
0.396843
0.286971
1.755235
0.515608
0.073722
3.039152
1.811401
0.739296
1.141338
0.184741
0.072885
0.103043
1.074605
0.337541
0.827258
1.027560
1.106104
2.123294
0.232059
1.558860
0.581225
0.046824
0.035485
2.323813
0.777892
0.727618
0.458933
0.108343
0.593231
0.664875
0.265840
1.491748
1.328511
0.062483
0.195874
1.640922
0.012777
0.014564
0.398612
1.181899
0.202287
0.509228
1.566454
1.843306
1.156829
0.436908
0.661315
0.437998
0.267007
1.174182
0.155832
1.124297
1.334358
0.197427
0.860902
0.324760
1.191061
2.905203
0.478003
0.154974
0.563742
0.950410
2.508174
0.181585
1.120824
0.101443
3.584585
1.160545
0.117575
0.358105
0.478018
0.348232
1.204110
0.187782
0.145919
0.487043
0.744807
0.966531
1.347967
1.425061
0.371829
2.158736
0.570267
0.048351
0.065807
0.011916
0.392302
1.426243
3.149055
1.219018
2.336686
0.491075
0.382575
1.725611
0.807626
4.814186
2.505960
0.747258
1.134978
0.029767
1.756414
0.060345
0.390666
0.749460
0.261059
0.614642
2.441132
1.406247
0.082041
1.058920
0.722463
0.493138
0.771539
2.977312
0.573577
0.919766
3.242030
1.431267
0.448130
2.501315
0.626374
0.307247
0.365362
1.529569
0.090435
1.967109
1.492799
0.004881
0.488536
0.604822
0.034796
0.240561
0.718235
0.442531
1.351666
1.355388
1.696944
1.061690
0.687347
2.258785
0.367157
0.011604
0.335215
1.864318
3.234171
1.277655
0.591287
2.544946
0.658367
1.647992
1.829745
2.952248
0.074826
0.157356
1.313598
0.172642
0.005756
0.706042
0.178446
0.497935
3.224750
0.220183
0.931477
0.639838
0.810175
0.426515
0.241785
0.465179
0.001350
1.244333
0.311292
0.369106
1.285196
0.803668
0.166818
1.152047
0.319690
0.916371
0.930221
1.410301
0.523567
0.588930
1.216410
0.653332
0.893256
0.570676
1.016808
0.907377
2.834686
1.617887
4.477142
2.317671
7.280407
0.903035
0.468596
0.808628
2.845287
0.888906
2.610584
2.868773
0.357764
0.215682
0.290191
0.024462
1.371699
0.520078
1.231605
0.020152
0.005573
0.376454
1.495576
0.532993
1.422081
0.653135
2.233476
0.429964
2.458600
0.757359
2.916670
1.935919
0.404635
2.726019
1.415541
0.403603
0.753286
0.140787
2.177026
0.636891
1.273753
1.677343
0.534943
0.021205
0.007164
1.097143
0.046198
1.400243
0.074403
1.399677
1.484628
0.080408
0.069386
0.796940
0.674157
1.747675
0.029308
0.483306
0.192723
2.870469
2.457552
0.129170
1.604630
0.283870
0.057308
0.812475
0.865659
0.879187
1.163366
0.627074
0.057571
0.523890
0.327086
0.635335
0.559962
0.337035
0.146667
0.642296
0.040384
0.233347
0.257787
1.676607
0.336006
0.348527
0.449866
1.495196
0.127941
0.496214
0.173228
0.350103
0.407211
0.076244
0.538814
0.143331
0.386464
0.639145
1.170455
2.300298
0.058833
0.473757
0.455105
0.120002
1.537715
1.034502
0.875445
0.240669
2.669501
1.272046
1.164158
3.516356
2.629195
2.465750
1.529173
0.239838
0.234872
0.157322
4.513534
0.399617
0.769467
0.160280
0.980315
2.049778
0.250392
0.042247
0.004780
0.780994
0.720773
1.185946
0.583075
0.845738
0.074599
1.647344
1.151509
1.945000
0.601546
0.310833
0.073550
0.482480
4.335626
1.421819
0.435474
2.462400
1.120184
0.146561
0.136983
2.146508
0.331144
0.124492
0.238932
1.707263
0.308088
1.816085
1.170780
0.666805
2.109537
1.186276
0.029123
0.498123
0.492964
0.635867
3.299250
0.618171
0.325679
1.041089
0.382848
1.309330
2.454501
0.492649
0.119627
2.312638
0.159840
0.626966
1.691571
1.723166
0.921597
2.878570
1.219453
2.154296
0.062769
2.490599
1.212858
0.394510
1.404370
0.498450
1.674742
1.002895
0.091208
1.841034
0.025845
0.646949
0.373778
4.474399
2.771467
0.891192
1.009319
0.295061
0.385416
0.797679
1.034252
0.566657
0.598978
1.571311
2.286427
0.309788
0.951212
0.694124
0.235953
0.383218
0.485325
0.316112
0.268501
0.091191
0.908848
4.600528
0.653322
0.527049
0.975875
0.836689
0.289019
1.045976
0.044178
0.827530
1.014053
3.944887
0.165708
0.318536
0.269397
0.639680
1.728300
2.125844
2.355138
0.318885
1.117475
1.627045
0.775308
0.337745
0.362375
1.384777
0.928763
1.166297
0.020859
1.835293
1.494497
0.961430
1.774234
0.294806
0.027689
0.604266
1.726993
0.326162
0.107781
2.005437
1.840010
1.344884
1.871096
5.097873
0.012293
0.085781
0.628163
1.799578
3.293410
0.464496
0.113922
1.009965
0.192419
1.041601
2.556068
0.652039
0.505392
0.749398
0.183321
0.540209
0.458521
2.867126
0.035656
0.220857
0.221223
0.064365
1.054671
0.020860
0.416500
1.401891
2.171926
0.200690
0.679834
1.317094
0.193250
0.704241
1.683582
1.027649
0.415739
1.501325
0.013796
0.593881
0.532617
0.209167
0.099744
0.408456
1.101892
0.676608
1.985391
1.803370
2.397286
0.261956
1.506860
2.883541
0.559707
3.766067
0.006422
0.083726
5.991751
0.426256
1.796887
2.150232
0.752652
0.396730
0.956150
1.219453
1.789768
0.561983
0.425813
0.190130
0.232043
0.447010
0.970136
0.967640
0.796738
1.258426
3.108803
0.244573
0.232640
1.703851
0.053631
0.123973
0.049688
1.775572
0.062578
0.648360
1.647506
0.069416
0.815122
1.634608
0.534627
0.496923
1.166401
2.864651
1.269703
0.362613
1.043004
0.803154
1.324509
5.179053
1.291838
2.832836
0.438240
0.424959
0.823656
2.343742
0.064115
0.726748
0.128962
0.314250
0.407277
0.190206
0.488184
0.482909
0.003832
0.592253
1.966909
1.667571
0.721510
0.540470
0.957807
2.632402
1.656142
0.363528
2.048652
0.751224
0.938855
0.731258
0.083705
0.420058
0.719622
1.637487
0.334278
2.024141
0.164562
1.866403
1.478080
0.240592
0.449170
2.234160
0.660682
1.191986
0.068417
2.038387
0.082725
0.072521
0.380794
2.805234
2.130727
1.775868
0.441662
0.688190
1.421955
0.181713
1.620984
0.993846
1.185382
0.529704
0.160810
1.490178
1.403284
1.083556
0.867975
0.039112
0.753965
1.316524
2.151392
0.358716
2.914560
0.281727
0.216100
0.560845
2.845632
0.301747
0.355297
0.021529
0.401118
0.956374
3.239229
0.237848
0.591277
0.382490
1.235096
0.229587
0.661646
0.716394
1.801735
0.196464
2.560187
4.106460
3.058386
1.129859
1.036043
0.761931
1.256243
0.191944
0.308117
0.913685
0.646405
0.236916
1.860958
1.109936
1.022251
1.543551
2.672122
2.800994
1.648581
0.302895
0.809606
1.463103
0.640557
0.001347
0.090277
0.201130
0.231282
0.844717
1.183136
0.042357
1.381068
0.958137
0.025324
1.209744
0.347169
1.109118
0.267830
0.008630
1.863021
0.693413
0.935343
0.386944
1.241589
0.601526
4.743399
0.432771
0.272339
2.553428
0.343253
0.047177
0.202739
1.867613
1.685048
1.068596
1.876367
2.311493
1.824514
0.054814
0.637160
0.760115
0.099612
0.248330
0.161085
0.127626
2.546238
0.583566
1.560495
0.170298
0.599088
1.007214
1.069206
0.060001
3.115326
0.458540
0.713884
2.936086
1.269704
1.380970
2.033417
0.009673
1.583511
0.054056
1.931949
0.939844
1.234882
1.210625
0.713754
0.793708
1.407837
3.984901
0.083623
1.898051
0.224774
0.260070
3.505129
0.131165
1.111994
1.426804
0.327829
0.129864
0.502014
2.752515
0.198477
0.431284
0.362444
1.172095
0.352758
0.023383
0.577942
0.181960
0.033287
0.266175
0.247163
2.188124
1.851547
2.632721
0.891262
0.435724
0.646173
0.423411
0.407381
0.812324
0.217323
0.767683
1.537942
0.180667
1.075404
0.609311
2.593096
2.786344
0.862891
0.385518
2.076139
1.419151
1.109351
0.196761
0.594865
3.425892
0.225303
2.183125
0.143691
0.267179
0.128977
0.435148
0.130493
3.324560
0.329822
1.245488
0.381576
1.414286
0.059103
1.055050
0.375531
0.291315
0.207932
0.103421
0.541296
1.874564
0.808619
0.420404
1.536801
0.142240
1.088029
1.077394
2.213361
0.405486
1.820974
0.414048
0.357857
0.040674
0.256625
0.570349
0.320649
0.426711
1.548827
0.505273
0.373035
0.070907
0.115252
0.990408
1.744985
0.181820
0.329059
0.148997
0.542950
0.631371
0.270079
1.813851
0.377922
1.566416
0.198687
0.104969
2.574324
1.853508
1.423649
1.684496
0.194387
0.909559
0.166637
0.649107
1.013782
0.477769
2.432231
2.424500
1.298951
1.202848
0.368367
0.039304
1.461509
0.539560
1.099961
0.900088
0.875255
2.947243
1.316373
0.002215
0.537261
3.460142
1.827516
1.310703
1.426211
0.019571
1.772059
1.150676
1.985545
0.889609
0.689234
0.040150
0.206387
1.054210
0.727413
1.735215
0.031869
0.560369
1.328461
1.421088
0.137728
0.044215
1.594994
2.270874
0.616645
0.624006
0.673824
0.044466
0.530556
0.251207
0.046782
1.756637
0.211602
2.161883
0.815869
3.005695
2.346250
0.490635
1.005321
1.456574
3.769921
0.141693
1.641557
0.178443
1.530833
0.390327
4.347886
1.687461
1.394997
1.280786
0.852284
2.127207
1.450016
0.463068
1.503315
0.255772
1.800941
0.311773
0.313579
0.283131
0.673327
0.378158
0.076832
1.141637
0.222855
0.998855
0.997500
0.109862
0.019653
0.308256
2.048010
5.628972
0.506477
1.131126
0.174158
0.199707
0.000495
0.158880
5.531737
1.396994
2.033191
0.843043
1.003732
1.006534
2.817613
0.529498
1.967525
1.492136
1.136165
0.138539
0.021925
0.185057
0.587433
0.100529
1.894771
1.032874
1.299531
0.655557
1.378561
1.373583
1.370892
0.965134
1.359495
0.154906
0.351543
2.333513
0.392353
0.352246
0.051238
0.386509
0.050824
2.513678
2.208878
1.148995
0.806420
1.774476
0.098875
0.533999
0.930227
1.483229
0.783323
0.986775
2.847989
4.371127
1.283247
1.568711
0.997990
0.598208
0.318187
0.477133
0.219408
0.018829
6.507390
2.817015
0.176925
0.349424
1.853176
0.666879
0.895995
2.236877
1.646449
1.025415
1.672584
1.195486
0.392150
0.455368
0.750503
0.542215
1.511991
0.143186
0.212745
0.389559
1.429744
0.143497
0.371074
0.660668
2.595120
2.836811
2.713535
0.220518
0.386880
0.140072
0.244047
0.384685
0.073560
0.475953
0.952542
2.455520
2.005439
0.230722
1.647088
1.116773
1.879884
0.966607
0.462208
0.188488
4.227688
2.282581
0.892405
1.447929
0.031889
1.523114
0.091663
1.570294
2.472719
0.506825
0.322287
1.838901
0.413975
0.234720
0.039681
1.078251
0.415382
0.294980
3.870162
0.529044
1.005561
0.899891
0.393062
0.692267
1.606571
0.142028
0.189014
1.040772
1.394455
0.781615
1.707092
1.337298
0.580378
0.525835
0.697937
0.638090
0.211840
0.891541
0.306139
0.112666
4.387767
0.774846
2.948065
0.395348
1.380045
4.302349
4.295045
0.092493
0.276962
3.367058
0.691501
2.088102
0.818472
1.738349
0.471024
0.443667
3.137128
0.793769
0.005152
1.233143
0.094527
1.735830
0.590718
0.756108
0.264857
2.965387
0.002212
0.550937
0.773135
0.309144
0.755324
0.746564
1.635525
0.649514
1.914347
0.806501
0.623927
1.825891
1.027019
1.224451
1.631862
0.152107
0.872654
0.451504
3.360815
3.165245
1.278879
2.549583
0.704529
1.297513
0.995633
0.905983
0.799699
0.079672
0.135093
1.528872
0.025359
0.137625
0.231693
0.828913
0.501700
1.335419
0.093744
0.222705
0.241629
2.848107
1.399307
1.135743
1.518556
0.502790
0.485966
0.880458
0.768437
3.412950
2.970783
0.696264
2.588300
1.109838
0.550679
0.563016
0.506132
0.055462
0.026720
2.951003
0.139875
0.165738
1.312794
0.169097
0.330320
2.776489
1.269577
1.126413
1.122993
1.653044
2.083092
2.201366
1.388616
0.990712
0.839711
0.758330
0.024136
3.058928
0.124383
0.821230
2.527207
0.067953
0.063649
1.864140
1.332121
0.663797
0.322248
0.143016
0.774487
0.359319
0.084440
1.107429
0.606199
1.670812
1.743916
1.331377
1.384891
0.785734
0.530506
0.552246
0.435021
0.338482
0.376429
0.109066
2.474984
2.135861
1.007531
2.808135
1.801320
1.393678
0.692732
1.406649
1.701196
0.824301
0.916310
0.806580
0.047685
2.083365
1.161163
0.880986
0.195210
1.460377
0.294664
0.999450
0.866922
0.083799
0.458557
0.399591
0.979761
1.511845
1.401409
3.787506
0.068970
0.069825
0.084117
4.044469
2.981826
1.257223
2.553147
1.533491
0.629978
0.548106
0.774913
0.335377
4.099233
0.149968
1.823554
0.030439
0.014864
0.745340
0.956088
0.213306
0.347119
2.046584
1.737325
2.063846
3.020199
0.212963
0.226200
0.857568
3.551257
3.127925
0.805545
0.038696
0.023918
1.004664
0.020650
3.609475
0.429844
2.857736
1.415323
1.697100
0.453434
0.351558
0.107270
0.427668
0.572122
2.817857
0.474739
0.598614
0.626786
5.045099
1.028672
1.422842
1.997926
0.628349
0.999692
1.690606
1.073946
1.798472
0.496594
0.993317
1.563699
2.892370
1.101448
1.683482
0.863669
1.164907
1.547439
2.627997
0.996010
0.786054
1.364779
5.340674
1.837406
1.872622
0.420345
0.323577
1.544335
1.277018
1.297809
0.290673
1.254185
0.461066
0.011275
0.865302
1.807384
1.030633
0.501978
0.681731
0.649450
1.542094
0.132290
0.312394
1.311642
1.567930
0.086191
0.369630
0.653104
2.038597
0.270219
0.116783
0.534691
3.981918
0.111411
0.294263
1.758113
0.595310
0.757927
0.952375
0.186018
0.298721
2.013024
2.157902
0.987848
2.100686
0.622704
0.622763
0.735734
1.953166
3.165322
6.511404
1.033508
0.085245
0.310365
0.469789
2.065430
0.429863
1.151621
0.435112
0.247424
2.534057
0.621813
1.003320
2.322927
0.840392
2.191576
1.308015
0.017215
0.544077
0.421320
0.206788
1.132757
0.236021
0.073906
0.364533
0.091966
0.765178
1.465420
0.938306
0.499102
1.297619
0.934514
0.037876
1.653029
2.071823
0.531086
1.144972
0.252889
0.100826
0.035187
0.584536
0.016712
0.688369
0.079017
2.508220
0.068347
3.330790
1.044780
0.086791
0.484277
4.834669
0.314628
0.063700
0.226006
0.417306
0.457590
0.342702
2.086905
0.146428
2.291247
0.313142
1.987995
0.705388
0.365315
1.113405
0.478241
1.266046
0.435917
0.925263
1.681824
0.490866
0.047310
1.775133
2.167257
0.130319
1.382805
3.027688
0.090384
0.506430
0.035320
0.635401
0.493325
0.363330
0.759268
0.895738
1.037960
2.294457
2.135749
0.737628
0.036037
1.517332
1.563543
2.286967
0.337975
0.101622
0.843940
1.099354
1.685698
2.568057
0.315378
0.990612
0.372832
0.380814
0.614687
0.219062
0.577820
0.233593
0.160522
0.745070
0.930573
0.202121
5.420712
5.314418
0.668742
0.749859
0.883760
0.143259
0.556435
0.632274
1.064859
0.620169
0.286778
0.590285
0.447182
0.768104
0.781891
2.667288
0.226929
0.441836
1.923295
0.641521
4.254199
0.180437
1.561621
0.588761
0.449139
0.260175
1.059298
0.713602
1.403980
0.299719
1.181323
1.386129
0.293101
0.199396
0.325073
1.837764
0.377236
1.218330
0.370260
3.489014
0.182029
0.818181
0.536656
0.748650
0.099682
3.164379
0.611669
0.353675
0.378197
0.373139
1.475808
0.357676
0.647266
0.824647
1.369183
1.822309
1.563958
0.509137
0.428434
0.787626
1.072827
0.042489
0.349607
2.430565
0.251509
0.849943
1.397719
0.769206
0.324121
0.064309
0.705399
0.585657
0.970354
2.543232
3.515119
1.258521
2.113186
0.558286
0.013920
0.215736
1.344160
1.538184
0.682707
0.243049
0.425932
0.275013
0.055634
0.147959
1.020052
0.515145
1.147624
0.352944
0.587320
3.800707
0.234959
1.098289
0.798965
3.276410
0.227124
1.754712
0.024827
1.235348
0.315126
1.037252
0.996023
0.275173
0.448631
0.712947
1.103735
0.470519
1.216905
0.523592
0.175009
0.221404
0.976513
0.708038
0.578114
1.131630
1.035422
0.081718
0.083467
0.396803
0.471368
0.742892
0.364100
0.880075
0.211737
1.933675
0.792934
0.500877
1.147048
0.848646
0.108998
3.051890
0.245362
1.323965
0.214790
0.865306
0.279349
1.978036
3.087825
2.948444
0.313712
0.122111
0.158042
2.231649
0.973761
0.880032
0.844299
0.310969
1.089747
1.050452
0.903367
0.040354
0.191747
2.302340
0.980293
0.454614
1.407966
0.189084
1.424236
0.575874
1.363709
1.984677
0.495145
3.266698
0.907571
0.876606
0.778585
1.833964
0.589628
0.683878
1.550226
1.254344
0.942362
2.717883
0.934928
0.264791
0.732337
0.195440
0.692942
0.202011
1.758794
0.099483
0.251626
0.002234
5.234401
1.879041
0.458136
1.386413
0.019740
0.135643
0.208029
1.443229
4.548879
0.863542
1.293548
0.881691
0.176905
0.310131
0.555368
0.935492
1.435456
0.240721
0.389116
0.465672
0.160080
2.655409
0.928670
1.100034
0.113457
0.110729
1.897485
2.733438
0.222535
0.075284
2.768375
0.215899
2.523020
0.363519
2.886209
2.802303
0.564966
0.141597
1.214582
0.546524
1.239128
0.560138
0.006983
2.059674
1.189147
0.567569
0.654141
0.611590
1.041392
1.621793
1.770777
1.584557
1.317462
0.570435
0.620086
1.829106
0.775527
0.374194
1.489202
1.343434
0.485606
1.243697
2.706575
0.363065
0.016595
2.099217
0.279435
0.594349
0.009522
2.936611
2.033471
1.272396
0.471324
2.088109
0.897334
0.074017
0.369871
0.075216
0.752592
3.128436
2.078741
0.444188
1.391006
0.934196
1.576853
0.239879
0.591568
0.404837
0.745354
0.249730
0.074687
2.409165
2.698180
0.005215
0.241522
2.978482
2.142586
0.613149
0.506184
2.226792
0.519719
0.309693
0.946664
1.519310
0.153625
0.228547
1.913798
0.600720
0.324025
0.480195
0.523906
0.164498
1.347045
0.173131
1.422040
0.762215
0.465612
0.229815
2.012029
2.279680
0.555663
2.784653
1.649181
0.444695
2.872646
0.022615
0.368329
1.749275
0.655310
1.221860
1.266650
2.171832
3.563002
0.400765
1.100119
0.121098
0.764651
0.733239
0.833873
1.667447
2.312500
3.628105
3.295540
1.024375
0.142031
1.279165
0.191581
0.702502
2.617981
0.041479
0.514731
0.435963
3.857533
0.235888
1.245970
2.555297
0.264607
0.020661
1.380037
1.249011
1.293778
0.628590
0.914400
1.195388
1.593808
0.309807
1.668480
0.402499
1.542064
0.473374
0.153880
1.161704
0.431609
0.111576
0.397537
0.659601
1.756242
0.697907
4.389879
1.403877
0.783082
0.494192
0.113970
0.737903
0.916459
1.715098
0.587375
1.787131
1.835727
0.213994
0.789155
0.835332
1.076763
0.156671
0.306095
0.609087
0.530053
0.078123
1.548841
0.220007
0.601941
2.661129
2.158784
1.623481
0.036361
0.238970
0.336496
1.987883
1.255040
0.319282
0.960693
0.298326
1.088460
1.291303
1.513332
0.305619
0.787769
0.253655
0.100808
0.487181
0.539031
1.026286
3.034755
0.079033
1.544959
0.242832
0.759592
0.220778
0.343542
0.385146
0.503507
1.358675
0.287388
0.328681
0.789191
0.336154
0.678630
1.780935
0.160758
0.232719
0.110763
1.451896
0.626544
1.461510
0.675232
0.281553
0.031952
0.036771
0.633803
0.136210
0.547744
2.172581
1.465359
0.467863
3.272986
0.811220
0.889789
0.681712
1.401571
2.120296
1.681462
0.161793
0.975518
0.065796
0.561259
0.184874
0.429499
2.553592
0.000311
0.688491
0.139058
0.111109
0.305901
0.904823
2.065724
1.404467
1.837443
2.350941
1.563535
0.371362
0.032586
0.238705
0.218557
1.614781
0.881922
0.172485
0.441222
0.192700
1.057506
0.117141
0.056861
0.628441
0.301001
1.134066
0.755566
1.169355
1.877765
2.115440
0.945799
1.879798
0.473347
1.352679
3.047831
1.023394
0.410739
1.747618
0.502740
0.195548
1.311307
0.205469
0.669083
1.437980
0.507642
1.152470
0.829331
4.141455
1.848798
2.530856
0.173605
0.683697
0.031438
0.241620
3.265708
0.343720
2.234209
0.677442
3.927392
1.347042
0.464427
0.896331
0.885206
1.380675
0.405549
0.776331
0.493015
1.109358
0.455266
1.534084
1.882860
0.101206
3.509272
0.408972
1.957904
0.459132
0.020011
0.549055
0.434279
1.983299
0.419940
0.716702
0.442604
0.468187
1.295669
0.384881
1.092836
0.965503
1.668941
1.035752
0.445038
0.202188
0.270467
2.929402
2.683110
0.844822
0.666466
0.386939
0.275221
1.911900
0.111171
0.092599
2.965272
0.078282
0.551837
1.646618
0.586024
0.586844
0.261111
1.588327
0.365724
0.850312
0.367263
1.090478
2.929601
0.034237
4.099107
0.944992
1.058046
1.584580
0.296196
0.012140
3.817829
0.679905
3.185388
2.404333
0.065820
0.588999
0.262069
0.362832
0.352851
0.409107
0.498795
0.282061
0.529419
1.697433
0.054532
1.927697
0.302143
0.332506
1.050537
0.837188
1.935127
3.161141
0.262688
1.620376
4.742206
0.241346
0.533571
1.033238
0.009441
1.108211
1.067736
4.375720
0.178153
0.954127
2.273951
0.257330
0.061843
0.136550
0.757543
0.442059
0.622491
2.575987
0.923970
2.075026
1.350033
1.067496
1.305504
0.001537
2.797000
0.476769
0.840741
1.582803
0.410734
1.607576
0.908266
0.397672
0.014157
0.010323
3.585041
0.023733
1.139813
0.990148
0.010934
1.853466
0.278828
2.385641
0.072779
0.361400
0.036257
0.919739
1.080540
0.691152
0.745068
0.306047
0.467524
0.309337
2.522970
0.108044
0.311431
1.957481
0.657059
1.809180
1.059548
1.706296
1.010159
0.287902
0.158504
1.049526
0.301693
0.126522
1.118867
2.822721
1.375644
1.152726
1.531843
4.672746
0.896967
1.924536
0.348074
0.988331
0.607765
3.090942
0.135595
3.949286
0.246142
0.693652
0.283422
0.148462
0.922974
0.722370
5.730263
0.088056
0.431724
1.050226
2.330510
4.301400
2.305651
0.050593
1.011554
0.175236
0.184138
0.370625
0.106803
2.471030
5.103106
2.164215
2.366118
0.882173
1.344064
0.223280
0.240697
0.216478
0.168004
0.416613
0.192834
0.466551
1.838701
0.548492
0.714996
0.586341
2.757967
0.708382
0.750631
0.338542
0.171620
0.563322
0.319712
0.059757
0.653964
2.407815
0.246857
1.044688
0.248058
0.385728
0.829427
0.240299
0.229671
0.634607
1.608063
2.889955
1.108557
0.013739
0.149743
1.740770
0.437527
0.377537
0.219965
0.217341
1.334202
1.231888
1.018837
1.118441
0.243114
0.182622
3.228980
0.467637
0.910313
0.266630
0.564800
0.080799
0.155522
1.050605
1.293969
0.452112
3.517242
0.341815
0.861151
0.193007
1.424521
0.473288
0.127771
0.560964
0.495435
0.299776
0.292971
1.366738
0.852069
0.600402
2.820225
0.371209
0.173958
0.866056
4.093003
0.470782
1.371640
2.877293
1.382323
0.421459
0.195719
0.199099
0.547373
0.388296
1.776703
0.159408
1.156789
1.615073
0.574248
0.304937
3.757049
0.218465
1.021317
0.101581
0.982403
0.031051
0.439448
2.116486
1.494487
2.646154
0.401904
1.258936
0.273354
0.674567
0.350177
0.251655
2.010728
0.042643
0.181762
0.954808
0.487202
0.421529
1.587897
1.646049
1.095853
0.984704
3.090958
0.432710
0.557872
0.496616
0.952130
0.517886
0.885912
0.292978
0.694776
0.239847
0.334823
1.940877
0.097389
0.062058
1.539439
0.551218
1.497071
0.024985
2.457781
0.074349
0.283906
1.516331
0.120359
0.533349
0.503516
0.691260
1.416013
0.212257
0.365637
0.550027
1.702065
0.302169
1.488626
0.281392
1.056129
0.491675
1.048362
0.274256
1.028230
0.162875
0.603514
2.615864
0.006747
0.789462
4.347960
1.571289
3.495407
1.440886
1.697711
2.154500
1.801411
0.066204
1.092202
2.962921
0.648984
0.062004
0.593098
0.267544
0.289503
1.400932
1.072388
0.071558
0.014525
0.565858
0.377352
1.098472
1.717727
3.319074
2.369603
0.621546
0.121169
0.445656
0.493939
0.128789
2.359231
0.472967
2.442575
2.080808
0.150976
1.309190
1.423828
3.691497
1.579984
0.551184
2.569126
0.316692
0.661365
0.463283
0.705602
1.328849
0.132866
0.179125
1.631050
0.149472
0.906651
0.126245
1.637105
0.538971
0.086010
1.244585
2.116428
0.218816
0.074223
0.313781
0.381804
3.774119
1.038939
0.261929
1.911986
1.543189
3.228815
0.945264
1.432828
1.404121
0.035788
1.154435
0.026202
0.731907
0.057152
0.759396
0.293335
0.198411
1.190890
0.060285
0.383907
0.345558
0.194926
0.132689
1.233837
0.300456
1.809123
0.887620
0.608898
2.383121
1.949725
1.484663
2.160917
0.700891
0.003863
1.335578
0.342714
3.331244
0.428350
0.052900
1.268222
0.483815
1.332904
1.364653
2.328743
1.569444
0.323768
0.170562
3.568672
3.598342
0.242470
0.343352
0.307621
0.498268
0.535929
3.635629
1.055372
0.289119
0.825533
0.114275
0.172943
0.544184
2.132074
0.044574
2.571015
2.165127
1.516809
0.240418
1.893899
0.138120
0.308192
0.839757
0.718626
0.001517
0.375007
0.536417
1.576751
0.889885
0.848561
1.448857
0.825372
1.547792
0.057389
1.752926
0.198086
0.636101
1.611272
1.781638
1.279143
0.449989
2.807185
2.124766
1.523489
1.720561
2.578789
1.222789
1.225193
1.219842
2.516926
0.811514
1.794138
0.203977
0.132389
0.425119
0.205837
0.573970
1.433252
3.881915
0.026356
0.405622
1.364729
0.886587
0.128653
1.611056
0.535586
0.357277
0.316042
0.242123
0.141632
4.919268
0.861341
0.074383
2.065417
0.445436
2.232300
1.596367
0.067259
0.913837
0.697340
4.156638
0.168220
0.409204
0.184955
0.326883
1.146110
0.438338
1.257187
0.586263
0.406888
1.353088
1.500740
0.082112
0.399730
2.280389
2.113243
1.363254
0.220867
0.162667
3.199403
0.400830
0.154109
0.769205
0.514031
0.016186
2.264074
0.349045
1.678919
3.247301
2.241078
0.379091
2.908837
0.049704
1.053652
0.121399
0.396487
0.405665
0.633392
0.043814
1.500871
1.627056
1.534455
0.807658
2.139820
0.120955
0.601215
1.433296
1.952627
1.049912
2.425932
1.699979
3.925473
0.055963
0.436850
0.481570
0.073088
0.287689
1.129565
2.153352
0.237149
0.845093
0.222422
0.170299
0.964880
1.902199
0.315953
2.924189
0.203619
1.347527
4.524469
3.251680
0.784409
1.485392
0.724411
0.555012
2.184914
3.418682
0.207533
1.368894
0.960441
0.104270
0.827649
0.910167
0.166578
2.487180
3.898632
0.253505
0.182555
1.068733
0.114099
0.474795
0.257527
0.367089
0.764803
1.870868
0.171990
1.637223
1.571669
0.418914
0.788774
1.520792
0.361730
0.093442
0.809788
1.708815
0.723903
0.584401
1.542547
1.212533
0.208467
0.516575
1.617343
1.390691
0.000983
3.101490
1.102478
3.948339
0.197162
1.800682
1.014096
0.337954
0.239274
1.997374
0.901462
1.375850
1.238975
1.394473
0.804874
0.698403
0.099020
0.103644
0.334190
0.507174
0.207840
1.827158
0.244271
1.213374
0.330855
0.002893
0.519806
0.634619
0.521430
0.231855
0.249692
0.523087
0.176686
2.197433
0.491064
0.416879
1.286361
0.025621
0.987978
2.757137
2.203681
0.250638
1.151703
0.916098
3.639403
0.270180
0.108191
0.070430
0.408287
0.488780
0.627009
0.739977
0.255868
1.147396
0.255773
0.708151
1.156539
0.997084
3.785772
0.096242
1.820069
0.220981
0.691285
9.762142
0.091217
2.181194
0.416791
1.665510
2.434843
3.458174
1.376077
1.619450
0.210978
0.564463
0.514023
0.179055
1.102898
0.702105
0.263897
0.003309
2.217187
1.196535
0.746925
0.124250
0.478517
1.393765
0.978929
0.067984
0.482736
0.920287
0.171359
0.249606
1.608755
1.068711
0.249532
2.180752
0.784478
0.824798
1.197160
0.608863
0.755425
0.589475
0.298437
1.274387
2.093267
1.078629
2.157083
0.787037
0.179603
0.123621
0.794322
0.057081
1.682256
0.077195
0.189133
0.216099
1.749573
1.592631
0.301199
0.234532
0.507840
0.540512
0.562034
0.220733
0.076988
1.052072
0.088954
0.961659
0.238845
1.528142
0.076635
1.357327
0.259345
0.403161
0.621850
0.111110
4.795653
0.426772
1.049731
0.169759
0.623012
0.220747
0.237768
0.325342
0.317965
0.484408
0.638780
0.103721
0.199120
1.317264
0.367566
0.864538
0.162146
1.337634
1.499791
0.253323
0.491547
1.980036
1.842153
0.918251
1.035630
2.468600
0.420735
2.067046
0.283813
1.642403
3.844393
0.272894
0.167086
0.990392
0.502459
0.961149
1.752438
0.932862
2.256334
0.104273
4.657716
0.457806
0.220079
0.187608
0.104764
0.703454
1.385552
0.286544
0.277944
0.747894
0.640419
0.996909
0.491960
0.377538
0.263660
0.034147
0.261039
0.856139
2.375281
0.647871
0.480759
2.168162
1.257615
0.766922
0.721919
0.117239
0.166180
0.416774
1.263019
0.049582
0.579553
1.230019
0.537345
1.014443
2.110093
0.723948
0.153760
0.990442
1.445245
0.486432
0.168685
0.270812
0.016297
0.784821
0.802277
0.284926
0.861257
1.520705
1.732346
0.662387
0.298789
0.229183
0.462025
3.647835
1.348524
2.155669
0.088372
2.239452
0.254898
1.618383
2.844828
1.093195
0.712318
0.442479
0.359897
0.491460
2.061396
0.588380
0.016999
1.013450
1.771709
0.188839
2.073662
1.871602
1.258355
0.555071
0.098775
0.347076
0.232450
2.491136
1.503410
0.626788
0.130110
0.159726
0.579189
1.983246
0.032313
0.742815
1.410019
0.296792
0.394537
1.196392
2.546666
1.804860
0.056862
0.253486
0.253306
2.631076
1.104681
0.275260
0.832488
0.690433
0.532229
0.578587
0.422760
0.137636
2.004544
0.577709
0.547892
0.075466
0.440059
0.222471
0.773021
0.650093
0.426308
3.818112
0.416093
0.476234
0.697673
0.101194
1.009732
1.761810
1.579682
0.814955
1.089956
1.892030
1.519826
2.185145
1.501632
0.597716
0.137154
0.418958
2.967620
0.778420
1.521326
0.347204
1.107008
1.040880
1.317350
0.095725
1.271342
0.092288
0.343545
0.298310
0.835080
1.015650
0.269134
2.370237
0.016856
1.340241
0.002788
1.056697
0.835826
1.593285
0.235392
0.261692
1.038395
4.709289
0.125326
0.550279
0.581466
0.282303
1.450212
0.493471
1.545636
0.791990
1.148333
0.609316
0.215564
0.536128
0.793109
2.447134
0.699464
1.822089
0.188003
0.071828
0.646541
0.523146
3.723480
0.678969
0.157314
3.845954
0.156956
1.244961
1.493332
0.438501
2.852499
0.547066
0.424627
0.061972
1.861535
1.546032
0.365349
0.941726
0.194076
0.097469
0.170911
1.960697
0.796613
0.432348
0.320523
0.101712
0.307171
1.502285
2.733719
0.572458
1.875280
0.529615
1.852845
1.729000
2.343706
4.489495
1.615316
0.050543
1.206715
0.859318
0.517992
1.030360
6.167749
1.387376
1.214739
1.848141
0.770414
0.009301
0.602422
1.250307
0.107727
0.940632
0.850556
1.053468
3.234893
1.877667
1.378263
0.255035
0.979317
1.148876
1.081677
0.636995
0.098909
0.701549
0.347657
6.322162
0.679159
0.099633
0.048656
0.215397
1.112854
0.601070
1.813391
1.106496
0.225704
0.776773
0.716937
1.344093
0.797109
3.331773
0.602954
1.054109
0.853056
0.025964
0.360641
0.764697
2.061076
0.052088
1.425600
0.687395
1.323365
0.545778
3.449431
1.759896
2.587505
0.303669
1.749512
0.540854
0.441184
2.068559
0.945533
0.028508
0.393646
0.594982
1.195311
0.749618
4.468870
0.234640
0.310169
0.771995
0.190452
1.271123
0.209989
1.375568
1.366936
0.677624
0.331047
0.961802
0.782925
0.042349
0.122069
0.323924
0.620034
0.086810
0.110521
0.489173
0.423187
2.670370
1.632789
1.209888
1.631712
0.538100
1.308872
0.139047
1.999310
0.557333
1.070800
1.918078
1.011728
2.576267
0.495971
1.659810
1.031214
0.868520
0.814477
0.491905
0.075376
1.826089
0.006356
0.955912
2.123790
0.129253
2.227788
0.419305
0.228655
5.765310
1.306977
0.797265
2.626088
0.763525
0.289297
1.316935
2.998193
3.967821
1.979471
1.685748
0.524842
0.732145
1.102034
0.045794
0.585309
0.060627
1.928169
0.090464
1.019581
0.530543
0.644418
1.244307
0.288579
0.656562
0.396602
0.140522
0.922855
0.247989
0.641678
1.645138
0.243981
0.226844
0.440763
0.155644
1.335350
0.935638
2.088932
1.161733
0.888554
1.339557
0.696655
5.843379
0.297277
0.185795
0.042763
1.204733
0.259266
2.267678
1.545152
2.022201
0.368404
0.303477
0.866301
0.818336
1.359151
2.374015
1.170957
0.424248
0.135276
0.178555
0.165762
0.420105
0.456458
0.711732
0.667789
0.109157
0.124285
0.451518
1.562873
1.222889
0.106892
0.345619
1.213089
0.444008
0.619477
1.364863
0.060565
1.171687
1.024522
1.867485
0.815976
2.979751
0.113439
0.147675
0.709336
1.899538
0.045188
0.220596
0.218281
0.187182
0.448604
0.429019
0.720991
1.301796
1.952347
0.000889
1.780033
3.686117
0.452915
0.972423
1.141162
0.626621
2.454013
0.483332
1.738095
0.471326
0.136804
2.144835
0.068260
1.464867
1.303428
0.977567
1.266153
1.805708
1.431554
0.256332
1.158376
1.636012
0.551777
2.137958
3.727711
1.539706
0.262609
0.672721
0.720545
0.093231
0.674464
0.422938
0.066084
1.929631
3.402642
1.364532
0.386256
2.126674
0.136708
0.156126
0.296511
0.295222
0.027845
0.389456
0.024831
1.410022
2.925265
1.357168
0.895273
1.228991
3.464986
0.325049
0.718787
0.498899
0.173893
0.670621
0.196450
0.495232
3.830041
1.177235
0.653132
0.632733
0.037443
0.784242
0.391059
0.003472
0.339726
1.033004
2.156171
0.537527
1.554061
0.151783
1.113045
1.693219
0.622503
1.190624
0.848482
0.527209
0.577285
0.178457
0.124614
0.523077
0.581513
0.993764
1.609976
0.917694
0.126049
3.838064
4.725226
0.101722
1.109678
0.636234
0.833747
1.227876
0.014355
2.200403
1.239778
0.359947
0.762080
0.903335
1.266189
0.388486
1.330328
0.493541
0.148490
0.221906
0.089386
1.237622
0.938433
0.742521
2.066458
1.294341
2.679368
0.377336
0.439654
1.314908
2.463641
0.642776
1.237756
2.364534
0.846039
0.478521
0.472768
0.146727
0.091443
0.495900
0.026048
1.599183
1.181770
0.818749
0.498769
0.529942
2.128080
0.137347
1.613947
0.019107
0.396518
2.175137
1.305091
2.750455
0.528471
0.921853
1.084777
0.418380
2.483306
0.017923
0.076222
1.780278
0.677142
1.529495
1.337183
0.064882
0.178715
0.121197
0.222259
0.289073
0.703437
0.254897
0.050221
0.221124
1.532571
0.582865
0.940952
1.093489
0.844052
0.528724
1.151634
2.276694
0.352471
0.532274
1.792630
1.229447
0.015064
0.684190
0.050697
2.680688
0.720035
0.131046
1.439243
0.005211
2.366353
0.693764
0.070443
0.072392
0.953082
0.311034
0.386951
0.127342
0.677893
0.461808
0.382653
0.323426
1.668977
2.626852
2.835134
0.480613
0.413000
0.981281
0.327078
1.008924
0.038638
0.119292
0.419972
0.054300
0.936372
0.498186
4.156414
0.129217
0.724000
1.375272
0.135150
0.547090
0.284404
0.216210
0.675704
1.980403
0.619423
1.671728
3.992901
3.080410
0.200813
0.355967
0.261877
5.035184
0.257733
0.188360
0.470149
0.833644
1.593825
1.061499
0.224301
1.800323
1.454634
0.784956
2.185753
0.469150
2.752444
2.055282
0.684551
0.600421
0.965408
0.973121
2.061900
2.015226
1.695718
0.452541
1.304516
0.326115
0.193667
1.238737
0.264405
0.443172
0.009802
0.621257
0.433090
0.270436
1.006257
1.296777
1.621965
0.564346
0.479088
0.003421
0.309277
0.159190
0.792471
0.166798
0.737376
0.660687
0.025905
0.017468
2.732181
1.034919
1.020026
1.648755
0.716323
0.608708
0.188381
0.274636
1.325103
0.427356
3.003786
3.398052
1.223400
3.222774
0.560880
0.058975
0.219536
0.065828
1.531821
7.820768
0.683150
0.179737
0.003019
1.431286
0.373496
0.799151
2.460737
1.791611
0.034377
2.816759
1.901292
3.464644
0.879346
0.673421
1.498016
0.101369
2.918510
2.958967
0.410304
1.140092
0.350830
0.338207
1.040642
0.001670
0.283833
0.079114
0.060746
0.587377
0.150559
1.850213
0.586655
1.007172
0.007333
0.592089
0.503764
0.384167
5.849601
0.371609
0.165218
0.031400
0.288451
0.002920
7.896265
1.804979
0.679155
1.496353
2.687106
0.577928
1.288014
0.312622
0.126869
0.020283
0.810639
1.452104
0.021987
1.622188
1.845084
0.084126
0.283359
4.004208
2.570220
1.173011
0.958444
2.670576
0.147799
0.012334
0.287376
0.144465
0.389545
0.514267
0.180834
0.851466
0.519154
0.180389
0.525488
2.282107
2.832065
0.416509
0.410786
1.094494
0.939378
0.608847
1.156356
0.179791
0.250958
1.227979
3.413950
0.066068
1.550231
0.240595
0.046771
1.242306
2.347642
1.085316
1.027418
0.042700
1.122281
2.224145
0.193968
5.842469
0.348000
0.418159
0.844690
1.200239
0.706834
3.865278
0.908344
0.594036
0.385219
2.713267
0.120132
2.642654
0.493809
1.602293
0.098035
0.945841
0.704577
0.062378
1.125717
0.347408
0.320635
1.277528
0.004777
0.196888
0.483664
1.040822
0.249127
0.059690
0.773654
0.505564
0.056614
1.787232
1.341615
0.981766
0.758123
0.281533
0.927336
0.137268
1.181817
2.578240
0.063945
1.642352
1.916781
0.600835
0.928975
2.924407
0.065385
0.117347
0.006799
1.342752
0.517862
0.330015
0.616461
0.525893
0.615825
1.855517
0.057426
1.140446
2.318420
0.902596
0.080298
3.137583
0.556977
1.691381
0.872186
3.182452
0.063056
0.206234
0.090778
1.404003
0.117039
0.161018
0.822946
3.306896
0.917216
0.181409
2.404327
1.089643
0.323834
2.482302
0.515063
1.142052
0.220069
1.985482
0.094101
1.071021
1.225242
0.157376
0.411984
0.936199
1.347466
0.535842
0.831253
0.182918
0.262091
0.158363
0.134308
0.344842
0.404692
0.238840
0.047150
0.585671
0.448137
0.933741
0.521951
3.258469
1.482035
0.380253
0.981406
0.050719
0.264957
0.028146
1.310411
0.562642
2.211273
1.715355
0.091720
0.908204
3.373128
0.553915
0.228956
1.223563
1.833383
1.465916
2.063435
0.073310
2.472116
6.617106
0.449973
0.285567
0.237144
0.524942
1.176615
0.849345
0.015449
0.103493
0.763265
1.551900
0.535510
0.173252
1.817750
1.042393
0.206812
0.839099
0.080872
0.080414
0.491023
0.180716
1.120915
0.436519
0.893141
2.109120
0.061384
0.563454
1.043525
2.695936
0.696046
0.828699
2.676312
1.993644
1.670221
0.153507
0.317746
0.700119
1.253901
0.339034
0.920779
0.285642
0.078715
0.016557
0.523476
2.445371
1.090080
0.902314
0.656249
1.352853
1.113633
2.034134
2.373284
0.424120
0.252218
0.688075
0.254002
0.331929
2.634121
2.056497
0.242050
0.561532
0.571782
0.158019
0.347385
0.284057
0.340341
0.833972
1.389300
0.003087
1.918828
0.434700
0.289753
2.643919
0.460389
1.076148
1.846578
0.033321
0.292311
0.390719
1.488418
2.591602
0.213981
1.142866
0.315745
0.537102
0.196689
0.683325
1.197404
0.112913
0.457543
2.441912
0.768813
1.622752
0.060995
1.771393
0.051211
0.427165
0.503491
1.612801
0.431902
0.286089
0.166306
0.922002
0.195677
0.738510
0.302961
0.020148
0.809562
0.723268
0.420644
0.399310
0.579704
0.767898
0.010367
1.240259
3.027707
0.209324
0.230364
1.048669
0.350466
0.850781
0.826911
1.784250
0.470906
0.972263
1.084654
0.554230
3.487341
0.059288
0.256386
0.385875
0.365815
0.477020
2.556482
0.661825
2.318152
0.203090
0.701254
0.609710
1.199419
1.880023
1.540421
0.149158
0.483577
1.589748
1.892182
0.407968
4.192467
0.056584
4.173117
0.329242
0.988678
0.792300
0.119468
0.003502
0.185091
1.489831
0.560333
0.148952
1.784707
1.064611
0.613475
0.149106
0.035117
0.479580
0.974486
2.749691
0.831839
0.135420
0.498475
0.305687
3.652137
0.196323
0.514080
0.442374
3.660340
0.289293
1.179248
3.198271
0.365600
1.130369
0.274040
2.720401
0.253968
0.434337
2.774949
0.499647
0.135700
0.456698
0.758528
3.195384
0.022007
4.623217
0.102666
0.057920
0.463840
1.273628
4.869984
2.747118
1.876248
0.485922
0.222232
1.719815
0.828105
0.919345
0.196491
0.770892
1.913430
2.047024
0.686305
0.172743
0.794001
1.332812
0.097390
1.479511
0.092742
0.030919
0.180930
0.242667
0.505961
1.194520
0.191786
0.542730
1.162606
0.317575
0.644575
0.060244
4.863109
0.630061
5.176657
1.827034
1.912649
0.215204
1.078841
0.536887
1.583980
1.822643
3.054102
1.042052
1.235406
0.596750
1.639466
0.297397
0.205386
2.289812
0.029945
0.320535
2.647333
0.216923
0.672768
0.394872
2.227093
1.091306
1.366783
0.866283
2.753735
0.248703
1.015983
2.639234
1.163566
1.000507
1.459700
0.776401
1.748299
0.558100
3.109488
0.969621
0.309391
2.388264
0.312034
3.704596
0.442565
0.076837
0.264800
0.783686
3.599918
0.304004
1.701112
2.321097
0.610922
0.367051
0.258859
0.429719
3.556029
3.617212
2.642214
2.383345
0.214842
0.836441
1.809980
2.128304
0.221966
0.926433
0.546284
0.025305
0.032256
0.472051
1.037783
0.353605
0.334759
2.451132
0.319156
1.027509
4.403336
0.704973
0.205038
3.229876
1.461104
0.002907
1.982473
0.255111
0.371250
0.094684
0.854439
0.330696
0.065587
0.699718
0.209900
0.296809
0.072597
0.026013
0.148239
0.313454
0.993480
0.817978
0.348238
1.083099
2.732681
2.810587
3.201596
0.247750
1.921648
0.264669
1.977228
1.841357
1.341009
0.048068
1.618658
0.706108
0.051118
1.090963
1.315307
0.446228
1.404243
0.365408
1.025934
1.703362
1.657373
1.777108
0.077684
2.115158
1.941775
0.238915
0.160718
0.666047
1.474886
0.584360
0.159840
1.224687
0.481862
0.113194
2.598235
0.269190
0.414854
1.547133
0.080559
0.081190
1.796209
2.113913
0.878080
2.153362
0.783822
0.379838
0.279540
0.353523
0.973163
2.166370
0.122981
0.564710
1.259769
0.211293
0.372312
0.850577
0.515806
0.614944
0.060914
0.191374
2.321420
0.231700
2.122989
0.334401
0.376643
1.639494
0.734460
1.059590
0.899101
0.910397
1.314470
0.557110
0.647927
0.379510
0.372579
0.020421
0.999214
0.809487
0.382731
0.292957
0.580391
0.568672
1.156518
0.170315
0.978661
5.594373
1.307234
0.027543
0.608089
1.553667
0.224824
0.442351
5.369826
0.085198
1.026410
0.369882
2.185618
0.176671
3.285709
0.655189
1.425369
1.184070
2.383732
0.269778
0.009821
0.246974
0.296608
1.026117
1.486125
0.854886
2.259041
0.240891
0.008427
0.869812
0.463106
1.001243
0.860977
0.105479
1.078059
0.033413
2.194949
1.973914
0.494848
2.154000
2.860464
0.032571
0.214636
1.774015
0.215660
0.169308
0.372523
3.069832
1.895256
0.246924
0.210749
1.962497
0.575611
0.591832
0.695343
0.237485
0.021587
0.505252
0.554193
0.030199
3.799414
1.590314
1.085671
0.809383
2.265726
0.388710
0.886073
1.536564
0.202309
3.819671
1.105220
0.134578
0.010162
1.980696
3.129596
0.228284
0.017938
0.310979
0.171587
2.021156
0.665669
0.427243
1.298249
2.573206
1.581736
0.258884
0.145142
1.691396
0.980120
0.822265
1.867465
0.922183
0.441149
0.708890
0.171046
0.291621
1.771247
1.366278
0.038564
0.013122
1.283775
1.226531
0.149604
1.320961
0.840994
0.100059
2.768168
0.883088
0.450180
0.099705
0.605125
1.887545
0.584456
0.199652
1.479579
0.270462
0.526061
2.379110
0.054151
0.034391
0.630984
2.284708
1.011030
1.740886
0.520886
1.576840
0.080759
0.269037
0.772880
0.122635
0.286245
0.302903
1.726562
0.490816
5.194016
0.495647
0.659885
2.683456
3.786249
1.868050
0.026929
0.564426
1.184603
0.633295
0.947518
0.628106
1.224628
0.021602
0.468031
1.422312
0.056756
1.843248
1.070142
1.175488
1.097611
0.065122
0.663015
1.362251
0.355150
0.023292
1.961337
0.793749
0.334567
1.143928
2.744613
0.326842
0.075002
0.542688
0.236325
0.050849
0.307057
0.270556
0.655641
3.182635
1.224874
0.097821
0.553251
0.531604
0.121669
1.602901
0.187755
0.186010
1.022724
1.761557
1.973758
0.366319
2.218881
0.424298
0.051962
0.210969
0.460123
2.407554
1.339620
1.058853
0.895017
1.120188
2.687498
1.089626
0.097169
0.153647
1.249093
0.441593
0.477181
0.215828
0.379085
0.089569
0.338716
1.348749
0.689182
0.513953
0.774625
1.106229
0.847717
0.197853
0.687998
0.566822
0.665976
0.492148
1.507087
0.769732
0.864859
0.159277
0.592086
0.381178
1.611371
0.038977
4.680487
1.318020
1.210275
0.087000
2.077524
0.536348
0.580376
0.293338
0.939677
1.409868
0.415372
2.268774
0.685694
1.819658
0.354441
0.036024
0.707479
2.040552
0.241935
0.004544
0.360565
1.207715
0.499592
0.084647
0.271787
3.579515
0.259293
1.154584
0.341160
0.029212
1.283876
0.328199
1.431812
0.553251
0.451148
1.010284
1.832850
1.626661
2.208317
0.596545
0.819254
0.261391
0.424419
0.057099
0.070357
1.033625
0.095281
0.855792
0.722221
0.364959
0.866518
1.698517
0.006919
3.604861
2.284827
0.280877
2.898960
0.135374
2.654845
0.266539
0.168892
1.057649
0.721041
2.483202
0.080832
2.094414
0.803875
2.497318
1.140287
0.584335
0.457259
0.273795
1.116399
1.247694
0.349574
1.348929
0.441795
0.487587
0.379119
2.051410
1.176581
2.254964
1.166330
1.199198
2.024434
0.883582
2.872511
1.675850
1.249358
2.064620
0.047957
2.030358
0.746257
0.822299
1.538216
0.925114
0.575253
0.411953
0.736490
0.125234
1.514893
2.190972
0.441956
0.602779
0.918858
1.056224
0.214671
3.173530
0.038873
0.710759
1.769553
1.308578
0.517266
0.729983
0.559246
0.317156
0.110689
0.464902
0.088432
1.704267
0.280954
0.140941
1.160932
1.473157
1.177782
0.638738
0.468905
0.138660
1.659083
2.258771
0.283937
0.891244
1.531150
0.927372
0.043499
0.485709
0.296577
0.268873
0.419894
0.349230
1.364489
0.189315
0.024872
0.160569
1.172981
0.603170
0.544941
1.586405
1.741420
0.702709
0.950453
0.072211
1.011199
0.357018
1.835492
0.397879
1.479646
0.241789
0.611997
0.872198
0.116870
1.220505
0.188529
2.244434
0.370089
0.241294
0.326771
0.834639
0.598109
0.971895
1.971396
0.216464
1.580409
2.165457
0.420039
0.662940
0.412834
1.440128
0.328512
0.177879
0.311784
2.239047
0.264776
2.344219
0.215274
0.075896
0.264401
3.380263
0.339488
1.171400
0.793918
0.507771
0.502504
1.272084
0.345561
1.218456
2.720263
0.846132
0.315098
0.484982
0.213891
0.140435
0.864956
4.317910
0.016457
2.549878
0.637407
0.437808
1.155218
1.391685
0.728788
3.054883
1.035030
1.386810
1.944559
1.823027
1.732828
0.093524
1.631814
0.117750
1.511184
0.434413
0.711813
0.191570
0.074840
1.616580
2.109088
0.006270
0.465775
0.161265
0.495186
0.832214
0.328440
3.489137
0.802041
0.351369
2.219914
0.023192
1.052186
0.858949
1.488415
0.184323
0.753459
0.543097
2.506683
0.488109
0.297756
1.353548
0.645307
0.063945
1.915688
0.294170
0.534945
0.449426
0.560695
0.666324
0.178444
0.367937
0.678570
0.767398
0.610228
2.147297
0.106134
1.334562
1.915103
1.056367
0.033560
1.362792
1.124572
1.151473
0.386321
0.596889
1.911639
1.895204
2.028994
1.472392
0.269091
0.134732
0.718059
1.242800
0.208247
0.454227
3.389511
0.922037
1.298529
0.503292
0.092882
2.211795
1.215039
0.870736
0.555608
0.174442
0.624661
0.748602
2.271097
0.381598
0.197544
2.656462
0.063244
1.927334
0.950968
0.480835
0.362323
0.626976
0.263244
0.189316
0.269736
0.629932
0.354570
1.381191
0.196985
0.666542
0.120793
0.156738
0.093005
1.837904
0.777691
0.195419
1.314329
0.279497
1.422405
0.171527
0.517365
0.252861
1.153897
0.357692
0.777953
1.994002
0.262034
0.921153
1.266966
1.858851
4.114970
0.022509
0.370982
0.242223
0.216581
0.790457
1.147250
0.679754
0.349676
1.975358
3.900929
0.525712
0.006381
0.071053
0.287302
0.791631
0.282492
3.966498
1.564133
0.004977
0.149292
0.216467
0.259274
1.733175
0.683896
1.465523
1.161961
1.294147
0.463597
0.519939
0.844009
0.437973
0.558093
2.119932
0.843449
0.974009
0.555688
0.290710
0.122950
1.278000
0.120537
0.100338
0.139574
0.127738
0.179194
0.478014
1.099044
0.527894
0.447924
0.611643
0.536346
0.692606
1.056077
1.031439
0.390095
0.159623
0.531963
0.010187
2.066750
1.530315
0.537132
0.585945
0.148720
1.853289
0.390646
1.230883
0.626822
1.385108
3.224705
0.870850
0.636973
0.076652
1.129711
0.919749
0.215304
1.838409
3.982851
1.969792
0.289128
0.419180
0.382807
1.097219
1.846073
3.514507
0.370641
0.180505
0.125306
1.281062
0.192719
4.730296
0.704795
0.893709
0.570215
1.032768
0.569415
1.418721
0.433780
2.301151
0.708626
0.374224
0.656355
3.853238
0.487704
0.172135
0.867905
0.866713
6.973831
0.824481
0.580146
0.287879
2.342908
1.419804
2.481107
1.370800
1.303705
0.256258
2.421902
1.872419
2.962598
0.090509
1.816615
0.605330
1.131337
0.317483
0.103236
0.118268
0.030457
0.597893
0.011464
0.771493
1.436359
0.678574
0.726635
0.160373
1.052094
0.101630
1.301375
1.049417
1.073454
0.183954
2.302642
0.825825
2.607273
1.694752
0.368491
1.063460
0.043339
0.247782
0.695128
4.680805
0.365288
0.413116
0.588489
4.098469
0.942726
0.782897
0.099759
1.022856
4.954798
0.112433
0.196150
1.407145
0.913801
1.186060
2.336475
0.287412
1.566448
0.997433
2.299143
0.596726
1.605452
1.607744
0.011582
1.292679
0.957155
0.385276
0.478369
1.074200
0.774807
2.130281
1.047418
1.865690
0.247962
0.098707
1.763828
1.772229
1.013109
2.571206
0.635784
0.993880
0.030356
1.045804
0.486167
0.991291
0.420328
0.340173
2.109486
0.144313
2.519844
1.506678
0.876522
1.268437
0.862788
0.904577
0.587337
0.215711
2.465391
1.739554
1.913662
0.605560
1.222807
0.696389
0.355878
2.593045
0.905376
0.137028
1.407535
0.264645
0.052991
0.255840
1.983287
0.085025
2.074055
0.284227
1.239302
0.245253
0.767348
0.889438
0.433674
0.607493
0.458025
2.743398
0.191178
2.909265
0.757015
0.962882
0.150260
0.590518
0.584491
4.825447
2.304502
0.160413
0.680419
0.222686
0.076251
0.093438
0.397033
1.764166
0.388206
0.476906
0.055940
0.203477
0.617688
2.641268
0.564781
0.187805
0.158085
3.419558
1.428523
0.689353
0.549148
0.136743
0.568716
0.907759
0.076114
3.343411
0.241794
0.239280
0.528724
1.071170
0.229140
0.372275
1.637840
1.198582
0.714307
2.112102
1.549208
1.821127
1.229930
0.115760
0.245205
1.435868
0.347322
1.134031
1.173833
1.290757
1.893726
1.814269
1.178340
0.941166
0.408183
0.121907
1.338010
1.464864
1.242512
1.665599
1.322660
2.605365
0.024015
0.155740
0.875908
0.259434
0.607067
0.492850
2.615788
3.367432
0.312157
1.253421
1.628002
3.722245
1.736048
0.021361
1.339074
0.124664
1.201977
0.559897
1.846074
0.796046
0.308940
0.764332
0.172828
0.918588
1.047323
2.266743
0.461731
0.447015
1.228516
0.109126
0.337699
1.313051
0.284488
2.041038
3.206787
1.212858
0.300056
2.175101
1.103150
0.749414
0.918486
0.638383
0.699521
0.552797
0.679222
0.275870
0.780599
0.213675
1.108119
0.484529
1.352010
2.742574
2.505527
2.302567
0.768978
0.838153
1.591347
2.367887
2.630499
0.700418
0.009751
0.241495
0.267388
0.297469
0.088453
0.215843
3.217835
0.421406
0.083970
0.989222
2.049750
1.143876
0.105348
0.469059
0.112139
0.898886
0.955806
1.043977
1.538824
0.335918
0.032483
0.747914
0.249634
3.002316
0.556250
1.416454
0.729437
0.252307
1.089897
0.590188
1.296879
1.119182
1.079765
3.250386
2.670143
1.366406
0.168867
2.213805
0.093053
0.269082
0.731576
3.221062
2.492995
0.964532
0.407212
0.023696
0.238023
2.995631
1.112811
5.871825
0.268289
1.215124
0.741979
0.609224
1.060319
3.005264
0.240360
0.188107
0.190517
2.098861
0.960377
2.303434
0.800414
0.325143
1.975626
0.657037
0.022812
0.016845
0.465742
0.118118
0.291187
2.218067
0.074180
0.186284
0.713389
0.520864
0.214902
1.279540
0.440037
2.000599
1.269461
0.894777
0.839497
0.278189
0.048695
0.250678
0.214829
0.302706
0.499558
0.456951
0.149182
0.010508
0.310437
1.169394
0.339718
0.137194
0.187607
0.371909
0.156541
0.783926
0.548167
0.506713
0.570171
0.680206
0.838148
2.893000
2.297400
1.430744
1.097888
0.294999
0.982470
0.486852
1.875809
0.215283
0.989636
2.247129
0.536852
1.723776
0.168989
1.653472
0.208745
0.348238
1.709638
0.607468
4.105252
0.113278
0.875798
0.167914
0.540736
1.303330
1.197209
1.830535
0.134562
0.142180
0.405204
1.182181
0.080262
0.264799
0.605612
1.360823
0.669641
0.083245
0.138105
0.407783
0.319601
1.415849
0.260293
1.167884
0.864860
0.485573
0.688342
1.457949
1.135458
0.380763
0.251747
1.085417
0.551227
1.640047
1.697247
1.841614
0.764435
0.723146
1.142912
1.079706
1.042172
0.014373
0.436484
1.288941
0.283570
1.650025
0.631089
1.328091
2.187734
0.908770
0.072457
0.176011
0.437360
0.355345
1.899567
2.705311
1.151139
0.427647
1.205432
0.450121
1.092486
2.563896
0.024998
0.092528
1.305728
1.842005
2.656620
0.305749
0.440488
0.943985
2.573513
0.003596
0.981352
0.324938
1.302053
2.056554
0.089250
0.218175
0.934260
3.619821
1.575016
1.130157
0.144567
0.159297
3.733275
4.197710
0.083824
1.078249
0.404858
1.517975
0.022510
6.010295
1.216858
0.048084
0.089840
0.567159
2.193252
0.015863
1.191694
0.280672
0.985276
0.967654
0.285436
0.290165
2.277451
3.744008
0.132350
4.065052
0.189172
1.313377
3.124712
3.362514
0.524429
0.095029
0.119469
0.484821
0.078636
0.214452
0.045000
0.525182
3.644324
0.068557
0.521042
1.132277
0.120143
0.677317
0.117171
0.001654
0.708788
1.644344
0.282863
0.144359
0.556673
0.682584
0.488222
0.392068
0.636826
0.713859
0.366985
1.031106
0.276200
0.305480
0.938382
1.048240
0.436777
1.277793
0.034217
0.561256
2.457656
0.080820
1.820530
2.191272
0.155369
0.279924
0.834543
0.297203
1.332490
1.128538
0.299430
0.279635
0.660399
0.703473
0.475400
2.410642
8.662568
1.446669
0.267336
0.636499
0.321441
0.780372
0.121316
0.726157
1.634729
1.283686
0.181140
0.173020
0.587588
0.222294
0.887672
0.444256
0.324291
0.555906
0.283589
0.546213
1.110501
1.675852
1.133104
0.522202
0.672062
2.760308
1.051902
3.600883
0.583153
0.029522
2.145092
0.582843
1.578608
0.125027
2.436686
0.071103
1.076728
0.027162
0.879163
0.624156
1.385422
1.388501
0.975949
0.215815
2.993150
0.237690
0.804782
0.257258
1.016112
1.608132
1.043250
0.369046
0.948272
0.394021
1.256647
0.107513
0.304337
0.455896
0.077568
1.218248
0.502876
3.160101
0.157758
0.209425
0.078076
0.060274
0.297845
1.325754
0.089147
1.848035
0.221500
1.802240
0.898953
1.725127
0.029621
0.782799
0.033973
0.872277
1.468400
1.112922
0.480846
0.540252
3.912473
5.172579
1.358907
1.188763
0.101220
0.005461
0.063497
0.187416
1.236836
0.610156
0.137516
1.935460
1.037565
0.227636
2.454983
2.335803
2.780345
7.460402
1.369322
0.146955
1.798757
0.413586
3.182453
1.992767
2.133691
4.818184
0.590020
1.053563
1.088626
1.756916
0.071179
1.030944
1.724589
1.670058
0.413597
2.501271
1.699419
0.511251
0.093125
0.748468
1.944836
0.245134
0.482159
0.698507
0.546428
0.351952
0.520775
0.444677
0.351135
0.164475
0.684456
0.139959
0.674102
0.605414
5.165333
0.465194
0.590717
0.579769
0.023569
0.115850
0.311150
0.096509
1.397240
0.093377
2.340936
0.095909
0.007195
1.276446
0.676701
0.101025
0.284862
0.428782
0.376135
0.995423
1.906303
1.326050
2.618933
0.297478
0.098103
0.252612
0.525892
0.889357
0.436703
2.296187
0.044194
0.427904
0.316555
0.671977
1.551633
0.349044
0.913029
0.057094
0.488798
0.432962
0.156238
0.343053
0.584954
0.164655
0.011437
2.726887
0.284890
0.300097
0.333064
0.824152
2.204432
0.144617
0.350791
1.697211
0.497511
0.493172
0.040860
1.614098
3.834775
0.500667
1.204933
0.021863
1.354794
3.562520
0.715245
0.755231
0.309615
0.116108
0.880905
1.058164
0.618106
1.310210
2.870103
2.342407
2.137496
3.093984
1.823135
0.139209
0.240713
0.129832
1.175537
0.109391
0.296257
4.359553
2.531067
1.045152
0.472454
3.230508
0.596550
0.438386
0.437476
0.162024
0.472485
0.101297
0.129212
2.184593
0.984659
0.490179
5.842139
0.238290
0.041229
0.612735
2.851843
4.116446
0.449475
1.739048
2.786714
0.223792
3.084909
0.165240
0.389014
1.037364
0.295619
0.864360
1.001926
0.194016
0.257528
0.009402
0.147129
1.128036
0.452999
0.675610
1.748190
1.350273
0.885494
2.939795
0.989687
0.240701
0.407377
0.981908
0.555037
0.469999
0.087234
0.459200
0.444250
0.589822
0.213841
0.352500
1.038719
0.158749
0.596712
3.453571
1.572150
1.221832
0.791966
0.553785
2.134238
1.487604
0.570201
0.018656
0.598598
1.603802
0.712609
0.323420
0.775877
0.102173
0.252899
0.183932
0.372586
0.816581
1.577027
1.335595
2.703916
2.095156
0.111166
0.344961
0.389380
0.353441
0.888733
3.461440
0.587926
0.038954
2.764351
0.270397
1.360684
0.661705
1.085164
0.981310
0.298563
0.101747
1.031879
1.232835
2.259635
0.166409
4.190725
0.571481
0.288251
0.233596
0.924623
0.824342
1.454051
0.505391
0.354498
1.202092
0.319764
0.516985
4.731545
0.906842
1.208707
0.867526
0.831991
0.157753
0.962899
0.696756
0.482663
0.448994
4.256657
0.046061
4.335930
0.279643
0.152869
0.995803
3.046634
0.038085
1.531891
2.770129
0.639949
0.034902
0.157431
0.079043
0.905787
2.430896
0.640043
2.246689
0.945403
1.372035
0.353730
0.922974
0.419481
7.342466
0.201719
2.379792
0.156995
1.613900
0.526331
0.751102
0.177478
0.502629
0.851369
0.161967
1.018900
1.255013
1.514602
0.895238
1.395525
0.830062
0.752548
0.254864
0.911995
1.122392
0.358073
0.215739
0.883199
1.485929
0.092450
0.220670
0.734214
0.488153
1.612860
1.985805
0.487099
4.095844
1.470372
0.756908
1.533629
0.197709
0.060854
2.935002
