0.343444
0.464386
0.336199
0.708374
0.894553
0.682568
0.084976
0.746610
0.727240
0.270286
0.501332
0.270450
0.484105
0.856829
0.143484
0.747096
0.005117
0.594816
0.002306
0.337544
0.104794
0.772939
0.091823
0.363996
0.456504
0.609588
0.911185
0.375533
0.493362
0.699534
0.617936
0.836806
0.163920
0.954135
0.545180
0.058473
0.636703
0.630156
0.805083
0.363943
0.900442
0.306416
0.634393
0.384547
0.163245
0.777877
0.131643
0.168362
0.372693
0.133949
0.505906
0.477487
0.906888
0.597730
0.841483
0.363392
0.207318
0.752668
0.738925
0.700680
0.452202
0.356862
0.537486
0.616122
0.310997
0.082666
0.674595
0.947700
0.712822
0.479678
0.311643
0.613264
0.786094
0.946036
0.997811
0.949338
0.723914
0.129454
0.117700
0.096607
0.263403
0.623606
0.574094
0.170291
0.221336
0.415578
0.533682
0.428654
0.168246
0.272608
0.129333
0.620448
0.629469
0.666819
0.236570
0.940466
0.749485
0.911164
0.888165
0.462307
0.390842
0.199808
0.075571
0.176936
0.145845
0.073382
0.126274
0.869758
0.202836
0.243974
0.966365
0.466239
0.867581
0.540460
0.636529
0.088917
0.956037
0.170212
0.517571
0.124283
0.442819
0.646904
0.744731
0.072288
0.313723
0.981301
0.012754
0.063208
0.892465
0.900919
0.525515
0.283307
0.100728
0.601086
0.460243
0.246573
0.674468
0.586517
0.116331
0.877303
0.830492
0.082696
0.343542
0.698072
0.623156
0.980071
0.786989
0.579193
0.150283
0.304560
0.703476
0.593102
0.951464
0.448207
0.665390
0.265187
0.429508
0.678144
0.328395
0.321973
0.579064
0.853909
0.605280
0.679792
0.454995
0.065523
0.926364
0.129463
0.652041
0.042695
0.006766
0.482532
0.125392
0.350308
0.180605
0.748548
0.330379
0.967594
0.327741
0.480662
0.272154
0.031218
0.073764
0.223618
0.479425
0.739154
0.488805
0.908933
0.417299
0.817200
0.230906
0.996362
0.671109
0.836186
0.676154
0.126104
0.901710
0.602518
0.255567
0.553750
0.645214
0.262333
0.036282
0.770606
0.612641
0.216887
0.519154
0.943020
0.184481
0.846895
0.423682
0.456635
0.878112
0.497446
0.680253
0.357537
0.236600
0.169058
0.266470
0.653898
0.986258
0.497376
0.650261
0.657368
0.333563
0.326415
0.783472
0.235272
0.928933
0.039039
0.789022
0.574147
0.301373
0.825305
0.344753
0.914014
0.042192
0.863906
0.857034
0.226673
0.710801
0.280716
0.683308
0.588913
0.778162
0.363561
0.946451
0.014762
0.532620
0.212921
0.668660
0.518878
0.710297
0.318921
0.176245
0.043860
0.645336
0.959718
0.279132
0.574269
0.998757
0.068155
0.148416
0.300130
0.893460
0.493169
0.214144
0.935651
0.357075
0.071178
0.162324
0.067876
0.351894
0.845632
0.656789
0.130056
0.209193
0.603240
0.144817
0.741812
0.816160
0.813477
0.260690
0.526458
0.132398
0.436936
0.570318
0.777733
0.396653
0.849450
0.352002
0.395410
0.917605
0.500418
0.695540
0.811064
0.993587
0.909683
0.746715
0.350661
0.980861
0.909039
0.418537
0.332755
0.754671
0.075326
0.462810
0.963864
0.678566
0.607627
0.705677
0.494726
0.421105
0.966367
0.021184
0.553502
0.403303
0.591501
0.331236
0.799956
0.440951
0.683238
0.195366
0.358556
0.183656
0.890906
0.169620
0.177243
0.800589
0.916335
0.527905
0.781450
0.825375
0.946442
0.114204
0.580046
0.021768
0.577014
0.543910
0.700333
0.184642
0.249587
0.195059
0.605746
0.215953
0.216243
0.159249
0.619256
0.807744
0.490485
0.419212
0.248695
0.173723
0.614578
0.607251
0.357379
0.505483
0.776871
0.534622
0.306072
0.693206
0.062527
0.087521
0.518581
0.008968
0.201726
0.098627
0.030736
0.778740
0.642537
0.731070
0.963382
0.892123
0.926129
0.569128
0.108077
0.142372
0.728377
0.727332
0.950116
0.218862
0.146544
0.198811
0.392584
0.761122
0.806062
0.749963
0.266605
0.582933
0.284586
0.572676
0.276139
0.347113
0.660198
0.794720
0.356081
0.861924
0.893347
0.386817
0.640664
0.535884
0.117887
0.604046
0.428007
0.044016
0.173174
0.536083
0.186388
0.901551
0.263416
0.136504
0.120413
0.409960
0.335315
0.512997
0.171082
0.141377
0.262960
0.437686
0.724310
0.547546
0.010363
0.000449
0.894659
0.670561
0.795169
0.250740
0.532484
0.688516
0.637557
0.173148
0.224399
0.755444
0.777194
0.652406
0.799460
0.950368
0.188490
0.985847
0.851919
0.451906
0.122351
0.972332
0.861866
0.457666
0.485328
0.032948
0.599043
0.748289
0.470634
0.323353
0.295835
0.480997
0.323802
0.190494
0.151558
0.118971
0.441233
0.684042
0.807487
0.078790
0.857190
0.031887
0.834234
0.634384
0.684293
0.633694
0.584753
0.872783
0.619541
0.436672
0.324688
0.741892
0.409004
0.186554
0.199558
0.894332
0.219502
0.798601
0.642621
0.690136
0.121954
0.938456
0.171133
0.445756
0.128949
0.322690
0.564727
0.570182
0.006732
0.372214
0.648973
0.863923
0.404100
0.483207
0.498307
0.088393
0.116901
0.083060
0.961176
0.736442
0.519732
0.285864
0.478335
0.928735
0.472419
0.677893
0.823067
0.691921
0.476493
0.465688
0.382057
0.598447
0.404144
0.553189
0.044203
0.533093
0.875880
0.608929
0.103275
0.882612
0.981143
0.752248
0.746535
0.385243
0.235455
0.244842
0.473637
0.352357
0.327902
0.434813
0.088799
0.847634
0.720677
0.567134
0.776369
0.193096
0.245026
0.599437
0.885017
0.721520
0.065125
0.267073
0.319967
0.469269
0.820263
0.364169
0.002362
0.696143
0.973098
0.105637
0.578755
0.954242
0.857885
0.325290
0.339485
0.093341
0.570132
0.813122
0.445697
0.898034
0.247934
0.534496
0.745668
0.968611
0.101630
0.522038
0.161707
0.346657
0.121474
0.046724
0.068176
0.186599
0.313798
0.388143
0.655868
0.134061
0.752312
0.658229
0.830203
0.725411
0.763866
0.408958
0.679652
0.621751
0.734248
0.019137
0.715092
0.304380
0.832259
0.160789
0.202415
0.080193
0.695286
0.948083
0.048804
0.796916
0.470121
0.210512
0.143572
0.591595
0.257236
0.211749
0.778194
0.571034
0.599892
0.434062
0.705094
0.352204
0.092291
0.535298
0.077615
0.856158
0.944256
0.757267
0.477909
0.678504
0.776404
0.193001
0.982884
0.608663
0.353790
0.185299
0.688856
0.049076
0.133382
0.737660
0.845992
0.603503
0.948172
0.989564
0.195098
0.205408
0.201313
0.973292
0.776442
0.801205
0.407354
0.481536
0.153409
0.499646
0.016834
0.231023
0.355803
0.961090
0.988290
0.833712
0.639594
0.764695
0.026714
0.622479
0.373358
0.380504
0.807778
0.062214
0.429580
0.941160
0.799874
0.275572
0.544662
0.748046
0.265136
0.739760
0.953454
0.466449
0.713053
0.729896
0.267654
0.120407
0.211432
0.421062
0.620053
0.228266
0.652086
0.975856
0.189356
0.640376
0.809568
0.828950
0.405071
0.836282
0.451429
0.778428
0.216786
0.259206
0.840642
0.646366
0.200366
0.640516
0.921938
0.745029
0.388562
0.187074
0.484789
0.342016
0.653523
0.197842
0.071912
0.921177
0.318248
0.283345
0.342239
0.938301
0.511611
0.994325
0.914157
0.700967
0.634701
0.723725
0.529917
0.039772
0.560007
0.981346
0.818200
0.776793
0.240552
0.658842
0.423159
0.440919
0.299358
0.345097
0.185947
0.687920
0.532171
0.670736
0.029936
0.185694
0.868578
0.101849
0.106871
0.186826
0.385193
0.449110
0.125127
0.896804
0.443435
0.039284
0.597771
0.078136
0.763009
0.127688
0.117908
0.323016
0.109035
0.936108
0.099809
0.349587
0.594950
0.522968
0.790506
0.894308
0.868065
0.976453
0.582228
0.400236
0.647189
0.612165
0.585930
0.515766
0.714013
0.692800
0.702592
0.099206
0.141910
0.827719
0.996010
0.585345
0.867003
0.593782
0.663481
0.630012
0.721470
0.781389
0.953028
0.830505
0.717497
0.052837
0.180092
0.312448
0.575805
0.970597
0.206756
0.443869
0.947050
0.788985
0.844105
0.594238
0.401149
0.430035
0.110005
0.115162
0.122835
0.812597
0.214369
0.264746
0.640316
0.210379
0.850091
0.507319
0.804161
0.513572
0.137330
0.525631
0.294962
0.090358
0.356135
0.012459
0.143195
0.536227
0.324906
0.718999
0.506824
0.531662
0.162869
0.453874
0.320647
0.006974
0.048112
0.721796
0.437009
0.158117
0.836959
0.559844
0.970714
0.051327
0.824590
0.611030
0.261707
0.674681
0.118349
0.065867
0.188254
0.255679
0.591498
0.483215
0.346037
0.947633
0.495674
0.489232
0.483860
0.820580
0.208231
0.990684
0.352243
0.371100
0.444558
0.672890
0.378074
0.492670
0.394686
0.815083
0.650787
0.231645
0.374927
0.621500
0.282972
0.199518
0.232530
0.544679
0.874199
0.350879
0.610546
0.062452
0.606559
0.202045
0.545668
0.952596
0.149678
0.041342
0.441828
0.633538
0.861922
0.650059
0.624222
0.214165
0.021160
0.068780
0.887055
0.399234
0.561449
0.281741
0.214317
0.212236
0.513386
0.589244
0.833736
0.796358
0.788762
0.066267
0.341037
0.662960
0.417146
0.951583
0.725413
0.023704
0.153628
0.271081
0.976300
0.303306
0.312422
0.418128
0.936844
0.174344
0.068188
0.561066
0.388509
0.089347
0.629845
0.275564
0.488581
0.191294
0.557304
0.702898
0.403530
0.070690
0.292142
0.237266
0.867048
0.080903
0.303533
0.208085
0.743864
0.720679
0.159668
0.469277
0.744383
0.313296
0.740357
0.720684
0.616601
0.052779
0.138812
0.553445
0.227124
0.207000
0.114511
0.615633
0.296347
0.744356
0.891196
0.784928
0.935650
0.448501
0.487825
0.339180
0.519191
0.779967
0.576447
0.386239
0.860871
0.879980
0.594323
0.604734
0.600658
0.753991
0.074011
0.345042
0.067287
0.814369
0.065726
0.683888
0.867148
0.204538
0.237334
0.094272
0.411537
0.351844
0.709904
0.707884
0.096200
0.601100
0.492812
0.031850
0.049601
0.980637
0.371031
0.568792
0.760604
0.947477
0.955030
0.621475
0.827457
0.549354
0.226209
0.428115
0.303345
0.300220
0.773157
0.370632
0.114589
0.838883
0.054520
0.981737
0.043420
0.291854
0.076009
0.454958
0.643698
0.785913
0.162842
0.739898
0.387013
0.655654
0.771748
0.436615
0.636291
0.142779
0.005406
0.396896
0.090256
0.960437
0.018370
0.917713
0.509790
0.244579
0.345828
0.813135
0.544800
0.118985
0.183767
0.659389
0.957868
0.238287
0.641126
0.001288
0.530140
0.717134
0.456246
0.173838
0.503047
0.619088
0.913736
0.890061
0.274743
0.685484
0.326675
0.911034
0.828263
0.332081
0.307929
0.918519
0.292518
0.326300
0.836232
0.802308
0.570879
0.182060
0.615443
0.115679
0.301046
0.799210
0.775068
0.258913
0.037496
0.416193
0.260202
0.567636
0.133328
0.716448
0.741475
0.636375
0.335536
0.655211
0.526436
0.610279
0.340695
0.853111
0.521313
0.168958
0.185192
0.829242
0.087478
0.477710
0.155542
0.923710
0.280019
0.726421
0.105770
0.895462
0.842100
0.406816
0.694671
0.617167
0.665729
0.732168
0.033360
0.925931
0.299804
0.166688
0.642379
0.041279
0.803063
0.977916
0.696489
0.329499
0.588195
0.037184
0.182610
0.109507
0.206143
0.367802
0.938749
0.293620
0.845513
0.094291
0.217330
0.125531
0.820712
0.323101
0.020993
0.662811
0.729917
0.715664
0.279978
0.395646
0.447832
0.313339
0.321577
0.747636
0.480027
0.963956
0.788915
0.283090
0.941872
0.485404
0.612589
0.530066
0.522588
0.795199
0.639573
0.728731
0.163001
0.578323
0.022351
0.008514
0.672614
0.239681
0.134045
0.493326
0.562782
0.155038
0.156137
0.292699
0.870703
0.436116
0.688345
0.318535
0.749454
0.009922
0.066171
0.229481
0.973878
0.855086
0.512572
0.915750
0.340490
0.125160
0.445816
0.863078
0.920359
0.085389
0.591809
0.083360
0.663712
0.614160
0.091874
0.336326
0.853841
0.225919
0.829652
0.416623
0.380957
0.985789
0.709322
0.251659
0.421905
0.397667
0.570194
0.171359
0.407589
0.636364
0.400840
0.381467
0.491450
0.913412
0.297217
0.831940
0.038572
0.743032
0.695017
0.958932
0.828422
0.286826
0.042292
0.492134
0.900985
0.134165
0.828460
0.754827
0.360084
0.658112
0.171450
0.741040
0.643901
0.880772
0.992699
0.065806
0.278439
0.562893
0.237165
0.686028
0.199258
0.638005
0.067494
0.690708
0.551417
0.364711
0.522647
0.589989
0.107743
0.217664
0.548921
0.936165
0.504490
0.591212
0.428299
0.405476
0.725378
0.256759
0.160302
0.085461
0.914871
0.331752
0.826501
0.558772
0.212524
0.819201
0.624578
0.490963
0.382094
0.861742
0.176990
0.581351
0.499747
0.244485
0.272059
0.051164
0.609196
0.794706
0.641153
0.716939
0.012370
0.190074
0.653104
0.516860
0.781286
0.081403
0.922336
0.506664
0.338162
0.082638
0.592125
0.253033
0.414390
0.418627
0.811806
0.626914
0.237827
0.436383
0.117877
0.619921
0.298126
0.294867
0.201273
0.797873
0.539352
0.473331
0.849037
0.148547
0.268037
0.490190
0.865486
0.280407
0.680265
0.518591
0.797268
0.461551
0.599994
0.719604
0.968215
0.938156
0.802242
0.560340
0.191190
0.216632
0.978967
0.002995
0.843546
0.216794
0.439379
0.961423
0.836716
0.737504
0.256290
0.037988
0.535377
0.795641
0.511319
0.384414
0.944188
0.779357
0.874604
0.809675
0.059764
0.554869
0.328266
0.857032
0.016420
0.928260
0.576636
0.984635
0.866416
0.378878
0.544975
0.057606
0.595510
0.523942
0.060602
0.439056
0.740736
0.499980
0.400479
0.577452
0.237484
0.656768
0.615440
0.772862
0.452409
0.126759
0.157276
0.396598
0.906116
0.031880
0.206273
0.965880
0.586749
0.534539
0.822912
0.603169
0.462798
0.399548
0.587804
0.329214
0.778426
0.132779
0.386820
0.373935
0.656721
0.447422
0.812991
0.397457
0.947402
0.213470
0.974909
0.184887
0.870238
0.590349
0.957748
0.322648
0.717108
0.115024
0.719245
0.623225
0.146904
0.925518
0.589105
0.733653
0.460057
0.412017
0.336822
0.922855
0.811564
0.924626
0.252069
0.589990
0.057405
0.638890
0.963925
0.714126
0.086312
0.776917
0.111583
0.033714
0.990387
0.086492
0.218601
0.860625
0.676841
0.176349
0.183273
0.393950
0.291373
0.902518
0.017174
0.438276
0.828036
0.606279
0.171929
0.288093
0.018296
0.508751
0.210948
0.829860
0.433376
0.463017
0.419850
0.490781
0.101907
0.383776
0.204906
0.188219
0.160693
0.316489
0.221933
0.151080
0.402982
0.440534
0.011705
0.079823
0.616882
0.194977
0.473773
0.908255
0.097496
0.490948
0.346531
0.925532
0.097227
0.518460
0.213625
0.115523
0.027211
0.424573
0.945383
0.460587
0.887590
0.365233
0.951368
0.989497
0.749009
0.156274
0.177716
0.909702
0.472764
0.399649
0.060781
0.875746
0.840183
0.072486
0.955569
0.457065
0.267463
0.429342
0.365320
0.364959
0.920290
0.711851
0.290491
0.017517
0.230311
0.504116
0.133039
0.257522
0.928688
0.078422
0.718110
0.816279
0.443655
0.669478
0.805776
0.192664
0.825752
0.983492
0.102366
0.298516
0.383142
0.163147
0.174262
0.223324
0.235633
0.129831
0.680390
0.503096
0.559173
0.045709
0.868055
0.479463
0.757561
0.158545
0.496980
0.987872
0.662661
0.630019
0.245394
0.591349
0.708441
0.963504
0.407628
0.152096
0.632982
0.213404
0.344761
0.458734
0.196896
0.447126
0.757250
0.580038
0.610273
0.931512
0.803362
0.845905
0.061342
0.483752
0.349001
0.620515
0.529461
0.217056
0.099978
0.287022
0.375601
0.596958
0.274894
0.038262
0.226977
0.520288
0.629611
0.935418
0.483793
0.037238
0.087514
0.116774
0.250642
0.432275
0.575508
0.447538
0.879401
0.332758
0.027576
0.489674
0.264270
0.830939
0.335579
0.325612
0.314691
0.684581
0.946128
0.844152
0.901636
0.046106
0.131174
0.277237
0.643064
0.406068
0.315499
0.870041
0.926356
0.945109
0.805459
0.410149
0.982348
0.892973
0.526923
0.232990
0.325248
0.102431
0.680528
0.204649
0.435190
0.708104
0.694323
0.699460
0.539043
0.029902
0.025072
0.853733
0.714483
0.971200
0.697885
0.616119
0.017306
0.829059
0.893357
0.660370
0.235127
0.208856
0.530411
0.161483
0.153965
0.335869
0.571632
0.136313
0.228842
0.098555
0.369303
0.554090
0.200987
0.049831
0.758738
0.636177
0.757935
0.453061
0.335636
0.296978
0.482963
0.360709
0.150711
0.197446
0.331909
0.848597
0.813566
0.349215
0.677656
0.706922
0.009585
0.912783
0.915778
0.539996
0.074266
0.069743
0.875865
0.645899
0.206056
0.104707
0.744454
0.575359
0.658797
0.945441
0.625190
0.417535
0.581618
0.383125
0.870596
0.917254
0.680103
0.353560
0.277963
0.830814
0.551006
0.609872
0.679411
0.364572
0.959087
0.357067
0.071494
0.968672
0.269850
0.987272
0.508667
0.344116
0.057015
0.384532
0.990015
0.263071
0.489239
0.734469
0.838430
0.148036
0.679911
0.463620
0.565571
0.261528
0.846744
0.436167
0.178783
0.526847
0.789727
0.456746
0.357661
0.340733
0.066617
0.037072
0.705305
0.025704
0.394139
0.776799
0.994376
0.663989
0.764071
0.503043
0.008105
0.821087
0.887575
0.998121
0.084158
0.376814
0.732590
0.922588
0.524850
0.412500
0.386208
0.090421
0.674029
0.232952
0.526588
0.852811
0.759799
0.316314
0.309557
0.117461
0.657047
0.376175
0.154533
0.362352
0.401879
0.548672
0.139151
0.396254
0.212662
0.903222
0.899297
0.220767
0.724308
0.786873
0.218887
0.808467
0.163687
0.951477
0.731055
0.688537
0.363978
0.117262
0.778957
0.038006
0.350215
0.305545
0.890818
0.110014
0.621859
0.200375
0.227475
0.278906
0.576550
0.382008
0.641258
0.978428
0.930680
0.780409
0.374683
0.143342
0.683630
0.273980
0.364109
0.407939
0.060853
0.582996
0.216405
0.224539
0.534473
0.947460
0.913076
0.898451
0.064722
0.692034
0.936458
0.414937
0.997579
0.827276
0.524951
0.619438
0.027651
0.752426
0.898344
0.604200
0.134433
0.539602
0.582628
0.065114
0.320011
0.957311
0.208455
0.003641
0.231291
0.572564
0.411580
0.292144
0.155560
0.627985
0.516683
0.690033
0.575445
0.429759
0.588485
0.640167
0.121793
0.524942
0.055104
0.119371
0.352218
0.580055
0.738809
0.379868
0.332481
0.637153
0.984068
0.466914
0.176755
0.566697
0.532028
0.496766
0.524008
0.740483
0.500407
0.755299
0.313047
0.911986
0.047443
0.468607
0.539971
0.564126
0.158640
0.115416
0.993885
0.747125
0.755584
0.115678
0.272067
0.810688
0.235050
0.624285
0.390744
0.973859
0.004154
0.723224
0.611012
0.988222
0.190139
0.787768
0.554919
0.722167
0.284534
0.078927
0.462650
0.784941
0.834226
0.775696
0.696927
0.881668
0.244303
0.236898
0.445794
0.402944
0.352315
0.439679
0.150069
0.107899
0.555357
0.422136
0.918587
0.790407
0.046421
0.309330
0.764266
0.050575
0.032555
0.375278
0.038797
0.222694
0.163046
0.593716
0.944860
0.447580
0.672643
0.407510
0.232521
0.506868
0.183206
0.929448
0.388536
0.427509
0.166346
0.834330
0.830453
0.518661
0.274010
0.980522
0.626560
0.829367
0.402658
0.545147
0.619774
0.449080
0.854477
0.384040
0.499655
0.887032
0.759319
0.538452
0.109725
0.922365
0.132168
0.054585
0.369945
0.804810
0.462095
0.602466
0.311678
0.645301
0.531913
0.700214
0.072810
0.698260
0.534545
0.903264
0.216921
0.808554
0.883786
0.843481
0.637922
0.286444
0.388627
0.257696
0.735524
0.243104
0.641736
0.235178
0.130136
0.401055
0.773630
0.239861
0.323420
0.905798
0.294447
0.693365
0.710608
0.756542
0.295831
0.022286
0.401843
0.827744
0.722500
0.474653
0.526004
0.257045
0.377916
0.742925
0.065600
0.261702
0.586405
0.703521
0.548146
0.975032
0.961217
0.283669
0.218137
0.602953
0.518848
0.348273
0.004008
0.292477
0.588134
0.327427
0.198275
0.882580
0.020792
0.908883
0.639122
0.316623
0.931168
0.040965
0.144367
0.653669
0.515618
0.670371
0.910714
0.893534
0.413296
0.976313
0.155236
0.999701
0.679834
0.703382
0.974734
0.641051
0.987051
0.192870
0.244004
0.505899
0.541143
0.248011
0.798376
0.129277
0.575439
0.996651
0.011857
0.596231
0.905534
0.650979
0.912854
0.836702
0.691944
0.057222
0.490371
0.207561
0.727593
0.401085
0.101095
0.140889
0.377398
0.256331
0.140590
0.057232
0.959713
0.115324
0.698283
0.946764
0.308194
0.942287
0.452663
0.849337
0.190299
0.251039
0.978614
0.765737
0.247690
0.990471
0.361969
0.153224
0.641450
0.274823
0.989926
0.333394
0.332045
0.480297
0.540955
0.059638
0.881382
0.642050
0.200527
0.258779
0.898382
0.341117
0.316012
0.858095
0.456441
0.014295
0.804859
0.764635
0.956582
0.257522
0.613972
0.146880
0.508561
0.592585
0.912618
0.756252
0.583056
0.274587
0.909476
0.224506
0.549410
0.899402
0.557900
0.881455
0.379699
0.098855
0.941093
0.261081
0.740905
0.141619
0.519860
0.639287
0.482736
0.835872
0.497381
0.939177
0.850167
0.302240
0.703812
0.806749
0.559763
0.317784
0.953629
0.068324
0.910370
0.866247
0.824576
0.493426
0.140834
0.734052
0.717932
0.690243
0.633454
0.275832
0.571698
0.013153
0.374686
0.512791
0.274234
0.115591
0.654410
0.794095
0.754878
0.137146
0.629967
0.252260
0.076324
0.480133
0.554500
0.780136
0.286882
0.114263
0.097920
0.240511
0.182587
0.008290
0.106758
0.007162
0.501716
0.247592
0.741214
0.219648
0.937835
0.374668
0.495480
0.509533
0.387821
0.870166
0.022324
0.662055
0.985757
0.676734
0.456149
0.740636
0.813880
0.086116
0.992895
0.890204
0.566249
0.547395
0.670341
0.853132
0.661658
0.768261
0.093643
0.844245
0.776551
0.200401
0.851407
0.278267
0.447994
0.592621
0.497915
0.385829
0.967288
0.993395
0.895362
0.355109
0.863561
0.917686
0.017164
0.849318
0.594420
0.473313
0.589954
0.408301
0.559429
0.582849
0.298505
0.125678
0.130245
0.968846
0.978810
0.791903
0.737107
0.072453
0.636147
0.513658
0.272854
0.487554
0.791925
0.720848
0.080175
0.289840
0.106677
0.047463
0.283235
0.002039
0.402572
0.146796
0.919725
0.419735
0.996114
0.514146
0.893048
0.586068
0.922447
0.452477
0.168917
0.220952
0.578155
0.299162
0.189797
0.556965
0.091064
0.926904
0.629418
0.727212
0.440562
0.902272
0.214766
0.232487
0.623120
0.294941
0.522328
0.729796
0.342404
0.805563
0.731835
0.744976
0.952359
0.651561
0.164711
0.948473
0.165707
0.057759
0.534541
0.088153
0.510236
0.703458
0.309105
0.088391
0.002620
0.498903
0.645356
0.093685
0.425807
0.274774
0.820896
0.866369
0.177046
0.035662
0.098856
0.800166
0.330603
0.621184
0.529962
0.673007
0.426747
0.261798
0.417982
0.379106
0.913358
0.582693
0.327579
0.079065
0.640452
0.862120
0.167219
0.150689
0.565578
0.476324
0.239080
0.568198
0.975227
0.884436
0.661883
0.401034
0.159210
0.482779
0.267403
0.336257
0.518441
0.366259
0.136422
0.849044
0.987443
0.666384
0.522051
0.414190
0.928182
0.940034
0.793295
0.841540
0.522727
0.120874
0.920605
0.163180
0.982993
0.087824
0.313868
0.548571
0.564148
0.552948
0.116769
0.539375
0.437385
0.778651
0.940408
0.596595
0.261430
0.207811
0.932852
0.779872
0.574070
0.069274
0.628916
0.561512
0.735658
0.150968
0.975702
0.663840
0.091001
0.768997
0.505380
0.613729
0.889871
0.425986
0.776908
0.872864
0.513810
0.090776
0.421435
0.077958
0.643724
0.538204
0.617333
0.081109
0.316855
0.557741
0.677704
0.578286
0.765552
0.610556
0.358158
0.339622
0.679830
0.987074
0.901134
0.415488
0.138042
0.876836
0.079328
0.229043
0.645834
0.584708
0.842772
0.535704
0.010694
0.619680
0.408568
0.524503
0.710456
0.830003
0.602461
0.354181
0.368207
0.219794
0.435290
0.685063
0.777536
0.112994
0.263349
0.543088
0.723550
0.621506
0.882710
0.403379
0.608580
0.783844
0.818867
0.746622
0.660681
0.898195
0.975665
0.306514
0.482903
0.818436
0.842218
0.493596
0.438116
0.250787
0.018099
0.148572
0.080790
0.620561
0.502753
0.448997
0.840355
0.938042
0.134060
0.617891
0.051036
0.397408
0.160978
0.774586
0.018914
0.043688
0.177965
0.627495
0.827532
0.996832
0.374116
0.488213
0.895027
0.349781
0.794727
0.377929
0.168217
0.636946
0.871525
0.606333
0.887732
0.889624
0.754905
0.968522
0.510185
0.257658
0.417519
0.350540
0.195701
0.551579
0.968431
0.246737
0.948988
0.129409
0.021323
0.967902
0.173097
0.199288
0.595397
0.000630
0.196119
0.969513
0.488843
0.091146
0.319294
0.283570
0.469075
0.487511
0.920516
0.340600
0.093844
0.808248
0.230225
0.848750
0.776770
0.740410
0.106408
0.194290
0.090950
0.302108
0.745869
0.059381
0.548845
0.694857
0.188790
0.570168
0.662759
0.361887
0.769455
0.258155
0.362516
0.965575
0.227668
0.851359
0.056721
0.546962
0.134929
0.525796
0.034473
0.055444
0.866396
0.128317
0.863692
0.096621
0.977066
0.640462
0.837031
0.083474
0.834752
0.927981
0.385583
0.580621
0.987361
0.934428
0.275478
0.176151
0.504596
0.938236
0.538038
0.274051
0.196391
0.900554
0.239626
0.424060
0.751913
0.296347
0.971021
0.886842
0.822143
0.005494
0.942287
0.688540
0.133811
0.805979
0.785161
0.110877
0.446441
0.622191
0.194352
0.281194
0.550172
0.579934
0.861815
0.537533
0.514362
0.137292
0.713684
0.018958
0.075528
0.251722
0.293009
0.271920
0.152276
0.532636
0.695979
0.904189
0.828983
0.667001
0.791032
0.651126
0.672495
0.733318
0.339666
0.806306
0.539297
0.124827
0.917183
0.985739
0.747018
0.111535
0.266932
0.297190
0.691469
0.128747
0.834724
0.205832
0.266039
0.548408
0.224790
0.341567
0.800130
0.517799
0.613487
0.952406
0.050435
0.309467
0.856596
0.879418
0.976467
0.647627
0.530544
0.648962
0.380945
0.870210
0.455268
0.920243
0.995037
0.372452
0.905981
0.742055
0.483987
0.172914
0.039245
0.175456
0.301660
0.873969
0.381288
0.567699
0.422377
0.606078
0.909267
0.222507
0.123877
0.522754
0.174913
0.174312
0.832221
0.031509
0.053730
0.808688
0.679136
0.584274
0.457650
0.060082
0.454485
0.912919
0.980324
0.449522
0.285371
0.886305
0.191577
0.769357
0.059219
0.230822
0.944813
0.360879
0.104791
0.326101
0.928579
0.527168
0.932179
0.837845
0.749675
0.056056
0.360599
0.924589
0.230368
0.192820
0.956097
0.284098
0.001508
0.635234
0.868372
0.459158
0.695315
0.322857
0.372077
0.675639
0.772379
0.657448
0.561945
0.963956
0.426805
0.621163
0.194778
0.371618
0.982043
0.299569
0.697719
0.910621
0.826738
0.629898
0.748467
0.576413
0.685954
0.109066
0.501001
0.916321
0.301886
0.457099
0.200419
0.303394
0.092332
0.068791
0.762552
0.787647
0.391648
0.134629
0.463287
0.164027
0.792077
0.025231
0.127983
0.218882
0.646395
0.322761
0.590500
0.628437
0.622330
0.288219
0.539059
0.449068
0.918117
0.287525
0.025481
0.604071
0.396591
0.526482
0.520392
0.698477
0.983581
0.720811
0.001871
0.075913
0.789603
0.764423
0.863561
0.181251
0.899052
0.326847
0.345278
0.691129
0.352079
0.473261
0.910011
0.998473
0.796022
0.500510
0.626910
0.418352
0.788729
0.165969
0.867420
0.706846
0.453494
0.892901
0.310917
0.850086
0.419383
0.831309
0.548563
0.402964
0.552120
0.550434
0.478877
0.341723
0.314857
0.342438
0.522974
0.213910
0.669286
0.868252
0.905039
0.021364
0.341514
0.815049
0.019837
0.137536
0.315560
0.646748
0.555888
0.104289
0.812717
0.423308
0.811135
0.266211
0.316208
0.122052
0.116297
0.735591
0.953361
0.664860
0.138555
0.505481
0.215295
0.617432
0.847204
0.530152
0.959870
0.370178
0.744062
0.629156
0.238431
0.649101
0.650520
0.579944
0.464150
0.670357
0.717480
0.779710
0.317105
0.273368
0.883999
0.129822
0.696676
0.695135
0.396033
0.012884
0.817187
0.512330
0.748475
0.770548
0.177191
0.887030
0.276029
0.392485
0.504462
0.123234
0.922638
0.464332
0.493412
0.666700
0.093488
0.731843
0.315800
0.744008
0.311787
0.779951
0.414365
0.029267
0.559661
0.731470
0.302635
0.443660
0.861292
0.999311
0.138794
0.257326
0.012195
0.955981
0.769656
0.760670
0.726529
0.946847
0.647700
0.002559
0.339332
0.152162
0.125792
0.261970
0.616494
0.619204
0.928669
0.709982
0.351046
0.244470
0.453990
0.662833
0.024421
0.868356
0.692100
0.584081
0.599826
0.994736
0.027741
0.461119
0.994046
0.166535
0.718444
0.006242
0.122517
0.488100
0.766912
0.849046
0.434947
0.414612
0.851605
0.774279
0.566774
0.977397
0.036249
0.183269
0.596601
0.964918
0.893251
0.947647
0.209388
0.347241
0.610480
0.233809
0.215597
0.302581
0.817890
0.815423
0.297317
0.845631
0.276542
0.291363
0.012166
0.994986
0.297604
0.134683
0.483086
0.064516
0.983729
0.918033
0.479128
0.835334
0.692312
0.045903
0.812730
0.728561
0.229171
0.409331
0.693479
0.122422
0.356978
0.902867
0.469664
0.967459
0.136675
0.685261
0.270040
0.954565
0.500684
0.567356
0.800196
0.777226
0.858719
0.812362
0.772212
0.156323
0.947045
0.255299
0.220840
0.930774
0.173332
0.699968
0.766108
0.865644
0.745871
0.578838
0.594205
0.975042
0.988169
0.287684
0.097464
0.345147
0.190550
0.567128
0.312606
0.327226
0.252389
0.582646
0.281791
0.753073
0.150002
0.081987
0.530299
0.008721
0.894349
0.302511
0.165044
0.841395
0.557810
0.385884
0.772169
0.731142
0.085852
0.538277
0.596786
0.831723
0.117115
0.190990
0.806765
0.105285
0.478674
0.904229
0.450432
0.669224
0.471357
0.763038
0.996450
0.723746
0.345684
0.278241
0.476819
0.495685
0.360228
0.007118
0.504406
0.254577
0.309629
0.669450
0.095972
0.867439
0.055334
0.868141
0.598581
0.141186
0.406418
0.195367
0.972908
0.523533
0.386357
0.779673
0.628818
0.865031
0.683902
0.079250
0.534255
0.155258
0.842288
0.530706
0.879004
0.187972
0.808947
0.355823
0.683657
0.169175
0.362941
0.188063
0.423752
0.672570
0.857513
0.519724
0.540010
0.912847
0.387865
0.138591
0.054033
0.794283
0.333958
0.026941
0.317816
0.720315
0.806614
0.946634
0.585346
0.490515
0.025884
0.119602
0.645774
0.868172
0.650307
0.524778
0.056144
0.459254
0.880601
0.739801
0.628429
0.243542
0.927865
0.052181
0.916112
0.785378
0.571906
0.456122
0.698225
0.959771
0.594713
0.752257
0.754054
0.928671
0.779198
0.071871
0.648987
0.585812
0.018505
0.234333
0.076327
0.044389
0.353935
0.722100
0.912561
0.004243
0.246878
0.968705
0.463497
0.127479
0.708507
0.091926
0.371020
0.636371
0.144107
0.287133
0.421749
0.716013
0.743255
0.119974
0.675784
0.337968
0.872231
0.429838
0.266639
0.651429
0.501709
0.915626
0.237241
0.520214
0.149959
0.313568
0.564603
0.503894
0.035668
0.477164
0.508137
0.282546
0.445869
0.971634
0.410025
0.154376
0.063559
0.781045
0.790747
0.207667
0.068178
0.212496
0.923680
0.811433
0.332470
0.599464
0.149400
0.204701
0.029302
0.416040
0.856131
0.531011
0.331666
0.093371
0.051225
0.481625
0.406939
0.615827
0.985520
0.442607
0.092991
0.493657
0.725153
0.538860
0.465290
0.135178
0.693236
0.528850
0.916223
0.483983
0.736516
0.984401
0.696480
0.660196
0.795834
0.028950
0.259660
0.945234
0.233651
0.288962
0.361274
0.089782
0.819973
0.692940
0.183153
0.871198
0.174565
0.590092
0.487025
0.160084
0.032699
0.580016
0.653741
0.757852
0.118876
0.119031
0.893030
0.812112
0.647881
0.809253
0.296095
0.384397
0.793654
0.992575
0.044593
0.589488
0.021524
0.304253
0.534722
0.255176
0.593215
0.895996
0.344957
0.413188
0.588936
0.528110
0.284386
0.763500
0.118202
0.771411
0.923585
0.150901
0.351427
0.577326
0.908754
0.470303
0.696357
0.801784
0.282415
0.344238
0.611037
0.578510
0.728636
0.404692
0.571085
0.773229
0.994180
0.592610
0.077482
0.528902
0.847785
0.670697
0.424897
0.192743
0.083885
0.013833
0.720853
0.368270
0.777333
0.839055
0.139681
0.700918
0.989957
0.491108
0.278244
0.898710
0.961412
0.974601
0.700494
0.243827
0.318840
0.311531
0.822337
0.047476
0.716223
0.393423
0.820705
0.710402
0.986032
0.898187
0.239304
0.833817
0.568884
0.664201
0.026560
0.652769
0.678034
0.747413
0.021039
0.455368
0.586468
0.160721
0.156286
0.576425
0.651829
0.434530
0.475135
0.613241
0.409132
0.175629
0.857068
0.727971
0.487160
0.679405
0.775447
0.203383
0.072828
0.596152
0.913785
0.058860
0.494339
0.153088
0.892677
0.063223
0.817290
0.919237
0.715992
0.495324
0.666650
0.737031
0.950691
0.253118
0.897752
0.106977
0.829543
0.549581
0.541507
0.304678
0.162822
0.950639
0.480307
0.019889
0.678610
0.967467
0.699295
0.454057
0.170849
0.772122
0.050209
0.084634
0.830982
0.544548
0.237722
0.723660
0.607770
0.055012
0.642897
0.323762
0.550336
0.309547
0.060793
0.501027
0.562665
0.958545
0.608005
0.392208
0.508126
0.149512
0.696886
0.670948
0.100151
0.177193
0.690837
0.778761
0.144660
0.390132
0.232819
0.315509
0.162254
0.283027
0.400143
0.993236
0.827575
0.637866
0.716895
0.435345
0.692878
0.359792
0.759107
0.243214
0.669339
0.819900
0.744241
0.232005
0.778445
0.352246
0.624213
0.286571
0.501758
0.321100
0.957519
0.601909
0.498293
0.648356
0.380670
0.642953
0.038487
0.613489
0.958462
0.200741
0.896516
0.358605
0.193977
0.724091
0.996471
0.910872
0.159436
0.689349
0.270665
0.918544
0.932562
0.940004
0.738444
0.676804
0.172009
0.516890
0.029049
0.796223
0.803461
0.530807
0.117322
0.760980
0.132716
0.615615
0.409335
0.513387
0.258568
0.447823
0.126875
0.217030
0.648564
0.023392
0.575635
0.842541
0.747483
0.572106
0.753413
0.906919
0.261454
0.024078
0.825463
0.194017
0.964082
0.563907
0.870820
0.136092
0.080797
0.899870
0.932314
0.884258
0.430677
0.049637
0.645237
0.563393
0.665252
0.054573
0.076780
0.923820
0.502395
0.203655
0.140849
0.150959
0.227047
0.716484
0.993500
0.974530
0.288590
0.746913
0.881449
0.550044
0.770991
0.706912
0.744061
0.735074
0.270819
0.614881
0.871165
0.351616
0.514751
0.803480
0.235874
0.945428
0.853116
0.881111
0.508821
0.518368
0.935684
0.585601
0.442188
0.438080
0.789256
0.583037
0.589039
0.016303
0.299521
0.582539
0.990832
0.588110
0.329452
0.872281
0.138154
0.100443
0.579193
0.882215
0.835517
0.850012
0.497096
0.706682
0.201629
0.011847
0.510162
0.437503
0.957275
0.363278
0.318614
0.466096
0.881646
0.254298
0.051697
0.323834
0.692378
0.840953
0.906871
0.281417
0.857255
0.206392
0.863955
0.848088
0.794502
0.193407
0.720369
0.932656
0.293851
0.299562
0.814872
0.129367
0.149574
0.311968
0.836050
0.351203
0.323815
0.346211
0.788705
0.281090
0.709490
0.107319
0.747186
0.591136
0.361617
0.798883
0.914970
0.053995
0.639836
0.821841
0.335412
0.497091
0.028232
0.199367
0.345179
0.822734
0.392774
0.065547
0.755391
0.686625
0.365109
0.570263
0.815992
0.514683
0.882231
0.652042
0.865886
0.206046
0.998253
0.654591
0.487136
0.707743
0.761910
0.234322
0.298879
0.123527
0.033205
0.213848
0.177522
0.673040
0.035689
0.512934
0.170131
0.063921
0.712301
0.515310
0.886656
0.105075
0.580857
0.642047
0.791700
0.945966
0.212309
0.607693
0.460649
0.094540
0.259735
0.326535
0.300585
0.257988
0.981126
0.787721
0.965731
0.743036
0.022043
0.264609
0.866563
0.055248
0.478457
0.044086
0.728288
0.514146
0.557019
0.898420
0.578068
0.269320
0.413730
0.464723
0.374396
0.994587
0.106770
0.166096
0.940553
0.319079
0.773789
0.401202
0.413619
0.033524
0.727737
0.714204
0.291511
0.708862
0.501925
0.257242
0.451898
0.523969
0.521851
0.318462
0.579217
0.000308
0.362547
0.307505
0.514455
0.919567
0.205925
0.092523
0.188887
0.619655
0.557246
0.563283
0.614241
0.664016
0.729379
0.554794
0.983095
0.503168
0.955996
0.396714
0.536691
0.683732
0.110918
0.828203
0.392595
0.612843
0.085445
0.844493
0.136812
0.607296
0.162955
0.716029
0.607604
0.525502
0.023534
0.122059
0.445068
0.229459
0.214582
0.633955
0.849114
0.771828
0.197238
0.463356
0.435844
0.926617
0.018150
0.418938
0.429785
0.974145
0.815652
0.966477
0.657878
0.926570
0.794679
0.050472
0.539413
0.880124
0.894965
0.676226
0.487420
0.057920
0.392255
0.095024
0.583422
0.415789
0.217083
0.028490
0.645248
0.431665
0.662446
0.494363
0.203492
0.859684
0.957718
0.639336
0.786301
0.975868
0.058274
0.216086
0.950013
0.873927
0.182563
0.607891
0.800497
0.977242
0.658363
0.339910
0.857366
0.553328
0.016136
0.344786
0.611249
0.408390
0.439810
0.194670
0.824179
0.656893
0.223160
0.469428
0.088558
0.885606
0.963790
0.292051
0.745290
0.921509
0.931387
0.531591
0.897376
0.989661
0.747677
0.847389
0.863588
0.930239
0.455280
0.664084
0.907481
0.113643
0.003995
0.764848
0.666972
0.020131
0.109634
0.278220
0.428521
0.549444
0.472890
0.252700
0.206337
0.696051
0.722128
0.294896
0.581657
0.685918
0.586946
0.326946
0.607427
0.518333
0.858537
0.504803
0.507994
0.606214
0.352193
0.371582
0.536453
0.807473
0.035666
0.443934
0.921116
0.039661
0.208782
0.588088
0.059792
0.318415
0.866308
0.488312
0.867859
0.339198
0.741013
0.074197
0.035249
0.463141
0.369092
0.616906
0.149059
0.956039
0.943852
0.756486
0.474371
0.802389
0.261290
0.982366
0.408603
0.613482
0.353947
0.945056
0.420955
0.389614
0.388990
0.342071
0.429275
0.597772
0.930159
0.489066
0.916187
0.796467
0.977379
0.784046
0.135665
0.718392
0.858243
0.170914
0.181532
0.227335
0.787820
0.330592
0.183374
0.731672
0.087078
0.657745
0.534062
0.348368
0.640111
0.942665
0.961850
0.994058
0.887721
0.382805
0.383672
0.276710
0.724877
0.812946
0.874482
0.655035
0.302013
0.790669
0.451502
0.279391
0.574715
0.587167
0.997783
0.432958
0.758081
0.179315
0.660294
0.545901
0.509907
0.843667
0.277573
0.596985
0.501413
0.811635
0.945353
0.141523
0.754300
0.907203
0.135581
0.642020
0.290009
0.519253
0.918731
0.014885
0.332200
0.793213
0.669921
0.634212
0.583882
0.121423
0.913604
0.158598
0.708590
0.911387
0.591556
0.466671
0.090702
0.251850
0.012572
0.600609
0.095517
0.290145
0.197595
0.596930
0.101780
0.142948
0.738453
0.856080
0.050151
0.874034
0.498100
0.340160
0.393287
0.416831
0.355045
0.725487
0.210044
0.024965
0.359699
0.793927
0.146388
0.273303
0.952524
0.854978
0.184690
0.544081
0.321648
0.275392
0.795930
0.334220
0.876001
0.891448
0.624365
0.073596
0.488377
0.726145
0.216543
0.226830
0.582225
0.266694
0.100865
0.080325
0.606854
0.494152
0.497157
0.961898
0.219639
0.707201
0.986864
0.579338
0.501128
0.133252
0.852641
0.453652
0.988230
0.037331
0.997733
0.309878
0.312722
0.793663
0.644098
0.188723
0.685111
0.268463
0.262319
0.173489
0.994608
0.478862
0.400319
0.576833
0.745556
0.501183
0.657158
0.352410
0.995335
0.154315
0.314308
0.214974
0.861517
0.301172
0.794312
0.362644
0.434424
0.646953
0.816297
0.422653
0.684284
0.814030
0.732531
0.997006
0.607693
0.376629
0.185730
0.292804
0.645092
0.448049
0.466293
0.639700
0.926911
0.866612
0.216533
0.672467
0.367795
0.873691
0.024877
0.363131
0.028006
0.339185
0.578105
0.889523
0.640357
0.372417
0.252167
0.074781
0.019370
0.068464
0.497434
0.703654
0.882494
0.229965
0.700660
0.490187
0.606594
0.886390
0.782992
0.251686
0.334439
0.249285
0.891385
0.261350
0.115897
0.107918
0.933817
0.483692
0.981609
0.958694
0.846823
0.009616
0.297879
0.424927
0.899138
0.938236
0.797345
0.151306
0.013017
0.816715
0.219770
0.510451
0.520369
0.102264
0.740415
0.221029
0.592451
0.347009
0.107419
0.375443
0.598694
0.441858
0.624728
0.490080
0.703208
0.740624
0.597998
0.637025
0.224316
0.579607
0.595719
0.071139
0.589223
0.893598
0.496066
0.488361
0.831835
0.293411
0.639667
0.844852
0.110126
0.859437
0.355302
0.630495
0.961701
0.095717
0.851524
0.554152
0.442726
0.958943
0.929596
0.041421
0.400801
0.554324
0.531501
0.104009
0.294948
0.129498
0.741034
0.519264
0.709106
0.336753
0.590403
0.298328
0.230351
0.086469
0.786689
0.062186
0.379880
0.426356
0.907037
0.490006
0.285793
0.262340
0.120501
0.247494
0.358057
0.972025
0.801647
0.800783
0.930969
0.731242
0.842204
0.331770
0.285566
0.373704
0.435779
0.580514
0.503203
0.176813
0.099778
0.212308
0.513566
0.690181
0.510636
0.743917
0.776651
0.297326
0.806103
0.156531
0.723682
0.713140
0.646538
0.009475
0.975480
0.767039
0.256969
0.333537
0.739064
0.058616
0.134320
0.670033
0.789858
0.976524
0.001803
0.075424
0.350228
0.437582
0.655938
0.853431
0.614395
0.755716
0.065739
0.127961
0.445898
0.576375
0.871878
0.222549
0.873701
0.677980
0.379080
0.597383
0.391121
0.025618
0.606858
0.366601
0.792656
0.863827
0.700138
0.531720
0.922443
0.834458
0.201753
0.712301
0.810981
0.203556
0.787726
0.161209
0.641138
0.443664
0.014640
0.255532
0.199380
0.080379
0.383493
0.645278
0.656754
0.255370
0.867827
0.530455
0.933351
0.246907
0.127837
0.324472
0.272525
0.734695
0.691073
0.065181
0.598522
0.391210
0.596902
0.520966
0.225668
0.798655
0.233267
0.036649
0.002211
0.020993
0.197858
0.643348
0.464657
0.212498
0.898880
0.664037
0.292877
0.282373
0.309315
0.949631
0.537743
0.177142
0.480085
0.471094
0.424049
0.607923
0.795566
0.696574
0.342618
0.486639
0.761756
0.941140
0.877849
0.358658
0.462106
0.103517
0.157312
0.695373
0.140166
0.159523
0.716365
0.338025
0.802871
0.181022
0.550523
0.701751
0.845059
0.843400
0.984124
0.154374
0.793030
0.521868
0.331517
0.273116
0.992962
0.755566
0.881038
0.788528
0.452140
0.223656
0.275167
0.213896
0.164796
0.153015
0.572554
0.626902
0.256532
0.729866
0.322275
0.396698
0.889389
0.038640
0.734723
0.692260
0.219662
0.285246
0.394011
0.064721
0.128645
0.378135
0.219095
0.921676
0.900003
0.550612
0.194791
0.892965
0.306178
0.075829
0.681493
0.758318
0.299485
0.956660
0.972214
0.464282
0.109675
0.544768
0.091184
0.366207
0.274634
0.413458
0.762906
0.164023
0.452098
0.497629
0.856283
0.671760
0.782874
0.250294
0.736482
0.911519
0.628429
0.955577
0.833195
0.528432
0.506189
0.027986
0.421397
0.812367
0.103816
0.102890
0.570685
0.403301
0.059550
0.542899
0.867583
0.169225
0.087667
0.958766
0.535433
0.362301
0.372225
0.298338
0.526324
0.824323
0.795967
0.382607
0.496083
0.578841
0.632900
0.232565
0.490360
0.261329
0.188142
0.323555
0.789761
0.694331
0.351542
0.211159
0.506698
0.455357
0.314049
0.077382
0.858658
0.373599
0.620282
0.726241
0.542824
0.707949
0.685008
0.078257
0.070250
0.057232
0.376595
0.596574
0.881555
0.172562
0.979181
0.377639
0.751403
0.612081
0.610204
0.241763
0.873410
0.798346
0.565318
0.663171
0.492677
0.916860
0.874330
0.999374
0.372217
0.188379
0.076757
0.230875
0.561978
0.697039
0.957117
0.104802
0.404988
0.642124
0.183059
0.475238
0.699357
0.559654
0.071812
0.580912
0.732216
0.050993
0.958551
0.483619
0.663073
0.568755
0.725381
0.536483
0.367101
0.290700
0.199654
0.859778
0.207559
0.073984
0.859152
0.579776
0.262363
0.935909
0.810652
0.824341
0.632947
0.767768
0.929143
0.037935
0.409893
0.112203
0.513172
0.109249
0.671857
0.584984
0.690162
0.404073
0.635977
0.648713
0.887692
0.299050
0.217467
0.613073
0.835533
0.584568
0.903773
0.035188
0.444346
0.111332
0.109172
0.303498
0.691109
0.371535
0.239406
0.501760
0.195876
0.872353
0.269529
0.125020
0.910288
0.679421
0.237222
0.423460
0.788671
0.909079
0.008445
0.478832
0.313153
0.644421
0.127545
0.200845
0.943472
0.345012
0.813918
0.779005
0.929580
0.717691
0.814193
0.373926
0.829023
0.923365
0.677424
0.520132
0.294900
0.916830
0.021892
0.490776
0.789184
0.291420
0.615795
0.699472
0.970841
0.853018
0.122932
0.759512
0.762097
0.131377
0.238344
0.075250
0.775798
0.365889
0.276094
0.719270
0.710901
0.090012
0.498274
0.640481
0.807703
0.312467
0.014407
0.636726
0.235832
0.691831
0.156858
0.530732
0.608662
0.178750
0.021508
0.397845
0.470170
0.637303
0.097317
0.441012
0.490321
0.220249
0.200524
0.252418
0.351626
0.438868
0.327668
0.127424
0.804756
0.603762
0.846693
0.515657
0.693774
0.344968
0.156138
0.501478
0.657435
0.170546
0.138204
0.893267
0.862377
0.295062
0.423999
0.471038
0.473812
0.445506
0.868884
0.943982
0.082809
0.966200
0.384994
0.573130
0.186449
0.585517
0.825547
0.538075
0.024385
0.153215
0.665498
0.829141
0.756977
0.512192
0.344798
0.450751
0.857159
0.500937
0.952229
0.514594
0.671482
0.090433
0.407861
0.533859
0.385495
0.831859
0.004898
0.859306
0.277365
0.873781
0.803288
0.360174
0.839982
0.188282
0.933304
0.026431
0.773799
0.758851
0.564506
0.798184
0.912066
0.230004
0.627325
0.669043
0.742196
0.972124
0.119794
0.599355
0.473061
0.072022
0.113949
0.144543
0.162455
0.521810
0.678402
0.547950
0.353669
0.683300
0.407256
0.631035
0.557081
0.210544
0.991209
0.397063
0.398826
0.924513
0.423494
0.172626
0.683364
0.988000
0.970810
0.595430
0.218004
0.598135
0.264472
0.960200
0.570259
0.384266
0.559555
0.043320
0.456288
0.673504
0.187863
0.618744
0.195314
0.866265
0.166693
0.548983
0.549565
0.573949
0.180017
0.106646
0.784494
0.171226
0.503709
0.183320
0.095739
0.927202
0.355946
0.779103
0.915202
0.326756
0.374533
0.133206
0.924891
0.639005
0.093406
0.495150
0.023271
0.652961
0.538470
0.479560
0.326465
0.726333
0.098303
0.521778
0.592597
0.264996
0.070761
0.142162
0.838945
0.250779
0.248808
0.623439
0.422005
0.752516
0.806759
0.517744
0.679719
0.162705
0.296847
0.594921
0.489461
0.671379
0.728127
0.414352
0.310384
0.821533
0.909502
0.333655
0.474493
0.447972
0.813215
0.800958
0.174304
0.911518
0.322736
0.766902
0.176514
0.393497
0.909064
0.015460
0.644276
0.157872
0.638899
0.066281
0.910388
0.445658
0.584025
0.590107
0.608363
0.880872
0.185028
0.097824
0.552251
0.913155
0.512176
0.862635
0.734687
0.421677
0.196291
0.209181
0.869649
0.009506
0.010139
0.043953
0.921024
0.332875
0.810855
0.097538
0.726372
0.719919
0.112997
0.370648
0.877790
0.751896
0.436929
0.788178
0.197554
0.020954
0.378285
0.805918
0.901826
0.563313
0.903742
0.454077
0.476467
0.415917
0.316712
0.211155
0.837594
0.513002
0.420335
0.707243
0.522508
0.430474
0.751196
0.443532
0.763348
0.562051
0.541070
0.489721
0.281970
0.654067
0.860369
0.159760
0.405963
0.297298
0.947938
0.603518
0.318252
0.326223
0.409435
0.220078
0.889536
0.313177
0.674154
0.366003
0.729094
0.990866
0.577158
0.566688
0.503868
0.997493
0.273932
0.026376
0.427967
0.025128
0.469908
0.191315
0.587179
0.010978
0.681036
0.869149
0.665045
0.541404
0.028909
0.071008
0.838702
0.976847
0.674526
0.156954
0.303070
0.083961
0.377032
0.192606
0.397138
0.051186
0.558609
0.126232
0.042052
0.135767
0.692920
0.545920
0.133260
0.966851
0.572296
0.561227
0.991979
0.042204
0.752541
0.579158
0.053182
0.433577
0.448307
0.718227
0.974981
0.477216
0.789235
0.813684
0.454063
0.463760
0.970638
0.757133
0.547721
0.347669
0.949739
0.944859
0.398855
0.508348
0.071091
0.440907
0.644115
0.764010
0.986827
0.777375
0.730862
0.559123
0.338602
0.722841
0.601327
0.091143
0.301999
0.654509
0.524720
0.750307
0.372736
0.499701
0.227522
0.161970
0.313385
0.681585
0.625731
0.284022
0.438717
0.173452
0.631692
0.388456
0.118311
0.030547
0.896804
0.189402
0.471454
0.540919
0.953412
0.458280
0.318294
0.684274
0.017403
0.656896
0.407115
0.618730
0.748039
0.709115
0.273239
0.272759
0.459421
0.645975
0.772460
0.686943
0.807946
0.085845
0.368528
0.433676
0.369867
0.807246
0.607129
0.001559
0.195702
0.725440
0.032106
0.092506
0.914841
0.503560
0.633425
0.868254
0.961840
0.951720
0.552528
0.979243
0.608615
0.959643
0.597973
0.356654
0.668758
0.871213
0.629413
0.128179
0.517188
0.401873
0.815122
0.325133
0.487718
0.183651
0.758810
0.857586
0.990896
0.365938
0.859145
0.186598
0.091378
0.891251
0.279104
0.006220
0.394811
0.912530
0.874473
0.356652
0.864249
0.427001
0.335895
0.472865
0.386644
0.933868
0.829519
0.055402
0.805081
0.458932
0.183580
0.322269
0.860806
0.998703
0.647402
0.348524
0.182353
0.406212
0.206110
0.173250
0.772150
0.065255
0.359848
0.863528
0.956507
0.638952
0.869748
0.351318
0.551482
0.744221
0.707970
0.415731
0.171222
0.043865
0.888595
0.557866
0.977733
0.718114
0.613268
0.782814
0.177047
0.796848
0.105083
0.037852
0.795551
0.752485
0.386377
0.977904
0.158696
0.592487
0.151153
0.930847
0.657742
0.511001
0.794375
0.614249
0.149953
0.664123
0.965567
0.701435
0.408344
0.673537
0.117165
0.579566
0.717402
0.005761
0.137432
0.695135
0.723875
0.750700
0.477948
0.900922
0.547548
0.583031
0.938774
0.343098
0.335515
0.325151
0.321002
0.494212
0.917637
0.472155
0.425059
0.575379
0.983156
0.219434
0.189628
0.133110
0.883557
0.155195
0.834544
0.291901
0.828731
0.951710
0.871468
0.546133
0.957470
0.008900
0.241267
0.681345
0.759600
0.719216
0.582267
0.307148
0.302247
0.521041
0.650246
0.637762
0.846192
0.971248
0.131974
0.763829
0.443404
0.557033
0.339208
0.426560
0.776467
0.528836
0.559670
0.660024
0.684030
0.394214
0.951925
0.512762
0.345924
0.823393
0.058894
0.303394
0.832294
0.300162
0.984740
0.591894
0.019378
0.567007
0.899042
0.321624
0.088048
0.549288
0.959386
0.934239
0.520536
0.091360
0.698068
0.963940
0.648393
0.037276
0.390501
0.424860
0.566111
0.950171
0.084884
0.250142
0.344385
0.036809
0.762903
0.690309
0.860203
0.821797
0.993703
0.692496
0.121959
0.978443
0.284390
0.141337
0.545450
0.183432
0.462961
0.633498
0.732719
0.422347
0.567737
0.253256
0.513708
0.265805
0.217196
0.162101
0.303081
0.607697
0.586961
0.869192
0.557867
0.671845
0.119334
0.902252
0.708655
0.882237
0.592561
0.568858
0.704035
0.586264
0.261354
0.825994
0.564707
0.545744
0.967331
0.110157
0.729175
0.430292
0.743655
0.461895
0.852639
0.311392
0.715151
0.366347
0.577197
0.932347
0.528448
0.880278
0.540043
0.115410
0.749471
0.097911
0.787255
0.868805
0.000163
0.495909
0.751042
0.592724
0.064767
0.455076
0.178988
0.326121
0.281070
0.743695
0.871865
0.248401
0.853852
0.601040
0.678693
0.597507
0.062935
0.531332
0.908899
0.778085
0.897679
0.486096
0.710432
0.426127
0.366375
0.250475
0.541537
0.115845
0.348386
0.328792
0.984650
0.348549
0.824701
0.735692
0.941273
0.889468
0.190769
0.120261
0.215589
0.471839
0.863957
0.087454
0.720240
0.717809
0.688494
0.398933
0.315316
0.751428
0.930265
0.224215
0.529514
0.827944
0.710312
0.239946
0.254071
0.076687
0.490421
0.795608
0.192532
0.838807
0.124400
0.177182
0.187357
0.949101
0.912875
0.128630
0.838569
0.103643
0.248891
0.054158
0.575482
0.112848
0.141612
0.295722
0.830657
0.830105
0.694654
0.145973
0.581534
0.624919
0.370188
0.111047
0.452863
0.080500
0.350993
0.706934
0.157187
0.841414
0.502542
0.349719
0.680221
0.626942
0.526901
0.867577
0.576043
0.439776
0.996207
0.414612
0.543419
0.245098
0.468770
0.118901
0.357946
0.610382
0.414623
0.188603
0.440488
0.109277
0.334575
0.022021
0.734196
0.704764
0.133068
0.187059
0.785264
0.484061
0.893992
0.942450
0.325475
0.396534
0.292169
0.005696
0.023476
0.819070
0.873273
0.599519
0.258846
0.869480
0.014131
0.802265
0.114579
0.482902
0.921166
0.472525
0.093284
0.335788
0.661127
0.533772
0.445065
0.995703
0.555793
0.179261
0.700466
0.688862
0.366320
0.485730
0.172923
0.260312
0.428180
0.498397
0.656847
0.720350
0.504093
0.680323
0.539420
0.377366
0.279842
0.798266
0.246847
0.293974
0.600531
0.361425
0.776875
0.521697
0.833950
0.870160
0.857486
0.495077
0.403931
0.302551
0.490780
0.959724
0.481812
0.191246
0.648586
0.848132
0.676976
0.821509
0.108444
0.105157
0.319906
0.765290
0.825506
0.823999
0.445613
0.364926
0.201365
0.725455
0.163192
0.448212
0.019429
0.763724
0.809637
0.796304
0.285421
0.643587
0.666464
0.142906
0.138664
0.070395
0.445457
0.629444
0.030120
0.927269
0.820691
0.678706
0.775401
0.497667
0.500214
0.883845
0.602824
0.820120
0.649136
0.428330
0.644119
0.094749
0.793256
0.845484
0.820204
0.956448
0.293696
0.839633
0.720172
0.103333
0.635937
0.005592
0.746920
0.302401
0.148499
0.885584
0.372797
0.593956
0.515028
0.402916
0.521226
0.335719
0.081622
0.296627
0.833386
0.581836
0.180472
0.436210
0.401956
0.829608
0.864539
0.046075
0.924356
0.657795
0.891559
0.744561
0.614243
0.185255
0.584194
0.334415
0.288587
0.220131
0.340007
0.035507
0.522533
0.488506
0.921091
0.895329
0.082462
0.436119
0.298245
0.603687
0.771839
0.379867
0.900314
0.605225
0.961703
0.080786
0.041435
0.363659
0.910394
0.905974
0.409734
0.834750
0.563769
0.301293
0.579311
0.178012
0.486547
0.163505
0.512426
0.775134
0.383636
0.852433
0.810641
0.906168
0.340939
0.731732
0.801497
0.423401
0.167851
0.099743
0.027088
0.939690
0.479609
0.927402
0.544915
0.441312
0.008189
0.586349
0.804971
0.918583
0.492323
0.214705
0.753333
0.056092
0.515997
0.332644
0.234104
0.002544
0.496149
0.746530
0.777679
0.879784
0.598963
0.588320
0.785953
0.939902
0.320052
0.587450
0.363302
0.487903
0.687193
0.390390
0.427593
0.166802
0.317793
0.972508
0.608114
0.325982
0.558857
0.413085
0.244564
0.051180
0.627790
0.997897
0.107272
0.143787
0.330541
0.341376
0.146331
0.826690
0.087905
0.924010
0.706474
0.686868
0.512330
0.492427
0.626770
0.832382
0.079877
0.990072
0.320286
0.767070
0.380463
0.747879
0.933872
0.698255
0.720387
0.541986
0.024237
0.279244
0.955072
0.268801
0.330425
0.582862
0.266698
0.437697
0.726649
0.597239
0.779073
0.872980
0.423929
0.866978
0.796990
0.130403
0.553847
0.309320
0.622829
0.180617
0.141702
0.702706
0.170689
0.461988
0.469775
0.551151
0.209867
0.403647
0.249407
0.930254
0.945633
0.273644
0.209498
0.900705
0.542445
0.539923
0.483567
0.809143
0.977620
0.210215
0.406382
0.756693
0.083195
0.830311
0.623671
0.880185
0.960714
0.177518
0.189505
0.583543
0.358134
0.331207
0.286249
0.528823
0.793195
0.756024
0.079975
0.003062
0.159671
0.329382
0.933316
0.105305
0.603025
0.142814
0.006010
0.145470
0.682737
0.489576
0.954614
0.660357
0.699791
0.360996
0.417050
0.782986
0.191307
0.040721
0.663171
0.152021
0.218239
0.852676
0.735564
0.576373
0.183884
0.021812
0.105196
0.977079
0.777837
0.185171
0.980141
0.937508
0.514553
0.913456
0.042813
0.117578
0.056270
0.048822
0.263049
0.739007
0.538399
0.217662
0.399364
0.238190
0.578658
0.816413
0.021176
0.769965
0.857134
0.684348
0.921986
0.075373
0.537024
0.657550
0.651746
0.720908
0.679362
0.756942
0.697987
0.457199
0.942113
0.678127
0.394707
0.456666
0.591584
0.437520
0.574244
0.647854
0.486342
0.837292
0.386860
0.024741
0.054955
0.786224
0.262931
0.633613
0.602637
0.284107
0.403578
0.459771
0.968455
0.325565
0.535144
0.505479
0.983115
0.186890
0.226387
0.662477
0.943832
0.924374
0.119676
0.885945
0.602501
0.514383
0.342611
0.194085
0.951903
0.916855
0.841939
0.438245
0.754147
0.228799
0.462986
0.809102
0.015023
0.725917
0.442715
0.617660
0.010024
0.846293
0.077431
0.978479
0.171858
0.612575
0.483958
0.154972
0.799465
0.710345
0.817449
0.743297
0.634719
0.937125
0.629242
0.237221
0.451509
0.971852
0.431305
0.403412
0.888707
0.273244
0.841657
0.642854
0.502043
0.304644
0.451956
0.517066
0.030561
0.894671
0.134726
0.040585
0.740964
0.212157
0.019065
0.912822
0.824733
0.503023
0.067794
0.624197
0.213369
0.885243
0.367494
0.848088
0.822369
0.996735
0.085309
0.273878
0.968588
0.516614
0.677290
0.857295
0.789858
0.518947
0.500149
0.291901
0.823591
0.952105
0.808967
0.854152
0.846776
0.943694
0.894737
0.587740
0.155851
0.913802
0.500562
0.980584
0.416825
0.568356
0.604781
0.630194
0.453599
0.972275
0.478282
0.275968
0.969010
0.563591
0.549846
0.937598
0.080205
0.227135
0.794893
0.870063
0.746082
0.295042
0.161964
0.569673
0.247147
0.970932
0.423824
0.093924
0.914625
0.318562
0.681664
0.070476
0.232364
0.182226
0.051060
0.649189
0.750583
0.655841
0.279383
0.204182
0.628116
0.757665
0.480150
0.597126
0.321256
0.029996
0.534724
0.401461
0.257131
0.329617
0.271523
0.003213
0.624659
0.433488
0.572886
0.871806
0.404419
0.996710
0.965730
0.319044
0.315272
0.647394
0.389521
0.547636
0.829621
0.440581
0.196825
0.580204
0.096422
0.476208
0.784385
0.724538
0.233873
0.264536
0.321664
0.555129
0.294531
0.856389
0.956590
0.551662
0.186005
0.228113
0.554875
0.810664
0.661601
0.127761
0.682470
0.066020
0.124472
0.648200
0.385064
0.439744
0.295595
0.774585
0.987380
0.125216
0.215166
0.184204
0.705419
0.311588
0.660412
0.489805
0.036127
0.894285
0.754340
0.357791
0.449415
0.048872
0.214180
0.406004
0.600534
0.400185
0.634118
0.155409
0.210849
0.295719
0.283171
0.893319
0.361739
0.407642
0.541520
0.746803
0.847386
0.837115
0.521388
0.834766
0.962330
0.736555
0.018970
0.667750
0.048143
0.679382
0.157555
0.084270
0.573668
0.911895
0.442061
0.023082
0.960766
0.656241
0.429087
0.561300
0.056426
0.063205
0.716710
0.267275
0.358923
0.999880
0.160595
0.720662
0.407522
0.702114
0.467466
0.254909
0.539229
0.988854
0.089674
0.501560
0.725409
0.108644
0.169309
0.773552
0.788026
0.326864
0.857822
0.361694
0.238759
0.299883
0.384776
0.199525
0.956124
0.813863
0.760825
0.012550
0.877067
0.477535
0.279825
0.235990
0.477415
0.440420
0.956653
0.884937
0.142535
0.424118
0.139846
0.681764
0.412972
0.229520
0.183323
0.138381
0.338164
0.352633
0.911933
0.126191
0.679497
0.769755
0.487884
0.918255
0.069638
0.872660
0.117781
0.025762
0.686523
0.878606
0.038312
0.563590
0.356141
0.318137
0.799580
0.833556
0.758557
0.756233
0.718493
0.901092
0.180351
0.858339
0.582855
0.593323
0.087859
0.766179
0.731704
0.426024
0.118811
0.643637
0.552214
0.798308
0.413391
0.040099
0.716564
0.483029
0.912759
0.834344
0.508791
0.599282
0.712950
0.547102
0.162872
0.069091
0.865239
0.962452
0.902647
0.623797
0.718685
0.621140
0.524888
0.899036
0.479479
0.107743
0.492359
0.567339
0.873922
0.224063
0.993363
0.992733
0.867700
0.545577
0.791042
0.281091
0.585676
0.507605
0.764120
0.498435
0.341949
0.272911
0.097717
0.054899
0.820013
0.260589
0.123990
0.685253
0.223041
0.026637
0.309050
0.941726
0.647777
0.833938
0.840762
0.127257
0.941681
0.333121
0.694596
0.815603
0.557185
0.687959
0.808337
0.424885
0.233536
0.599378
0.705976
0.819212
0.106983
0.470097
0.317647
0.448933
0.743008
0.415364
0.503832
0.563021
0.675953
0.627822
0.248274
0.898995
0.654460
0.557324
0.840721
0.302237
0.391261
0.681483
0.429494
0.332942
0.014605
0.124090
0.148546
0.571789
0.812049
0.956882
0.996674
0.045584
0.556261
0.702650
0.864796
0.663244
0.172747
0.182444
0.112177
0.915755
0.597808
0.616009
0.478776
0.273762
0.243831
0.727050
0.172756
0.898291
0.284374
0.013477
0.200528
0.675635
0.694960
0.630022
0.008577
0.709565
0.754112
0.157123
0.281354
0.566161
0.114005
0.278028
0.611745
0.670266
0.980679
0.476541
0.333510
0.153425
0.658985
0.445687
0.069180
0.256793
0.061696
0.547956
0.530555
0.305527
0.275006
0.703311
0.203817
0.559379
0.716788
0.404345
0.235014
0.411749
0.034368
0.243592
0.121313
0.788480
0.400715
0.402668
0.354640
0.514720
0.680696
0.966385
0.184986
0.661375
0.442927
0.518497
0.814800
0.101912
0.964183
0.883980
0.358705
0.025879
0.431936
0.889260
0.331406
0.706942
0.592571
0.535223
0.266321
0.309359
0.939569
0.501335
0.721108
0.973936
0.744927
0.842421
0.762416
0.145642
0.245089
0.117056
0.660362
0.925785
0.083441
0.845348
0.587159
0.526368
0.363845
0.401959
0.628279
0.328029
0.285939
0.986984
0.353908
0.717875
0.876244
0.685313
0.424817
0.468815
0.220536
0.691138
0.778174
0.160105
0.192474
0.499282
0.134041
0.937401
0.341703
0.896457
0.083043
0.586791
0.013513
0.743405
0.512576
0.096954
0.588753
0.099735
0.623321
0.952598
0.501695
0.251600
0.280627
0.787634
0.238585
0.634534
0.505509
0.114829
0.319847
0.930326
0.583644
0.540384
0.621464
0.361818
0.700489
0.813938
0.861099
0.834530
0.751338
0.202802
0.730986
0.834381
0.789594
0.744499
0.577786
0.302170
0.841453
0.166539
0.401905
0.464774
0.119137
0.903600
0.716374
0.399764
0.691234
0.954959
0.034298
0.196743
0.069788
0.354145
0.127069
0.653432
0.894529
0.748533
0.015249
0.595018
0.562470
0.876349
0.429547
0.313808
0.079151
0.160534
0.148189
0.868744
0.905033
0.725975
0.170914
0.746486
0.892514
0.572819
0.211259
0.011651
0.476419
0.927633
0.411415
0.167653
0.882592
0.445713
0.364395
0.952380
0.799858
0.491464
0.605812
0.694387
0.239996
0.621061
0.289405
0.802466
0.497410
0.718953
0.116275
0.576560
0.879487
0.264464
0.445305
0.784519
0.990439
0.616219
0.531005
0.882953
0.189038
0.742264
0.894604
0.665457
0.669898
0.306019
0.833110
0.552490
0.751732
0.197505
0.504870
0.551590
0.688969
0.110682
0.245978
0.928965
0.731743
0.535383
0.731431
0.229153
0.254336
0.847706
0.805713
0.133822
0.112170
0.251018
0.918342
0.102610
0.867237
0.449347
0.985563
0.056275
0.191611
0.880167
0.721732
0.861509
0.186187
0.554842
0.413999
0.937919
0.752346
0.918869
0.489509
0.441315
0.029551
0.735487
0.370280
0.761294
0.270870
0.101711
0.990447
0.525206
0.949417
0.796161
0.659028
0.061587
0.047179
0.577370
0.164197
0.914416
0.026717
0.149760
0.970691
0.218328
0.029928
0.692423
0.079837
0.216114
0.247264
0.493835
0.154033
0.999611
0.412705
0.643542
0.440926
0.442256
0.379029
0.811205
0.203550
0.649899
0.912916
0.193998
0.175105
0.862334
0.990159
0.834134
0.923921
0.037338
0.411504
0.088118
0.951754
0.438221
0.237879
0.922444
0.656549
0.267806
0.614867
0.736385
0.483921
0.862132
0.230221
0.637954
0.861742
0.642925
0.281496
0.302668
0.085181
0.660525
0.113874
0.288732
0.310424
0.026790
0.482729
0.485530
0.889124
0.472888
0.319664
0.813045
0.510226
0.731168
0.901163
0.461979
0.169388
0.139042
0.384424
0.825937
0.406848
0.999291
0.562322
0.890769
0.861423
0.792543
0.528722
0.723165
0.435469
0.810218
0.025833
0.520650
0.470743
0.139707
0.809381
0.781167
0.166497
0.292111
0.266697
0.055620
0.764999
0.586361
0.868665
0.275225
0.317528
0.769828
0.737204
0.486917
0.908869
0.121628
0.312854
0.315717
0.120919
0.875176
0.206486
0.982341
0.667719
0.735208
0.705506
0.103188
0.545427
0.731340
0.623838
0.016170
0.871046
0.433219
0.797337
0.037543
0.725330
0.064035
0.093163
0.490329
0.650395
0.961828
0.765554
0.967924
0.731656
0.502758
0.454840
0.640525
0.624385
0.767694
0.956242
0.745304
0.642870
0.162728
0.727646
0.310590
0.897937
0.433152
0.413778
0.443364
0.164491
0.037616
0.459533
0.035538
0.470835
0.256871
0.073080
0.196165
0.320905
0.166243
0.686494
0.971301
0.128071
0.452048
0.939224
0.859727
0.954806
0.394064
0.500252
0.579191
0.161758
0.456494
0.324496
0.804629
0.619222
0.052141
0.115218
0.517159
0.485293
0.528996
0.960523
0.649784
0.566612
0.420056
0.685322
0.037447
0.676927
0.758402
0.233612
0.997832
0.924646
0.920106
0.969133
0.052717
0.372154
0.908357
0.912444
0.326960
0.302421
0.412695
0.906152
0.464179
0.869189
0.230647
0.268808
0.488411
0.282788
0.384026
0.005570
0.768081
0.913022
0.966093
0.417866
0.479634
0.386149
0.103188
0.517081
0.063076
0.861590
0.750693
0.060908
0.786236
0.670799
0.030040
0.838953
0.042954
0.938397
0.751397
0.369914
0.240818
0.164092
0.276065
0.704997
0.033281
0.506713
0.973805
0.521692
0.789501
0.357831
0.527262
0.557582
0.270854
0.493355
0.975448
0.750488
0.879504
0.078635
0.267569
0.942580
0.940226
0.018262
0.003488
0.726462
0.689061
0.033528
0.565414
0.732015
0.971925
0.316811
0.101928
0.212743
0.480903
0.377994
0.917740
0.514184
0.884706
0.891546
0.035876
0.674207
0.249377
0.563138
0.231789
0.520231
0.056493
0.207237
0.270719
0.935997
0.285872
0.538288
0.878577
0.226097
0.556550
0.882065
0.952559
0.245611
0.915593
0.517974
0.977625
0.887518
0.834785
0.079553
0.100261
0.315687
0.457547
0.018001
0.829871
0.342253
0.909547
0.865746
0.016460
0.158924
0.428884
0.248249
0.679155
0.485377
0.455485
0.949874
0.421375
0.741357
0.488162
0.299952
0.967455
0.044711
0.182017
0.920014
0.290322
0.097610
0.437987
0.267947
0.985127
0.272772
0.347500
0.085388
0.588459
0.805047
0.103390
0.418330
0.147300
0.012936
0.284076
0.163760
0.171861
0.712960
0.412009
0.851016
0.198338
0.867495
0.800889
0.619712
0.608852
0.289051
0.919664
0.576307
0.333762
0.101681
0.496321
0.624084
0.199290
0.934308
0.892030
0.184418
0.207080
0.239531
0.269806
0.795539
0.044578
0.373195
0.213869
0.191878
0.386132
0.497945
0.355638
0.557992
0.210906
0.767648
0.409008
0.409244
0.635142
0.209897
0.028956
0.243994
0.498948
0.948620
0.820301
0.832710
0.050301
0.316622
0.456794
0.249591
0.250930
0.348825
0.434008
0.458011
0.588355
0.703814
0.253550
0.632933
0.077010
0.467419
0.824811
0.463141
0.965364
0.180449
0.021134
0.176270
0.948097
0.430142
0.585514
0.583239
0.640039
0.614470
0.827233
0.138987
0.563089
0.647535
0.971698
0.613390
0.964157
0.428492
0.862981
0.215087
0.777317
0.296989
0.673098
0.365672
0.000803
0.926648
0.998605
0.077813
0.394067
0.823416
0.540954
0.359431
0.003865
0.562088
0.535702
0.951962
0.992230
0.121216
0.535201
0.632269
0.735685
0.362434
0.771256
0.298775
0.009969
0.742954
0.912165
0.974126
0.171446
0.775145
0.189213
0.948763
0.072134
0.862311
0.314435
0.072938
0.788959
0.313040
0.150750
0.183026
0.136456
0.691704
0.542457
0.140322
0.253792
0.078159
0.092283
0.246022
0.199374
0.627484
0.878291
0.935060
0.989918
0.649547
0.233834
0.999887
0.392501
0.145999
0.974013
0.563948
0.921144
0.163226
0.512711
0.993279
0.025537
0.827147
0.066216
0.814496
0.140187
0.216967
0.997522
0.276643
0.908671
0.539979
0.416965
0.162463
0.618138
0.509248
0.408486
0.817513
0.136732
0.286776
0.752572
0.126650
0.936324
0.986406
0.126537
0.328825
0.132405
0.100550
0.892773
0.053549
0.263776
0.405484
0.046828
0.289314
0.232631
0.113044
0.103810
0.372818
0.330011
0.101332
0.649461
0.238682
0.641312
0.066426
0.401145
0.259450
0.575674
0.809631
0.076962
0.712406
0.096407
0.829535
0.839057
0.032731
0.815941
0.965594
0.361556
0.948346
0.066144
0.254329
0.001895
0.329921
0.659813
0.048723
0.619234
0.892444
0.161767
0.723044
0.265262
0.491778
0.824377
0.914723
0.730460
0.465688
0.981149
0.131605
0.725138
0.556823
0.941236
0.802101
0.269229
0.037644
0.631635
0.108286
0.070375
0.447576
0.073880
0.431931
0.395922
0.140025
0.686260
0.397817
0.469945
0.346073
0.446540
0.089179
0.238518
0.608307
0.812224
0.503779
0.100086
0.636600
0.418502
0.830545
0.102289
0.399651
0.962151
0.827427
0.956474
0.903387
0.629528
0.225704
0.941030
0.261163
0.333990
0.011405
0.708739
0.407870
0.443336
0.104661
0.547895
0.129596
0.502478
0.017840
0.475669
0.949018
0.107020
0.714187
0.557325
0.919243
0.217966
0.657411
0.555844
0.636468
0.487956
0.658132
0.036119
0.450107
0.485559
0.992593
0.353494
0.115087
0.218297
0.294525
0.376250
0.552287
0.305930
0.084989
0.960157
0.749266
0.189649
0.508052
0.878861
0.692127
0.525892
0.354531
0.641145
0.632911
0.068718
0.198471
0.552154
0.286684
0.855882
0.107998
0.923152
0.343838
0.766131
0.959271
0.793945
0.251690
0.951865
0.147439
0.366777
0.170162
0.441964
0.743027
0.722448
0.747894
0.828016
0.682605
0.497159
0.017665
0.190657
0.376021
0.709792
0.716548
0.730551
0.350937
0.349460
0.799269
0.549408
0.901614
0.085953
0.405289
0.009612
0.009105
0.749127
0.775743
0.968376
0.543072
0.027433
0.920241
0.690512
0.394210
0.090403
0.132476
0.137237
0.812851
0.880369
0.965252
0.495457
0.377528
0.982917
0.686113
0.753549
0.692709
0.402662
0.484100
0.043647
0.752121
0.283369
0.593054
0.653735
0.369322
0.998344
0.663348
0.378427
0.747471
0.439090
0.346803
0.290543
0.466523
0.267044
0.981055
0.860733
0.357447
0.113531
0.997970
0.170299
0.993900
0.963222
0.665755
0.371429
0.946140
0.351869
0.124978
0.638849
0.754530
0.609078
0.682496
0.506652
0.892447
0.275550
0.160387
0.261769
0.273894
0.823735
0.640196
0.021365
0.262825
0.986999
0.311908
0.729348
0.254043
0.292963
0.590082
0.611491
0.406494
0.588051
0.781789
0.400394
0.551274
0.447545
0.771823
0.497413
0.799413
0.896800
0.136262
0.553944
0.505878
0.818758
0.060596
0.398325
0.094308
0.220983
0.660094
0.368202
0.044718
0.300290
0.389566
0.307543
0.287289
0.701474
0.036892
0.541333
0.994438
0.626973
0.152823
0.400932
0.215024
0.934613
0.801326
0.766298
0.382157
0.573148
0.263711
0.181571
0.469949
0.399973
0.735514
0.975827
0.218731
0.796110
0.374152
0.313039
0.017093
0.034246
0.681240
0.061811
0.334537
0.070807
0.369354
0.621826
0.772281
0.406246
0.163159
0.766719
0.033219
0.315982
0.167651
0.248243
0.250595
0.968976
0.014541
0.632752
0.542125
0.278252
0.814322
0.012073
0.678226
0.549837
0.987900
0.896957
0.345947
0.362052
0.209995
0.363040
0.396299
0.891236
0.424851
0.730835
0.962042
0.794205
0.352661
0.734323
0.200450
0.515820
0.501042
0.233669
0.831802
0.668693
0.481912
0.082396
0.637669
0.496453
0.715148
0.179793
0.774706
0.529470
0.191867
0.452931
0.079307
0.179767
0.349888
0.425254
0.541819
0.559883
0.788294
0.938117
0.451118
0.213144
0.668953
0.413161
0.007349
0.021614
0.147484
0.207799
0.537433
0.648526
0.441468
0.369235
0.317219
0.923380
0.451631
0.954887
0.419834
0.166779
0.134681
0.194539
0.696249
0.326548
0.647470
0.775556
0.506314
0.997358
0.200810
0.048133
0.557241
0.989104
0.986250
0.008360
0.202248
0.655203
0.421520
0.209597
0.676816
0.569004
0.417397
0.214250
0.217530
0.858865
0.583485
0.534749
0.782245
0.035116
0.489636
0.202079
0.201895
0.624317
0.396618
0.898144
0.950865
0.044089
0.673701
0.457179
0.041447
0.874511
0.505312
0.598688
0.863615
0.491562
0.607047
0.065863
0.146764
0.028568
0.275460
0.823581
0.597572
0.692857
0.037831
0.815102
0.551721
0.621316
0.349850
0.333967
0.656432
0.839486
0.536045
0.858327
0.463803
0.932664
0.756471
0.414668
0.976752
0.430172
0.871846
0.018199
0.304682
0.377158
0.616887
0.168297
0.868720
0.223935
0.234160
0.015484
0.252502
0.509620
0.839065
0.850074
0.202477
0.876896
0.665175
0.754198
0.498211
0.015026
0.088165
0.154643
0.854512
0.624210
0.012969
0.318315
0.556874
0.769440
0.732983
0.533626
0.199612
0.604829
0.551826
0.504294
0.981987
0.168713
0.672591
0.850707
0.392647
0.906752
0.866191
0.645150
0.416372
0.705256
0.495223
0.618849
0.582152
0.160399
0.373047
0.080363
0.175424
0.461212
0.235006
0.029936
0.085423
0.247976
0.348251
0.642297
0.017416
0.081234
0.175923
0.217028
0.686063
0.727749
0.721322
0.668051
0.896461
0.393914
0.518758
0.289109
0.300666
0.384949
0.934258
0.717037
0.090206
0.429482
0.335886
0.672358
0.589880
0.708933
0.752721
0.765305
0.170145
0.987728
0.795241
0.255568
0.235704
0.143492
0.897865
0.253120
0.224726
0.073788
0.470148
0.910790
0.801537
0.191470
0.578841
0.697998
0.585384
0.097599
0.987107
0.886050
0.482548
0.921365
0.603087
0.572754
0.350847
0.938973
0.245112
0.940727
0.647906
0.997833
0.706032
0.818052
0.985561
0.501273
0.073619
0.221264
0.644765
0.971484
0.474384
0.869492
0.045272
0.944532
0.780281
0.846808
0.136002
0.359122
0.544806
0.721386
0.456721
0.531913
0.607436
0.939268
0.453278
0.210523
0.512022
0.804125
0.149496
0.757134
0.744852
0.797402
0.754967
0.450883
0.615454
0.740527
0.952156
0.689073
0.961791
0.596921
0.660557
0.436175
0.466413
0.705829
0.380707
0.246694
0.552638
0.516709
0.605816
0.097444
0.238095
0.062537
0.629357
0.845531
0.001805
0.082635
0.056054
0.513827
0.886760
0.205550
0.270961
0.631612
0.002953
0.025928
0.082495
0.618407
0.766455
0.034651
0.307480
0.728246
0.631572
0.968038
0.164421
0.097985
0.673867
0.545128
0.344679
0.226505
0.061837
0.950496
0.323949
0.299932
0.013033
0.953306
0.145463
0.014838
0.035941
0.201517
0.528665
0.922701
0.407068
0.799626
0.554312
0.410021
0.825554
0.636807
0.028428
0.592009
0.671458
0.335908
0.320255
0.303031
0.303946
0.484676
0.401016
0.977813
0.029804
0.745695
0.204317
0.091640
0.696191
0.528266
0.391572
0.709224
0.481572
0.537035
0.724061
0.517513
0.738553
0.252727
0.440213
0.145620
0.052353
0.994525
0.555641
0.877907
0.631333
0.584068
0.469916
0.302791
0.919976
0.790171
0.605822
0.223922
0.274847
0.006838
0.201735
0.304650
0.752533
0.406052
0.396291
0.448724
0.934318
0.787863
0.157948
0.415890
0.324899
0.882009
0.933403
0.063451
0.134736
0.373616
0.209071
0.187089
0.368141
0.764712
0.064996
0.999474
0.348781
0.534912
0.302265
0.268757
0.325083
0.908086
0.492679
0.599930
0.914924
0.694414
0.904580
0.667457
0.100466
0.300871
0.116181
0.034784
0.088734
0.274129
0.450674
0.413633
0.156138
0.384076
0.477084
0.290873
0.757692
0.686155
0.477962
0.125834
0.450868
0.542959
0.125308
0.799649
0.077871
0.427572
0.068406
0.402954
0.335659
0.561085
0.002884
0.250583
0.255498
0.907465
0.918040
0.355964
0.208336
0.034221
0.390748
0.297070
0.308349
0.841422
0.710703
0.464487
0.225498
0.187787
0.755360
0.983190
0.873943
0.233322
0.109024
0.324810
0.776281
0.234332
0.124459
0.854152
0.661904
0.192865
0.257106
0.997563
0.753949
0.259991
0.248145
0.009448
0.167455
0.166185
0.365412
0.375791
0.200406
0.756160
0.672861
0.508755
0.597582
0.383564
0.973242
0.823080
0.571351
0.728602
0.806270
0.445294
0.961924
0.915294
0.770104
0.738205
0.149626
0.894563
0.592357
0.811530
0.087428
0.849463
0.809092
0.841377
0.109454
0.057238
0.850824
0.276909
0.223423
0.216236
0.652700
0.423829
0.972396
0.325561
0.932583
0.569977
0.709125
0.905825
0.393057
0.280477
0.634427
0.199327
0.725771
0.596350
0.114622
0.495875
0.334555
0.264247
0.390438
0.926912
0.075777
0.477865
0.776376
0.884869
0.319242
0.885830
0.942107
0.170067
0.162739
0.165530
0.386303
0.815439
0.589358
0.358698
0.141000
0.521942
0.928676
0.850126
0.427767
0.321733
0.130602
0.062193
0.521060
0.856373
0.658544
0.635682
0.352248
0.993099
0.899929
0.742686
0.920012
0.975706
0.220551
0.696387
0.860575
0.539793
0.582217
0.802682
0.709860
0.744956
0.968212
0.096162
0.560395
0.557570
0.454861
0.701395
0.079512
0.383537
0.551521
0.507279
0.705270
0.682124
0.569472
0.226330
0.538497
0.228016
0.862012
0.890745
0.221115
0.761941
0.633430
0.141126
0.737647
0.853982
0.837514
0.598222
0.393775
0.419731
0.400905
0.103635
0.164687
0.369117
0.199797
0.725082
0.926687
0.654658
0.426478
0.006199
0.038194
0.977999
0.513478
0.743464
0.660122
0.082950
0.969794
0.198619
0.310966
0.831805
0.089364
0.532081
0.593746
0.722794
0.673207
0.331393
0.576775
0.510721
0.929616
0.970550
0.930452
0.330521
0.074185
0.095139
0.699637
0.273982
0.820221
0.626324
0.928640
0.246699
0.632524
0.966834
0.224697
0.146002
0.710298
0.884820
0.228952
0.680092
0.083439
0.539918
0.511898
0.172802
0.071998
0.105644
0.895596
0.745205
0.437037
0.472372
0.255926
0.366653
0.442922
0.186378
0.697174
0.517107
0.281517
0.396811
0.791089
0.101738
0.023136
0.719729
0.348437
0.655659
0.686563
0.573134
0.801661
0.396861
0.457954
0.030613
0.076953
0.541393
0.570530
0.588851
0.714195
0.642529
0.694495
0.609791
0.387734
0.131533
0.082162
0.643660
0.498186
0.525084
0.830038
0.195360
0.042191
0.111555
0.592171
0.833280
0.213293
0.615307
0.553008
0.561730
0.270966
0.239571
0.134864
0.072627
0.636433
0.592818
0.103239
0.713386
0.134211
0.673770
0.302237
0.848406
0.316298
0.996732
0.458197
0.704032
0.128265
0.540359
0.347692
0.626451
0.065443
0.177730
0.821811
0.107635
0.289285
0.413982
0.940914
0.502579
0.029289
0.493923
0.064309
0.300255
0.733494
0.199173
0.372882
0.369927
0.791992
0.476121
0.083313
0.926203
0.149891
0.385550
0.774608
0.466189
0.382283
0.232805
0.170221
0.510548
0.773164
0.517913
0.136999
0.838607
0.695644
0.958810
0.946242
0.984929
0.372792
0.887156
0.487508
0.402081
0.381079
0.551817
0.702335
0.114574
0.750990
0.075217
0.484501
0.542982
0.551338
0.567814
0.469184
0.701229
0.953364
0.243793
0.167418
0.335647
0.476598
0.337639
0.846195
0.249762
0.855553
0.983194
0.088369
0.551197
0.942004
0.034611
0.536126
0.314796
0.921767
0.023634
0.716876
0.302846
0.575451
0.419212
0.417420
0.326441
0.494429
0.901920
0.869422
0.045767
0.469734
0.338607
0.746996
0.423098
0.582400
0.914415
0.758746
0.058997
0.252054
0.604941
0.308759
0.107607
0.588135
0.397128
0.658804
0.530139
0.431738
0.194930
0.844934
0.353505
0.218563
0.561811
0.656351
0.794014
0.981023
0.073771
0.120455
0.475452
0.975692
0.989877
0.521219
0.445426
0.328484
0.268216
0.868524
0.910884
0.182631
0.627270
0.969881
0.434685
0.232211
0.278640
0.542292
0.820345
0.675767
0.201095
0.350484
0.107506
0.396025
0.195418
0.461011
0.614588
0.757229
0.117363
0.408602
0.738252
0.191134
0.529057
0.213704
0.166825
0.518934
0.734924
0.612251
0.847418
0.003139
0.480775
0.758302
0.185770
0.108045
0.728183
0.620455
0.340256
0.006823
0.162746
0.160601
0.682590
0.363842
0.511085
0.790096
0.759866
0.706504
0.251107
0.374454
0.463733
0.368470
0.783057
0.201985
0.559604
0.312114
0.415690
0.726429
0.831048
0.150613
0.338680
0.678466
0.153753
0.819455
0.436768
0.339523
0.927501
0.164951
0.959977
0.267757
0.171774
0.122724
0.428358
0.854364
0.486565
0.939443
0.644460
0.246432
0.645947
0.895568
0.620886
0.109680
0.264037
0.403943
0.311666
0.823641
0.716056
0.727355
0.550070
0.547104
0.877969
0.888750
0.225570
0.031721
0.708205
0.662339
0.371244
0.635706
0.827290
0.331222
0.903462
0.999064
0.453945
0.331820
0.853428
0.940510
0.271264
0.497889
0.186942
0.917211
0.393457
0.807828
0.026891
0.657494
0.211771
0.338557
0.481135
0.927827
0.065912
0.031204
0.474931
0.943881
0.919954
0.700502
0.975602
0.628159
0.362840
0.346846
0.263865
0.190130
0.678068
0.167328
0.189194
0.132013
0.499148
0.042623
0.072523
0.770412
0.540512
0.259465
0.687622
0.933968
0.067293
0.714514
0.591462
0.279064
0.053070
0.072597
0.206891
0.118982
0.103801
0.681823
0.062863
0.023755
0.382325
0.038465
0.651915
0.745165
0.385311
0.915780
0.935295
0.063379
0.083107
0.124489
0.195391
0.582255
0.167112
0.267915
0.352667
0.707624
0.527380
0.040290
0.641592
0.594674
0.754803
0.233053
0.873738
0.807873
0.305650
0.080629
0.926855
0.409451
0.762452
0.989718
0.433207
0.144777
0.028183
0.085121
0.889942
0.413494
0.000901
0.825237
0.476873
0.084008
0.949726
0.672264
0.666264
0.116838
0.940179
0.018931
0.824461
0.467559
0.059220
0.466053
0.062233
0.814023
0.699107
0.935971
0.621897
0.004757
0.016600
0.548752
0.414208
0.779053
0.538470
0.847414
0.923829
0.566653
0.932536
0.813771
0.980147
0.933436
0.639008
0.457020
0.017445
0.588734
0.129284
0.683708
0.705572
0.069463
0.702639
0.530033
0.537022
0.761859
0.996086
0.599254
0.575882
0.695193
0.535225
0.197779
0.699949
0.551825
0.746531
0.114157
0.330878
0.285001
0.961572
0.254707
0.851654
0.894107
0.068478
0.831801
0.827544
0.707486
0.288821
0.844988
0.296220
0.418105
0.528697
0.001791
0.487567
0.231336
0.531825
0.024589
0.993195
0.527911
0.623843
0.569077
0.223104
0.159068
0.766856
0.923053
0.710894
0.513387
0.037210
0.041771
0.798388
0.998782
0.296479
0.650042
0.892889
0.364957
0.481844
0.720433
0.072443
0.770664
0.565422
0.368662
0.188769
0.094119
0.370454
0.676336
0.325454
0.902278
0.700925
0.318649
0.430189
0.324769
0.887726
0.653293
0.483837
0.654582
0.576346
0.194731
0.167970
0.613556
0.236502
0.966358
0.612338
0.532980
0.616400
0.505228
0.897937
0.098243
0.225661
0.970380
0.868908
0.791083
0.339042
0.057677
0.885201
0.709496
0.734013
0.210656
0.611774
0.434939
0.529305
0.041963
0.759707
0.417031
0.695256
0.243544
0.071613
0.271602
0.438275
0.239583
0.885158
0.674777
0.205941
0.497496
0.207757
0.822340
0.002724
0.105694
0.920584
0.228385
0.076074
0.789492
0.019468
0.415116
0.847169
0.904669
0.124611
0.581182
0.115325
0.736385
0.016121
0.644629
0.778348
0.775829
0.061660
0.473604
0.019373
0.133274
0.745206
0.457648
0.372857
0.630364
0.132425
0.578797
0.127860
0.340182
0.401138
0.130583
0.445876
0.321721
0.358968
0.521950
0.111213
0.378436
0.937066
0.958382
0.283105
0.061677
0.539565
0.398430
0.798063
0.555686
0.043059
0.576411
0.331514
0.104720
0.050016
0.350887
0.237994
0.795221
0.808535
0.610850
0.425585
0.940959
0.189647
0.553445
0.281141
0.590785
0.684028
0.727017
0.912506
0.042996
0.248967
0.023719
0.421433
0.186033
0.982101
0.704538
0.247711
0.521666
0.102968
0.045774
0.077352
0.146027
0.622185
0.408866
0.250747
0.672200
0.759753
0.488741
0.467422
0.568288
0.099591
0.893007
0.509247
0.289238
0.446452
0.790389
0.880023
0.130480
0.517406
0.792529
0.173476
0.766373
0.816248
0.594909
0.952406
0.798350
0.299446
0.200117
0.320015
0.402414
0.245891
0.397367
0.548442
0.868076
0.806233
0.799189
0.540276
0.565986
0.287929
0.007698
0.134274
0.387520
0.900704
0.643521
0.676758
0.347156
0.433910
0.556780
0.477636
0.951316
0.349309
0.651112
0.717689
0.165557
0.246021
0.670095
0.963907
0.545467
0.870212
0.283922
0.947881
0.116103
0.681289
0.496323
0.984179
0.487522
0.295512
0.524454
0.053508
0.583441
0.532152
0.187782
0.970961
0.432857
0.831304
0.647719
0.780013
0.265214
0.204499
0.257648
0.216530
0.553808
0.908760
0.934218
0.719366
0.154781
0.604314
0.683272
0.700248
0.474526
0.967195
0.648129
0.590629
0.648484
0.144452
0.574808
0.136006
0.439964
0.099262
0.189515
0.023405
0.631414
0.377297
0.994365
0.064271
0.208601
0.642084
0.844284
0.473815
0.846583
0.101932
0.690344
0.400391
0.010692
0.624563
0.119757
0.165473
0.228876
0.803029
0.865721
0.703402
0.770224
0.513851
0.294031
0.418708
0.658303
0.868839
0.554714
0.098267
0.968101
0.744229
0.121672
0.599515
0.121526
0.116037
0.663786
0.330127
0.758121
0.508070
0.803942
0.604704
0.610002
0.494286
0.005096
0.620694
0.118849
0.124853
0.786167
0.347726
0.927882
0.651888
0.051128
0.698106
0.165738
0.345159
0.116814
0.824041
0.213998
0.671528
0.922308
0.182099
0.415757
0.043980
0.781614
0.537283
0.160017
0.445401
0.867410
0.918138
0.953470
0.671352
0.522842
0.563472
0.165638
0.527937
0.184166
0.284487
0.652790
0.970332
0.632213
0.580672
0.622220
0.683341
0.278778
0.787958
0.028500
0.395592
0.612000
0.242498
0.067120
0.534308
0.424597
0.482877
0.578287
0.206212
0.020160
0.738304
0.651612
0.887569
0.656441
0.605083
0.558921
0.179283
0.168554
0.724559
0.707220
0.352720
0.009047
0.360010
0.323052
0.641260
0.940682
0.945272
0.324601
0.219461
0.733231
0.353101
0.615052
0.345230
0.595599
0.682172
0.879538
0.020196
0.165049
0.457825
0.226408
0.185209
0.196129
0.878020
0.072778
0.852570
0.483103
0.631699
0.031854
0.651657
0.356259
0.739074
0.004377
0.365306
0.099084
0.327429
0.006566
0.039767
0.272702
0.331166
0.259227
0.005932
0.684267
0.874280
0.351162
0.279866
0.556452
0.230700
0.300063
0.721501
0.688525
0.526471
0.906710
0.884655
0.404491
0.979488
0.737225
0.887594
0.611187
0.769079
0.539251
0.967446
0.508152
0.543629
0.332752
0.607237
0.871058
0.339317
0.647003
0.143760
0.670483
0.906230
0.149692
0.354751
0.780510
0.500854
0.634617
0.336962
0.731554
0.934679
0.058463
0.420080
0.461150
0.965173
0.304734
0.865641
0.944661
0.041959
0.753235
0.555848
0.811038
0.292486
0.523294
0.319190
0.836115
0.856046
0.926427
0.707173
0.195363
0.573430
0.850932
0.865846
0.479661
0.000624
0.220597
0.260171
0.501478
0.855214
0.597133
0.233033
0.789893
0.655596
0.653113
0.251043
0.620769
0.957847
0.116684
0.565430
0.999806
0.869919
0.121278
0.810844
0.162405
0.644573
0.130035
0.998519
0.500618
0.056462
0.705692
0.695981
0.629892
0.556625
0.561827
0.109553
0.557249
0.782424
0.369723
0.058727
0.637638
0.966856
0.291760
0.427531
0.622452
0.944873
0.678574
0.243221
0.902720
0.795258
0.808651
0.902526
0.665176
0.929930
0.713371
0.827581
0.574502
0.843405
0.826101
0.075120
0.899867
0.531793
0.771102
0.529759
0.088417
0.332929
0.639312
0.645666
0.115353
0.009035
0.704394
0.752991
0.975892
0.996154
0.180522
0.598343
0.941027
0.859096
0.841564
0.843746
0.654354
0.650216
0.746273
0.319530
0.580145
0.459643
0.147111
0.154647
0.303049
0.973212
0.229768
0.202916
0.505004
0.000869
0.732675
0.593422
0.333798
0.371988
0.239088
0.449152
0.381023
0.943482
0.202143
0.356915
0.939636
0.382665
0.955258
0.880662
0.241761
0.796822
0.724409
0.896114
0.447038
0.470681
0.215644
0.027183
0.930325
0.362756
0.181830
0.233373
0.335967
0.411598
0.436290
0.840972
0.412468
0.168965
0.434393
0.746266
0.540953
0.673481
0.195418
0.921976
0.616963
0.397560
0.278890
0.556599
0.780225
0.234148
0.437261
0.021986
0.030971
0.161669
0.918100
0.478009
0.632351
0.133745
0.505192
0.562675
0.496501
0.687022
0.796049
0.832468
0.098621
0.232338
0.673439
0.511088
0.401303
0.107833
0.257354
0.942256
0.781314
0.452772
0.864232
0.398277
0.850333
0.143122
0.954876
0.630558
0.377270
0.392137
0.652544
0.408241
0.553806
0.570644
0.886250
0.186157
0.704389
0.391442
0.748832
0.200890
0.078464
0.544881
0.033358
0.177085
0.777220
0.706797
0.688173
0.178523
0.814630
0.945528
0.120779
0.595944
0.398300
0.985011
0.994221
0.248632
0.128133
0.949097
0.879190
0.505403
0.341234
0.531734
0.913644
0.895040
0.102378
0.799894
0.081197
0.806768
0.191336
0.830030
0.007657
0.269800
0.374911
0.041015
0.446885
0.152131
0.747812
0.135059
0.330654
0.562442
0.080587
0.451434
0.158386
0.478886
0.436445
0.152607
0.727519
0.564578
0.101704
0.606709
0.069981
0.442939
0.138443
0.983625
0.337979
0.240822
0.783519
0.419176
0.047589
0.974855
0.249206
0.055247
0.244656
0.624117
0.096262
0.691541
0.776248
0.844074
0.826600
0.106902
0.406515
0.907187
0.558336
0.564901
0.386073
0.994781
0.717508
0.113592
0.559358
0.819213
0.720301
0.629339
0.262151
0.858744
0.612964
0.600130
0.099566
0.396484
0.019306
0.147155
0.371339
0.268512
0.202402
0.615995
0.892630
0.298663
0.307536
0.668878
0.142737
0.134136
0.775780
0.549252
0.041323
0.334116
0.114153
0.427396
0.328896
0.831662
0.540988
0.888255
0.650874
0.261289
0.517594
0.913026
0.120033
0.130558
0.513156
0.219599
0.527042
0.532462
0.366754
0.898381
0.800975
0.569156
0.514377
0.693604
0.867819
0.821913
0.362482
0.010556
0.956049
0.138262
0.559808
0.997372
0.472378
0.673962
0.424768
0.801274
0.505623
0.965756
0.689529
0.156498
0.227045
0.207123
0.069523
0.347079
0.337681
0.582679
0.566678
0.864723
0.115142
0.933432
0.763104
0.916116
0.502588
0.277481
0.609720
0.370408
0.099394
0.972202
0.380964
0.055443
0.110464
0.940772
0.052816
0.582842
0.614733
0.477584
0.384117
0.120357
0.443340
0.073646
0.276854
0.670385
0.280769
0.346378
0.017464
0.618450
0.929057
0.584142
0.483173
0.044198
0.517574
0.246277
0.960314
0.020163
0.523758
0.570035
0.390570
0.623152
0.542237
0.771534
0.678595
0.652702
0.712305
0.731410
0.235544
0.327039
0.208994
0.619660
0.447395
0.652334
0.693306
0.724249
0.322720
0.974075
0.070627
0.340184
0.592524
0.999684
0.924326
0.075697
0.043882
0.441900
0.321974
0.004196
0.462063
0.845732
0.574231
0.852633
0.468883
0.116469
0.624167
0.147478
0.769170
0.336472
0.878889
0.004714
0.663511
0.087883
0.624374
0.110906
0.740217
0.317681
0.835156
0.062937
0.291755
0.905783
0.403121
0.884280
0.905466
0.327447
0.959976
0.949348
0.769348
0.281950
0.953545
0.231411
0.127682
0.527776
0.084044
0.596565
0.644244
0.708211
0.744043
0.413414
0.044683
0.622932
0.418128
0.708194
0.710815
0.042503
0.819101
0.451032
0.360184
0.654257
0.513969
0.651939
0.560039
0.917090
0.536218
0.465506
0.244537
0.496195
0.414854
0.013885
0.778145
0.368398
0.245295
0.905827
0.896174
0.329339
0.502392
0.540418
0.037550
0.246435
0.953833
0.082233
0.869366
0.371961
0.790428
0.580181
0.414464
0.609528
0.031213
0.774648
0.263785
0.545182
0.426587
0.823824
0.462272
0.962805
0.289330
0.706809
0.459000
0.704183
0.720694
0.237145
0.072582
0.965989
0.142972
0.968756
0.295328
0.645363
0.509174
0.332878
0.891798
0.463007
0.415111
0.761164
0.834969
0.205539
0.341345
0.249433
0.815067
0.372558
0.024081
0.078852
0.917739
0.450667
0.902676
0.380011
0.413472
0.192006
0.086820
0.872472
0.896189
0.807514
0.109617
0.968771
0.773503
0.252589
0.937527
0.068830
0.897952
0.446701
0.401708
0.789750
0.909708
0.816819
0.550914
0.744677
0.022358
0.892259
0.994110
0.837425
0.264817
0.018190
0.916277
0.182556
0.468857
0.818953
0.562567
0.882330
0.010959
0.649387
0.754802
0.907148
0.456901
0.864420
0.875919
0.230404
0.117009
0.813446
0.299234
0.014961
0.260147
0.700943
0.804711
0.169855
0.517762
0.355625
0.914532
0.540120
0.247884
0.908641
0.377545
0.512700
0.926832
0.293822
0.695256
0.395689
0.112775
0.257824
0.278019
0.123734
0.907211
0.032821
0.030882
0.364112
0.897241
0.906801
0.594516
0.014250
0.720246
0.893750
0.029210
0.980393
0.594693
0.833921
0.150248
0.112455
0.189546
0.064780
0.652575
0.437430
0.973421
0.030120
0.950130
0.900253
0.323943
0.645386
0.295942
0.436718
0.903210
0.573961
0.560452
0.810421
0.606782
0.591334
0.174534
0.504022
0.498135
0.769050
0.518272
0.218381
0.662800
0.547482
0.198774
0.257493
0.381404
0.349022
0.369947
0.570950
0.413801
0.022522
0.008379
0.387223
0.052643
0.958509
0.287475
0.376585
0.603895
0.583417
0.813303
0.507106
0.157378
0.373755
0.317527
0.764159
0.965089
0.492060
0.268182
0.463224
0.261110
0.786453
0.681605
0.923910
0.333936
0.880378
0.181402
0.715339
0.229400
0.551350
0.286289
0.643202
0.573872
0.294668
0.030424
0.626515
0.253177
0.317900
0.003100
0.857073
0.901317
0.816403
0.364178
0.058695
0.190158
0.681705
0.822854
0.155247
0.173766
0.091035
0.618470
0.434876
0.877489
0.300075
0.358785
0.211425
0.180453
0.540188
0.926764
0.409853
0.091538
0.213053
0.053055
0.665410
0.507721
0.083479
0.291925
0.760899
0.401378
0.295024
0.617972
0.302695
0.111427
0.982150
0.361390
0.301585
0.663856
0.184244
0.456831
0.837621
0.275279
0.075301
0.272497
0.152768
0.375376
0.631282
0.364193
0.555829
0.171470
0.290957
0.965682
0.263008
0.504010
0.018737
0.928418
0.011732
0.102216
0.220343
0.772631
0.503594
0.515367
0.390602
0.806289
0.626794
0.372753
0.167679
0.928379
0.036609
0.351923
0.385210
0.874230
0.627202
0.460511
0.146727
0.779970
0.835887
0.778009
0.144163
0.391716
0.949479
0.435120
0.357398
0.212488
0.939130
0.376135
0.140905
0.950862
0.478350
0.361248
0.723492
0.981944
0.876615
0.114095
0.788234
0.503409
0.486848
0.955913
0.431787
0.523456
0.307836
0.816997
0.397686
0.935039
0.277508
0.544413
0.715009
0.113395
0.322422
0.859172
0.505111
0.271901
0.294292
0.862509
0.484389
0.233423
0.238644
0.625294
0.184284
0.716994
0.986542
0.907777
0.698939
0.863157
0.021871
0.487172
0.366566
0.508719
0.443086
0.798354
0.032175
0.750922
0.615351
0.429861
0.685960
0.892859
0.974274
0.400969
0.006254
0.296696
0.260141
0.511366
0.568597
0.554434
0.373875
0.052986
0.787856
0.612519
0.678280
0.972141
0.329513
0.664823
0.879917
0.028451
0.527980
0.901789
0.515624
0.894546
0.410508
0.958710
0.692900
0.442683
0.709631
0.308251
0.872544
0.395592
0.201110
0.846818
0.796561
0.207364
0.143514
0.056702
0.718730
0.712111
0.611136
0.092605
0.765097
0.398993
0.705123
0.443378
0.371133
0.034636
0.108201
0.251051
0.063088
0.636181
0.152839
0.578711
0.530727
0.563347
0.537421
0.223627
0.006030
0.247052
0.531878
0.878575
0.642644
0.732988
0.725393
0.439205
0.940352
0.868907
0.495908
0.659082
0.581018
0.107044
0.751687
0.346116
0.506037
0.456810
0.789494
0.877170
0.491446
0.897694
0.128220
0.554534
0.533875
0.281060
0.133245
0.064603
0.844407
0.670666
0.288230
0.850437
0.917719
0.820108
0.729012
0.560363
0.553096
0.454405
0.999568
0.493448
0.323311
0.495476
0.152530
0.904330
0.602520
0.904217
0.250446
0.108556
0.361027
0.039939
0.985726
0.852473
0.937634
0.113946
0.407007
0.471509
0.395006
0.540252
0.536112
0.239413
0.210918
0.824342
0.089850
0.128637
0.644450
0.818862
0.689000
0.197546
0.273266
0.688568
0.690994
0.596578
0.184044
0.843524
0.500907
0.786564
0.747742
0.751353
0.895120
0.108769
0.791292
0.880846
0.961242
0.728926
0.994792
0.368250
0.200435
0.389798
0.908502
0.736546
0.629211
0.119420
0.560888
0.719061
0.248057
0.205338
0.537922
0.937057
0.402883
0.811188
0.625625
0.093877
0.407766
0.809669
0.937402
0.908673
0.596232
0.685143
0.660026
0.491352
0.793912
0.451318
0.372198
0.755155
0.180244
0.366990
0.123404
0.380678
0.756789
0.031906
0.117224
0.386000
0.151327
0.678112
0.105060
0.399384
0.883450
0.642983
0.336441
0.286333
0.454171
0.962066
0.380211
0.861937
0.771735
0.317612
0.770610
0.367967
0.002756
0.430636
0.859319
0.796668
0.881954
0.231517
0.551823
0.062197
0.598507
0.675227
0.442875
0.355296
0.707133
0.560100
0.741295
0.858460
0.238212
0.846356
0.257844
0.121662
0.489338
0.594285
0.407996
0.943509
0.556351
0.788207
0.805446
0.328086
0.105819
0.576056
0.696053
0.108575
0.006692
0.555372
0.905243
0.888645
0.786889
0.457066
0.950843
0.385396
0.132293
0.393718
0.740692
0.839426
0.953818
0.481988
0.697886
0.192030
0.328343
0.955730
0.313692
0.817682
0.550014
0.721688
0.761191
0.106365
0.509895
0.566637
0.434451
0.615714
0.142692
0.130504
0.724289
0.149384
0.685875
0.629532
0.038029
0.472764
0.086598
0.988872
0.858160
0.218890
0.382590
0.598852
0.058316
0.336408
0.080840
0.756202
0.528438
0.409183
0.711932
0.842130
0.226865
0.261946
0.563818
0.988056
0.368312
0.073713
0.554692
0.802763
0.689427
0.697384
0.933267
0.413716
0.846768
0.619142
0.043248
0.884797
0.091906
0.129845
0.873669
0.950067
0.348736
0.256258
0.548919
0.407052
0.592666
0.629759
0.163254
0.121104
0.038942
0.875186
0.963234
0.265807
0.137133
0.527052
0.253863
0.505445
0.600766
0.808555
0.308208
0.290193
0.505939
0.241475
0.703909
0.352707
0.860617
0.747156
0.237504
0.952523
0.877002
0.111173
0.902590
0.225737
0.367431
0.451509
0.632789
0.960097
0.081268
0.796044
0.081201
0.120211
0.671230
0.044435
0.386018
0.808363
0.571487
0.639881
0.313808
0.172253
0.448436
0.622016
0.462445
0.954375
0.863490
0.166354
0.307082
0.724107
0.913510
0.544586
0.676630
0.790512
0.655759
0.579221
0.016249
0.023190
0.030730
0.649038
0.983287
0.111998
0.445082
0.064488
0.232209
0.116312
0.108923
0.618227
0.924676
0.680410
0.258108
0.238484
0.852663
0.706544
0.860499
0.315108
0.660919
0.723989
0.481462
0.968001
0.448097
0.394972
0.512587
0.124727
0.185484
0.168346
0.703948
0.201733
0.191536
0.734677
0.850772
0.174823
0.846676
0.295854
0.239311
0.078885
0.412166
0.348234
0.697112
0.336842
0.028644
0.955221
0.575326
0.881307
0.661765
0.435825
0.196415
0.322683
0.159814
0.677877
0.290684
0.607911
0.072849
0.803271
0.732638
0.258333
0.971616
0.436586
0.460067
0.163152
0.171263
0.310838
0.337975
0.017939
0.606692
0.577287
0.096824
0.018859
0.925521
0.793936
0.355701
0.954165
0.749157
0.931026
0.835473
0.410921
0.366851
0.031888
0.733605
0.526665
0.709765
0.024289
0.134576
0.782614
0.827560
0.867214
0.040947
0.799176
0.303800
0.501014
0.962328
0.475063
0.811852
0.300303
0.493002
0.418544
0.877590
0.589826
0.437403
0.803111
0.383762
0.793103
0.757277
0.132919
0.724130
0.592749
0.543841
0.090981
0.624637
0.277446
0.617646
0.334401
0.301734
0.752222
0.117015
0.129294
0.619437
0.157962
0.928470
0.923237
0.658976
0.890798
0.398300
0.470828
0.191102
0.891302
0.889372
0.068692
0.481128
0.326774
0.871803
0.864890
0.119878
0.629079
0.997809
0.844007
0.221828
0.541650
0.934988
0.846465
0.819096
0.552634
0.180867
0.120830
0.304856
0.297882
0.250124
0.924293
0.455844
0.178594
0.847529
0.114820
0.069393
0.245829
0.585648
0.260495
0.137131
0.475019
0.329186
0.618259
0.801794
0.200989
0.483149
0.921671
0.830068
0.480959
0.765678
0.051897
0.022609
0.700666
0.898362
0.841704
0.253300
0.079229
0.962535
0.558156
0.377111
0.212659
0.482449
0.832955
0.391253
0.329978
0.947775
0.460646
0.575807
0.533422
0.721141
0.712938
0.008442
0.050327
0.331197
0.810236
0.251316
0.814346
0.731907
0.081385
0.295304
0.497585
0.133281
0.317913
0.198251
0.031644
0.159617
0.451551
0.110872
0.122152
0.009707
0.487983
0.334811
0.492156
0.320938
0.726064
0.822134
0.268712
0.186710
0.397941
0.802135
0.907851
0.110879
0.810577
0.958178
0.442076
0.620812
0.209494
0.256421
0.352719
0.290879
0.551726
0.850304
0.424160
