0.691832
0.423357
0.168144
0.312646
0.906283
0.032141
0.334731
0.639627
0.034119
0.996790
0.200490
0.383115
0.230625
0.046637
0.039641
0.195481
0.910804
0.151036
0.781068
0.152370
0.383678
0.697321
0.759547
0.367209
0.240442
0.795965
0.180983
0.139249
0.236962
0.569477
0.186705
0.928793
0.992835
0.354849
0.241439
0.899118
0.386990
0.576170
0.538745
0.421109
0.572960
0.739235
0.804224
0.803585
0.785873
0.843865
0.999066
0.696676
0.994900
0.780134
0.849046
0.378578
0.477455
0.608593
0.745787
0.717897
0.404558
0.926770
0.857146
0.641520
0.496248
0.043851
0.570313
0.489082
0.398700
0.811752
0.388200
0.785690
0.387922
0.926945
0.206799
0.960883
0.666180
0.011023
0.764467
0.452053
0.854888
0.763534
0.148729
0.849788
0.543668
0.997776
0.228367
0.021123
0.606369
0.974154
0.739020
0.010927
0.900924
0.596166
0.652446
0.397172
0.640017
0.222760
0.886254
0.038717
0.034512
0.274454
0.824407
0.422434
0.201400
0.031206
0.383317
0.867580
0.042230
0.147784
0.319633
0.897118
0.911318
0.468362
0.746906
0.454986
0.466137
0.975273
0.476108
0.072506
0.949427
0.215128
0.083432
0.850351
0.811294
0.735879
0.247523
0.451312
0.958639
0.133777
0.490029
0.993151
0.408232
0.314436
0.415585
0.609631
0.345642
0.798902
0.477211
0.387872
0.946686
0.796844
0.284989
0.858004
0.265205
0.031895
0.312990
0.731343
0.007168
0.789098
0.803849
0.956595
0.004227
0.887281
0.806946
0.815521
0.623160
0.054469
0.266833
0.581799
0.188247
0.756861
0.574949
0.596478
0.071297
0.990534
0.206109
0.416939
0.789436
0.683321
0.804811
0.736122
0.480164
0.089800
0.594126
0.745370
0.121696
0.907116
0.476712
0.128864
0.696215
0.280561
0.085459
0.700441
0.167842
0.892405
0.515962
0.791002
0.946875
0.782795
0.372800
0.135121
0.539656
0.947749
0.731599
0.610953
0.938283
0.937709
0.027892
0.727719
0.621029
0.832703
0.463842
0.101194
0.922503
0.057968
0.846563
0.044199
0.965084
0.323275
0.173063
0.661299
0.603836
0.258522
0.361740
0.771678
0.150927
0.877702
0.562679
0.097802
0.660497
0.935480
0.232923
0.200153
0.883229
0.964522
0.811105
0.821512
0.902231
0.838997
0.549232
0.523261
0.671700
0.013073
0.624454
0.594203
0.071041
0.471017
0.638402
0.036126
0.794293
0.811464
0.697425
0.398129
0.069986
0.059165
0.169807
0.220913
0.936867
0.732486
0.318715
0.597364
0.667965
0.551638
0.797517
0.551194
0.516161
0.608623
0.372707
0.418392
0.447620
0.921938
0.941653
0.119320
0.935012
0.566107
0.713523
0.006053
0.037125
0.351924
0.042179
0.831417
0.163389
0.739604
0.229546
0.233375
0.798769
0.399353
0.454288
0.735636
0.131839
0.773003
0.333000
0.799804
0.324642
0.130517
0.350999
0.840802
0.739140
0.723705
0.259195
0.186760
0.645644
0.200847
0.306079
0.580655
0.766955
0.019602
0.586709
0.804079
0.371526
0.628888
0.635497
0.534915
0.368491
0.865043
0.768290
0.167260
0.264396
0.222578
0.902896
0.396235
0.995581
0.235896
0.196039
0.320223
0.366413
0.547037
0.161026
0.105553
0.270743
0.420220
0.292312
0.916386
0.621068
0.598391
0.497042
0.388022
0.617993
0.083750
0.192101
0.989519
0.712638
0.827598
0.524434
0.081129
0.692641
0.292724
0.248389
0.957036
0.515302
0.151285
0.353271
0.510883
0.387180
0.549310
0.831106
0.753593
0.096347
0.992132
0.859145
0.367090
0.412352
0.151458
0.283476
0.033420
0.749849
0.780518
0.421442
0.367842
0.864268
0.613543
0.357362
0.576907
0.441141
0.881796
0.658036
0.133782
0.174520
0.906425
0.090818
0.689821
0.057709
0.444089
0.200705
0.444890
0.993399
0.031811
0.198483
0.089746
0.023943
0.057628
0.456835
0.436296
0.209086
0.740312
0.469716
0.958935
0.520830
0.891158
0.326777
0.385098
0.504701
0.684138
0.962004
0.945842
0.565934
0.620040
0.079624
0.740454
0.526465
0.170442
0.430275
0.584175
0.614531
0.630980
0.029064
0.607929
0.662791
0.227547
0.697675
0.686734
0.285175
0.154510
0.123030
0.494261
0.894822
0.592746
0.453195
0.415652
0.483903
0.779972
0.800750
0.988604
0.464110
0.762754
0.934447
0.030044
0.382794
0.014070
0.770498
0.909259
0.184512
0.200773
0.493434
0.799043
0.831753
0.522498
0.406973
0.494544
0.750045
0.104648
0.181278
0.035220
0.259158
0.304308
0.529481
0.153980
0.897054
0.982676
0.569632
0.380957
0.762648
0.370381
0.369562
0.226759
0.133135
0.304008
0.256803
0.515929
0.318079
0.027301
0.425189
0.502591
0.228074
0.918623
0.301634
0.059827
0.441121
0.708607
0.554371
0.191167
0.813254
0.735650
0.226387
0.072412
0.039958
0.755868
0.226393
0.937012
0.738544
0.796024
0.317969
0.501192
0.166405
0.687531
0.727951
0.299540
0.991539
0.984754
0.815470
0.309618
0.012055
0.240659
0.812209
0.240130
0.159281
0.113844
0.299957
0.600403
0.822451
0.854329
0.791569
0.635705
0.589978
0.017956
0.708118
0.629936
0.773824
0.934510
0.566948
0.512368
0.730534
0.884917
0.013560
0.896939
0.572448
0.741512
0.196480
0.563988
0.726266
0.011949
0.873606
0.738321
0.252608
0.685815
0.978451
0.411889
0.799659
0.278409
0.012292
0.622110
0.132737
0.803861
0.257815
0.722716
0.821817
0.965932
0.352652
0.595641
0.900443
0.919600
0.108009
0.630977
0.804518
0.121570
0.527916
0.376966
0.863081
0.724396
0.940954
0.589347
0.736346
0.814560
0.327669
0.988954
0.500375
0.306120
0.400843
0.300034
0.584529
0.413135
0.922144
0.717266
0.216996
0.179959
0.439982
0.038814
0.145892
0.792634
0.634455
0.046334
0.712235
0.742464
0.677311
0.516752
0.864034
0.205227
0.893719
0.727115
0.929624
0.834673
0.316462
0.665969
0.649233
0.644131
0.654923
0.149608
0.950251
0.055766
0.449643
0.534780
0.468901
0.371787
0.252046
0.685898
0.551746
0.692028
0.724712
0.697638
0.484662
0.359166
0.743972
0.196896
0.101630
0.421283
0.713649
0.965664
0.626510
0.607367
0.692779
0.556134
0.442040
0.009241
0.222103
0.091273
0.653372
0.877026
0.240881
0.603623
0.932793
0.690524
0.138403
0.401694
0.062311
0.390449
0.087592
0.614057
0.082476
0.812303
0.311695
0.567138
0.171470
0.055667
0.764034
0.273100
0.476950
0.477682
0.238764
0.103460
0.085050
0.931543
0.659595
0.527090
0.940785
0.881698
0.618363
0.594157
0.758724
0.859244
0.197780
0.691517
0.549768
0.336183
0.093211
0.612080
0.726632
0.180803
0.226137
0.809108
0.993106
0.537832
0.376246
0.164576
0.593499
0.140279
0.437676
0.070449
0.617962
0.676440
0.173909
0.703011
0.607984
0.833504
0.230101
0.548769
0.715202
0.848464
0.142926
0.473926
0.707708
0.340706
0.165443
0.257477
0.676889
0.258654
0.869556
0.403521
0.439457
0.095693
0.212629
0.432563
0.633525
0.588874
0.597139
0.227024
0.729154
0.034815
0.297473
0.347116
0.711256
0.471382
0.050127
0.319239
0.304886
0.280229
0.868008
0.020088
0.128693
0.010934
0.494014
0.836401
0.351640
0.659457
0.093878
0.028529
0.918112
0.963434
0.432050
0.357569
0.059128
0.644679
0.790132
0.692653
0.233553
0.387272
0.919677
0.962707
0.422087
0.217150
0.309823
0.133343
0.688532
0.359950
0.452582
0.993418
0.640179
0.320590
0.013506
0.768871
0.331524
0.507520
0.605272
0.683164
0.166977
0.699150
0.711693
0.085088
0.662584
0.143743
0.442657
0.721712
0.788422
0.232790
0.414365
0.021975
0.620061
0.334042
0.984682
0.042148
0.551192
0.294506
0.175491
0.239725
0.654456
0.628073
0.233143
0.294635
0.948663
0.246649
0.063506
0.280187
0.754168
0.668779
0.963351
0.921145
0.367929
0.675043
0.006233
0.030513
0.818786
0.448891
0.752225
0.607208
0.681680
0.166590
0.629183
0.301742
0.500633
0.613865
0.343890
0.051825
0.908371
0.519381
0.291549
0.562827
0.147454
0.524692
0.857462
0.096117
0.771341
0.920968
0.376303
0.525509
0.589747
0.339654
0.446654
0.957676
0.014697
0.452887
0.988189
0.833483
0.901778
0.740415
0.440691
0.583458
0.907005
0.069874
0.885200
0.407638
0.683739
0.229090
0.459462
0.592111
0.748470
0.751012
0.154937
0.895924
0.275704
0.012399
0.992040
0.047045
0.933367
0.368344
0.572554
0.523114
0.707998
0.019208
0.480789
0.722695
0.472095
0.468978
0.556178
0.373873
0.209393
0.996869
0.957332
0.116398
0.066744
0.842532
0.524035
0.750483
0.071622
0.983498
0.342594
0.820092
0.734509
0.497531
0.716016
0.010213
0.509930
0.708056
0.057258
0.443297
0.076400
0.629812
0.966411
0.784398
0.649020
0.447200
0.507093
0.121115
0.916178
0.063272
0.494988
0.125571
0.060141
0.452320
0.241969
0.126885
0.294852
0.766004
0.877368
0.366474
0.749502
0.219961
0.186566
0.484011
0.717492
0.902582
0.494224
0.227422
0.610638
0.551482
0.670719
0.687039
0.181294
0.637130
0.471437
0.830313
0.084330
0.978530
0.951428
0.000508
0.041802
0.446417
0.126079
0.101943
0.898737
0.368048
0.228827
0.193590
0.134052
0.106195
0.560063
0.883553
0.326156
0.746629
0.367564
0.043648
0.649211
0.861788
0.271070
0.259850
0.413270
0.941789
0.946888
0.594564
0.578919
0.418325
0.424877
0.663249
0.396855
0.376306
0.663757
0.438657
0.822722
0.789836
0.540599
0.721460
0.157883
0.769427
0.915049
0.291935
0.875621
0.475113
0.175488
0.201777
0.221742
0.543052
0.245425
0.870953
0.404840
0.516495
0.130803
0.818110
0.458284
0.077691
0.412673
0.037203
0.496016
0.837550
0.700452
0.892871
0.213856
0.364209
0.331528
0.036578
0.154044
0.872127
0.758038
0.311928
0.641554
0.673087
0.603863
0.517175
0.148200
0.779350
0.718952
0.369942
0.322402
0.964377
0.240895
0.727242
0.480872
0.371698
0.545351
0.939157
0.449389
0.958025
0.976360
0.945406
0.795575
0.676812
0.838277
0.009431
0.041021
0.169805
0.046009
0.195065
0.041932
0.804047
0.506993
0.683485
0.477134
0.110856
0.200660
0.625334
0.890206
0.919612
0.995276
0.212609
0.883990
0.236172
0.939850
0.364862
0.607870
0.485202
0.304019
0.057259
0.443227
0.280379
0.002665
0.238802
0.957191
0.840942
0.248233
0.998212
0.010746
0.294242
0.193277
0.052678
0.098289
0.700271
0.736163
0.575424
0.811126
0.936823
0.200758
0.701333
0.856436
0.196034
0.913941
0.740425
0.432206
0.853792
0.105287
0.040075
0.338993
0.409306
0.097335
0.782220
0.689685
0.100000
0.021022
0.646876
0.940942
0.269254
0.645088
0.951688
0.563496
0.838366
0.004366
0.661785
0.538636
0.740529
0.237209
0.349763
0.677353
0.437967
0.051096
0.533788
0.634001
0.965037
0.274214
0.066207
0.818828
0.379501
0.106282
0.157822
0.788807
0.203617
0.940042
0.478493
0.303617
0.961064
0.125369
0.244558
0.230318
0.770457
0.196247
0.793814
0.608823
0.200613
0.455600
0.147459
0.941142
0.692809
0.497222
0.618495
0.130775
0.548318
0.152283
0.764776
0.513355
0.426497
0.830983
0.332183
0.805997
0.937265
0.490005
0.594805
0.140882
0.430046
0.073297
0.444498
0.391110
0.198666
0.689057
0.621428
0.969123
0.885303
0.415242
0.577946
0.085916
0.870842
0.725406
0.027058
0.563650
0.222628
0.645553
0.694425
0.770946
0.797836
0.459201
0.284301
0.224332
0.290184
0.616483
0.030330
0.227449
0.106488
0.625135
0.368331
0.536535
0.698432
0.812829
0.927644
0.897098
0.501886
0.549072
0.866221
0.387189
0.964314
0.444168
0.473105
0.835156
0.169573
0.500163
0.398806
0.392201
0.145716
0.093231
0.163147
0.943552
0.552433
0.447448
0.167884
0.842617
0.063931
0.198214
0.070066
0.170419
0.823348
0.438396
0.706954
0.521780
0.251225
0.634598
0.418878
0.753111
0.183671
0.285099
0.140300
0.147985
0.729267
0.613405
0.983141
0.898840
0.113568
0.381946
0.291041
0.259284
0.475178
0.454189
0.202835
0.027610
0.901637
0.370719
0.870227
0.965568
0.568933
0.940293
0.135987
0.392282
0.378689
0.842941
0.914062
0.629914
0.477539
0.332940
0.383025
0.661210
0.618039
0.523324
0.809195
0.347306
0.136729
0.792336
0.246146
0.250297
0.174282
0.537188
0.509580
0.649460
0.991376
0.712416
0.677070
0.893013
0.083135
0.547297
0.858581
0.652068
0.487590
0.994568
0.044350
0.866278
0.837509
0.958412
0.496193
0.315049
0.291352
0.879217
0.976259
0.909391
0.402542
0.785454
0.256697
0.539271
0.577790
0.502843
0.789567
0.752072
0.040031
0.299148
0.401531
0.031407
0.011563
0.078601
0.924420
0.094698
0.625898
0.783001
0.746767
0.113488
0.777570
0.791117
0.979766
0.615079
0.749529
0.475959
0.930128
0.040881
0.355176
0.906387
0.950272
0.757718
0.691841
0.206969
0.296988
0.269630
0.709812
0.086555
0.021702
0.749843
0.385703
0.423233
0.781250
0.397266
0.501835
0.705671
0.491965
0.127733
0.488672
0.238731
0.241220
0.266242
0.029848
0.220987
0.881321
0.779377
0.696945
0.811449
0.820257
0.052121
0.717835
0.770529
0.809839
0.409676
0.977498
0.106827
0.679306
0.687311
0.193383
0.701008
0.437154
0.579086
0.124241
0.218404
0.976352
0.626076
0.924075
0.468317
0.753808
0.412747
0.707048
0.995029
0.678988
0.736896
0.216015
0.560309
0.516273
0.912961
0.371758
0.336530
0.965082
0.089593
0.107060
0.774921
0.499269
0.084558
0.881748
0.178575
0.771869
0.075131
0.879583
0.209022
0.654217
0.003824
0.427426
0.630569
0.629900
0.351501
0.098885
0.383708
0.764248
0.805933
0.378737
0.443237
0.542829
0.594752
0.003546
0.059102
0.507713
0.375303
0.395632
0.472796
0.464896
0.502692
0.247717
0.964165
0.587250
0.129465
0.142740
0.359119
0.204596
0.022323
0.568141
0.858813
0.026147
0.995567
0.489382
0.656046
0.347069
0.588267
0.039754
0.111317
0.394200
0.418491
0.554553
0.937030
0.013243
0.558099
0.996132
0.520957
0.933403
0.391764
0.993752
0.398299
0.894456
0.241469
0.362464
0.481706
0.370934
0.505204
0.840825
0.575530
0.527527
0.408966
0.434343
0.553673
0.404533
0.923725
0.209720
0.751602
0.511992
0.249474
0.862919
0.906192
0.667965
0.417472
0.843222
0.681208
0.975571
0.839354
0.202165
0.908974
0.231118
0.195917
0.307272
0.125574
0.437386
0.669736
0.607280
0.808320
0.174940
0.448105
0.383851
0.702467
0.857070
0.818194
0.256140
0.261603
0.741919
0.465859
0.013205
0.253911
0.715333
0.876124
0.160104
0.383298
0.293596
0.003325
0.064507
0.269167
0.842679
0.266672
0.178140
0.073797
0.462589
0.485413
0.199371
0.899975
0.155149
0.806651
0.708295
0.330089
0.254756
0.092146
0.032556
0.111826
0.910340
0.288696
0.373429
0.652259
0.754555
0.386635
0.906170
0.469888
0.262758
0.066273
0.853187
0.556354
0.069599
0.917693
0.825521
0.912278
0.184365
0.003661
0.986075
0.646954
0.489074
0.185446
0.546929
0.644223
0.992097
0.255224
0.974312
0.246853
0.347370
0.006868
0.358679
0.257709
0.295564
0.732108
0.909968
0.050119
0.118743
0.816138
0.520007
0.381501
0.882411
0.373194
0.937855
0.952010
0.290887
0.763375
0.864288
0.475253
0.767036
0.850363
0.122207
0.256110
0.035809
0.669136
0.900334
0.027906
0.924360
0.874646
0.274759
0.271729
0.881514
0.633438
0.529438
0.177078
0.365546
0.439406
0.227197
0.484289
0.255544
0.747205
0.865790
0.137956
0.120399
0.803645
0.089966
0.411286
0.567020
0.954254
0.886539
0.334057
0.804618
0.008745
0.590167
0.840427
0.677881
0.490501
0.868333
0.602240
0.365147
0.143092
0.873970
0.246662
0.776530
0.403408
0.423740
0.142076
0.842814
0.650937
0.626365
0.098358
0.398142
0.492155
0.236314
0.518540
0.295800
0.326280
0.929826
0.862820
0.280534
0.816365
0.196877
0.085151
0.825110
0.787044
0.925578
0.502991
0.277545
0.793911
0.105232
0.642692
0.937003
0.979201
0.889354
0.713533
0.382609
0.313094
0.855609
0.225423
0.964031
0.481973
0.323782
0.362173
0.974128
0.560096
0.880713
0.269928
0.886375
0.810540
0.132748
0.166909
0.626905
0.329625
0.252061
0.452015
0.116670
0.177639
0.955006
0.394215
0.971550
0.060238
0.036908
0.908553
0.039439
0.926262
0.622086
0.422048
0.239355
0.477694
0.647471
0.203387
0.959667
0.971253
0.565560
0.933796
0.531348
0.446273
0.203724
0.417724
0.256813
0.336473
0.584633
0.883717
0.666098
0.836693
0.335732
0.782768
0.014332
0.290738
0.176983
0.985882
0.350976
0.213890
0.894435
0.390415
0.140152
0.516520
0.812463
0.379507
0.994214
0.459934
0.582894
0.953882
0.431187
0.148454
0.887678
0.962535
0.594727
0.091402
0.380259
0.851539
0.427874
0.964892
0.735256
0.093972
0.801585
0.070989
0.876740
0.815917
0.361727
0.053723
0.801799
0.712703
0.267613
0.696234
0.103118
0.407765
0.212755
0.915580
0.787273
0.206969
0.375514
0.370167
0.160851
0.806700
0.518621
0.048529
0.769235
0.113347
0.139930
0.149494
0.964886
0.567805
0.114386
0.700143
0.661777
0.915971
0.771131
0.538517
0.731889
0.132858
0.592240
0.533688
0.845561
0.859854
0.229922
0.948679
0.267619
0.442677
0.864259
0.054892
0.649646
0.239772
0.425059
0.810497
0.046473
0.943679
0.859025
0.815708
0.057026
0.998956
0.965202
0.021912
0.566760
0.079589
0.722055
0.228537
0.995560
0.493186
0.767054
0.727449
0.626044
0.359295
0.261137
0.471605
0.219148
0.491059
0.420284
0.486767
0.933736
0.284543
0.541659
0.583382
0.524315
0.966718
0.393879
0.570788
0.910397
0.252905
0.386496
0.967423
0.251861
0.351699
0.989336
0.818621
0.431287
0.711391
0.047158
0.426847
0.204577
0.814213
0.154296
0.830621
0.173507
0.415433
0.302227
0.392656
0.906492
0.722511
0.879423
0.840229
0.007054
0.421082
0.423611
0.531369
0.387799
0.817490
0.102157
0.298196
0.070395
0.488653
0.265620
0.322256
0.840352
0.254955
0.140877
0.271640
0.966346
0.188035
0.698487
0.170923
0.002248
0.852783
0.001545
0.175755
0.268215
0.303771
0.568411
0.174707
0.026282
0.447834
0.014936
0.033336
0.868915
0.438547
0.564705
0.256715
0.256037
0.666862
0.554911
0.326433
0.155516
0.820531
0.648689
0.995868
0.075486
0.789565
0.267508
0.041832
0.977601
0.965994
0.212755
0.979849
0.818777
0.214300
0.155604
0.086992
0.518071
0.724015
0.261700
0.544353
0.171849
0.276636
0.577690
0.040764
0.715183
0.142395
0.297479
0.971220
0.809257
0.852390
0.297653
0.964773
0.672921
0.946341
0.960641
0.748407
0.735907
0.228149
0.790239
0.713507
0.194144
0.002994
0.693356
0.012921
0.217293
0.848960
0.099913
0.735364
0.572975
0.361613
0.279718
0.744823
0.638248
0.857407
0.785587
0.353431
0.999803
0.083066
0.324651
0.809060
0.935457
0.622304
0.773833
0.608377
0.568646
0.734475
0.356784
0.304552
0.962624
0.147023
0.018060
0.156767
0.150016
0.711415
0.169688
0.367310
0.560375
0.269601
0.102674
0.133350
0.631214
0.382391
0.878173
0.269462
0.239799
0.663761
0.622893
0.239601
0.746827
0.947545
0.048661
0.682283
0.569849
0.822495
0.290661
0.138494
0.556969
0.647445
0.443047
0.519593
0.794467
0.461106
0.676361
0.944484
0.172522
0.846049
0.311793
0.732897
0.115650
0.414467
0.866247
0.746863
0.796858
0.744420
0.016325
0.036657
0.408180
0.639219
0.276259
0.155007
0.586763
0.324920
0.837291
0.156612
0.147415
0.127951
0.295106
0.704384
0.775396
0.738153
0.223978
0.569863
0.199259
0.900338
0.514347
0.371781
0.746387
0.826140
0.104678
0.862037
0.240607
0.970925
0.608900
0.037466
0.715344
0.625225
0.074123
0.123525
0.264444
0.350382
0.278532
0.851207
0.675303
0.115823
0.007819
0.822718
0.243774
0.302926
0.527102
0.019170
0.041079
0.751080
0.589034
0.240338
0.651418
0.103381
0.612119
0.397805
0.929521
0.716797
0.259842
0.170129
0.687722
0.868742
0.207595
0.403066
0.493967
0.281718
0.526591
0.758411
0.632100
0.805123
0.609618
0.307403
0.920946
0.617437
0.130120
0.164720
0.920363
0.657222
0.183891
0.961442
0.408302
0.772925
0.201780
0.059720
0.876306
0.813899
0.457526
0.805827
0.530696
0.717368
0.975956
0.218417
0.586110
0.183550
0.621483
0.080077
0.465268
0.148074
0.838488
0.097369
0.953197
0.448106
0.404771
0.874143
0.065544
0.534892
0.038863
0.985907
0.192114
0.222754
0.947348
0.600416
0.995679
0.149128
0.660137
0.871984
0.963026
0.117663
0.677811
0.493722
0.835030
0.653767
0.712139
0.421140
0.837317
0.333623
0.501217
0.302586
0.481697
0.339705
0.399955
0.434894
0.787811
0.804726
0.309038
0.853355
0.339618
0.347901
0.839262
0.531732
0.570655
0.786610
0.132148
0.566334
0.935738
0.792285
0.438318
0.898764
0.909947
0.116129
0.392486
0.744978
0.769896
0.104626
0.166118
0.607214
0.438248
0.667335
0.909800
0.919945
0.007040
0.309754
0.354839
0.794851
0.114480
0.663877
0.648206
0.454098
0.011778
0.487468
0.985829
0.582433
0.274078
0.117977
0.148767
0.209816
0.910262
0.587085
0.108580
0.820209
0.703214
0.501067
0.565187
0.473111
0.605692
0.731305
0.080324
0.043941
0.398640
0.990124
0.963886
0.405679
0.299878
0.318725
0.200531
0.414358
0.982602
0.848737
0.868456
0.994381
0.336205
0.854285
0.576814
0.610283
0.972262
0.725581
0.820099
0.882524
0.312666
0.928679
0.702734
0.015881
0.429746
0.267921
0.488991
0.035438
0.999226
0.569316
0.079379
0.397865
0.559440
0.043265
0.803545
0.859318
0.361990
0.004075
0.273676
0.344592
0.852812
0.142132
0.338973
0.189017
0.996417
0.915787
0.799300
0.968680
0.641368
0.619399
0.851204
0.954034
0.548078
0.553938
0.969915
0.977824
0.821859
0.458906
0.013262
0.821084
0.028221
0.092640
0.218950
0.587661
0.135905
0.022494
0.446979
0.497895
0.026569
0.720655
0.842487
0.879382
0.862787
0.181460
0.068399
0.859204
0.097247
0.867699
0.827884
0.738614
0.487098
0.679088
0.692648
0.035175
0.233026
0.662563
0.012999
0.054885
0.121469
0.026260
0.875969
0.149690
0.118901
0.094919
0.737351
0.254806
0.117413
0.184330
0.752700
0.143983
0.904986
0.595187
0.023364
0.767773
0.776647
0.091763
0.626977
0.873894
0.959462
0.454862
0.612508
0.446560
0.133950
0.305157
0.481735
0.366976
0.967720
0.494734
0.421861
0.089188
0.520994
0.297831
0.238878
0.639895
0.392750
0.976230
0.894701
0.510163
0.160560
0.647401
0.654146
0.065546
0.242589
0.677510
0.833319
0.019236
0.769273
0.460296
0.893130
0.728735
0.915158
0.505639
0.175295
0.049108
0.810795
0.657030
0.416084
0.778515
0.151764
0.837945
0.867703
0.672758
0.135776
0.106582
0.312653
0.528525
0.082811
0.207354
0.038688
0.243372
0.854756
0.692834
0.308917
0.097344
0.370344
0.142236
0.116580
0.139617
0.602532
0.009710
0.868352
0.517690
0.515349
0.043646
0.566797
0.326144
0.700676
0.982881
0.104659
0.852440
0.820826
0.972363
0.525198
0.956602
0.078945
0.837851
0.485127
0.161756
0.045206
0.523815
0.405128
0.899961
0.216649
0.714045
0.997305
0.586992
0.856281
0.113886
0.726609
0.458813
0.123596
0.594961
0.976503
0.638945
0.638607
0.543300
0.965090
0.339283
0.526181
0.069749
0.191723
0.347007
0.042112
0.716921
0.303609
0.121057
0.554772
0.788736
0.282813
0.599978
0.312550
0.687940
0.499939
0.529199
0.401985
0.497244
0.116191
0.258266
0.611130
0.842800
0.717078
0.734726
0.437761
0.693581
0.373671
0.076368
0.236881
0.338761
0.415651
0.763063
0.408510
0.607374
0.110070
0.450622
0.324295
0.413679
0.571679
0.879067
0.202414
0.854491
0.479045
0.514965
0.542432
0.978984
0.044163
0.944417
0.476229
0.160354
0.202682
0.087359
0.003154
0.919761
0.822085
0.440915
0.613342
0.195757
0.517282
0.850223
0.534518
0.932933
0.613286
0.943028
0.540307
0.723356
0.393650
0.864602
0.137034
0.965329
0.743669
0.339448
0.819821
0.222714
0.854413
0.362252
0.201698
0.898576
0.306669
0.677927
0.058931
0.509351
0.765286
0.062085
0.429112
0.587371
0.503000
0.042454
0.783128
0.020283
0.892677
0.317646
0.953216
0.505963
0.260674
0.493523
0.229318
0.654324
0.358125
0.366352
0.619653
0.101794
0.705801
0.439474
0.324508
0.560214
0.801726
0.526206
0.458790
0.108395
0.204134
0.517721
0.617746
0.969420
0.579806
0.046857
0.556791
0.082807
0.089311
0.339919
0.103089
0.981988
0.657565
0.056305
0.487950
0.918239
0.549828
0.717268
0.572564
0.907952
0.083621
0.192217
0.009746
0.789422
0.631691
0.334254
0.349636
0.433417
0.860461
0.808426
0.541811
0.064594
0.326147
0.159557
0.034014
0.905954
0.206414
0.590806
0.988760
0.295725
0.930725
0.091849
0.277712
0.588290
0.148154
0.765663
0.506530
0.697982
0.482931
0.079093
0.605934
0.566551
0.271310
0.615680
0.355973
0.903001
0.949935
0.705608
0.336417
0.810395
0.514034
0.878229
0.874990
0.840181
0.037786
0.909004
0.746135
0.244200
0.499810
0.734895
0.539925
0.430535
0.826744
0.817637
0.018825
0.974898
0.583300
0.525355
0.672880
0.066230
0.604448
0.278814
0.632782
0.875758
0.894495
0.988755
0.778759
0.844429
0.694363
0.115176
0.654825
0.208397
0.993405
0.529814
0.048579
0.031191
0.438819
0.794714
0.275391
0.938629
0.529609
0.815315
0.369164
0.356353
0.632953
0.387989
0.331251
0.216252
0.913344
0.004131
0.282483
0.517793
0.282945
0.915265
0.393551
0.177440
0.904019
0.172310
0.021869
0.598382
0.287487
0.676694
0.806780
0.280892
0.206508
0.855359
0.312083
0.645327
0.650073
0.587473
0.583955
0.179682
0.402789
0.953119
0.536035
0.035741
0.341108
0.867286
0.251994
0.254452
0.871417
0.534476
0.772245
0.154363
0.449741
0.165796
0.331802
0.353760
0.338106
0.353672
0.952143
0.625593
0.030365
0.758923
0.906485
0.236873
0.614281
0.218568
0.882200
0.264354
0.806041
0.466155
0.444036
0.208830
0.419274
0.980070
0.244571
0.760382
0.847356
0.496564
0.014835
0.718773
0.031041
0.787080
0.873136
0.480782
0.952876
0.204938
0.834542
0.290982
0.558610
0.786685
0.916576
0.588975
0.545607
0.823061
0.825849
0.159889
0.041628
0.708049
0.424243
0.847669
0.174204
0.868278
0.056499
0.593479
0.848348
0.301070
0.353861
0.695705
0.797634
0.368696
0.414478
0.828675
0.155776
0.287614
0.309456
0.108652
0.492552
0.143998
0.399634
0.051162
0.930683
0.316210
0.640137
0.476290
0.139270
0.465986
0.636179
0.180899
0.174035
0.060421
0.028568
0.348239
0.928699
0.085068
0.941717
0.777048
0.386137
0.295578
0.472752
0.183772
0.664274
0.887230
0.012446
0.820050
0.174844
0.321903
0.928701
0.667396
0.465901
0.328336
0.718559
0.396584
0.644545
0.358696
0.872874
0.783816
0.824682
0.509052
0.964715
0.998717
0.569474
0.993283
0.346955
0.498173
0.078351
0.288673
0.275221
0.464488
0.584251
0.747973
0.648260
0.248525
0.635204
0.660706
0.068575
0.810048
0.982609
0.997276
0.477444
0.448509
0.325612
0.196003
0.845093
0.970157
0.554699
0.717967
0.753973
0.379381
0.227019
0.718687
0.378097
0.796493
0.711971
0.725053
0.294666
0.790321
0.013725
0.569887
0.254809
0.597976
0.317860
0.903069
0.846501
0.953064
0.563775
0.915076
0.763112
0.546383
0.912352
0.240556
0.994893
0.237964
0.436559
0.839986
0.208121
0.991258
0.557953
0.962094
0.370639
0.784972
0.680781
0.748737
0.581465
0.392752
0.473789
0.876132
0.183073
0.487515
0.446019
0.437882
0.085491
0.763879
0.340951
0.931992
0.716943
0.904726
0.847069
0.480055
0.451110
0.759421
0.720612
0.446003
0.997385
0.157171
0.285989
0.205506
0.148430
0.843942
0.167599
0.519069
0.628914
0.848380
0.267805
0.210380
0.241132
0.741595
0.086511
0.424205
0.229109
0.532530
0.862087
0.314600
0.296409
0.203039
0.246593
0.013353
0.107765
0.093661
0.493408
0.558874
0.853082
0.214020
0.004877
0.850467
0.371191
0.290866
0.055973
0.519621
0.134808
0.223572
0.038689
0.763722
0.071952
0.306494
0.974102
0.313084
0.048089
0.060613
0.737289
0.277198
0.593143
0.599377
0.591799
0.889552
0.802415
0.838392
0.902905
0.910180
0.932053
0.396313
0.469054
0.785135
0.610332
0.473931
0.635602
0.981523
0.764797
0.691575
0.501144
0.899604
0.915147
0.539833
0.663326
0.987099
0.846328
0.637428
0.300183
0.894417
0.698041
0.037472
0.171615
0.291184
0.636849
0.763414
0.180736
0.439264
0.601806
0.083641
0.349444
0.533859
0.479953
0.818499
0.318994
0.090286
0.292430
0.954596
0.071809
0.057227
0.646171
0.572953
0.956831
0.561317
0.112786
0.620158
0.548416
0.959114
0.257585
0.848599
0.853531
0.955626
0.886071
0.025146
0.246810
0.522921
0.788560
0.427546
0.962185
0.390365
0.511186
0.311629
0.924224
0.991140
0.130128
0.243218
0.081425
0.422558
0.197813
0.153234
0.479785
0.843984
0.726187
0.436616
0.405301
0.838973
0.056773
0.953717
0.798087
0.314359
0.802316
0.651618
0.269985
0.688388
0.676763
0.516795
0.211308
0.465323
0.944340
0.173493
0.855688
0.455527
0.485122
0.779912
0.446666
0.615250
0.023130
0.528092
0.037808
0.220943
0.681326
0.517593
0.064927
0.407513
0.954209
0.470229
0.246487
0.010982
0.423946
0.044574
0.325341
0.226262
0.696192
0.595326
0.914650
0.372955
0.112121
0.125958
0.838278
0.056461
0.299451
0.693967
0.511988
0.784573
0.473879
0.958654
0.399824
0.497009
0.486746
0.437632
0.717952
0.168072
0.955224
0.782879
0.575586
0.909433
0.253107
0.822072
0.920416
0.677053
0.866647
0.245757
0.903315
0.562838
0.841083
0.817965
0.935794
0.953203
0.943923
0.774072
0.009665
0.243374
0.468039
0.521653
0.027948
0.941918
0.480307
0.427771
0.438927
0.967053
0.865403
0.156878
0.135126
0.820627
0.939757
0.710711
0.730061
0.192864
0.532784
0.650476
0.869917
0.399430
0.896233
0.773233
0.962269
0.737315
0.591197
0.898063
0.690519
0.535120
0.672135
0.700183
0.778495
0.140174
0.221836
0.806442
0.082092
0.702143
0.234213
0.521019
0.669196
0.099616
0.677897
0.804322
0.920243
0.617654
0.515033
0.650304
0.810518
0.047817
0.300780
0.680435
0.447247
0.197013
0.453668
0.409516
0.934328
0.044865
0.307579
0.624847
0.579986
0.979713
0.325030
0.358480
0.119887
0.546866
0.164922
0.201979
0.249010
0.399135
0.722998
0.918206
0.498751
0.400895
0.722528
0.418995
0.018548
0.237561
0.069299
0.829066
0.285378
0.370079
0.509501
0.732626
0.567091
0.963169
0.142142
0.501419
0.008034
0.449720
0.126266
0.588019
0.429434
0.451297
0.946500
0.549321
0.998163
0.111422
0.751301
0.247173
0.510557
0.474299
0.165379
0.009309
0.875193
0.887907
0.428303
0.893741
0.125468
0.497602
0.722807
0.410847
0.867681
0.232308
0.143472
0.434772
0.195477
0.285614
0.936191
0.203511
0.735334
0.062458
0.791530
0.164768
0.513755
0.738030
0.714089
0.511918
0.849451
0.465390
0.759091
0.360009
0.939688
0.924470
0.369317
0.814882
0.812377
0.797621
0.708623
0.937845
0.295223
0.431430
0.348692
0.162903
0.663738
0.492164
0.597675
0.859215
0.777778
0.533867
0.062726
0.513112
0.596325
0.854256
0.677879
0.110079
0.592285
0.391969
0.621998
0.441737
0.857358
0.381089
0.801745
0.797047
0.305559
0.171063
0.611928
0.117935
0.968683
0.320551
0.055780
0.263906
0.751981
0.404472
0.426809
0.415720
0.896636
0.024485
0.274935
0.674413
0.558351
0.337661
0.187525
0.154676
0.191917
0.865404
0.264755
0.784202
0.257373
0.886753
0.225939
0.114731
0.267841
0.027684
0.911778
0.573400
0.198747
0.523706
0.691335
0.167430
0.844257
0.747116
0.431336
0.596238
0.151588
0.858145
0.011958
0.048224
0.882630
0.286892
0.722637
0.440981
0.624553
0.910162
0.595657
0.816470
0.775566
0.860413
0.600672
0.032939
0.747166
0.826611
0.147671
0.015007
0.854296
0.059448
0.588407
0.053042
0.583154
0.279742
0.220472
0.427411
0.026858
0.651808
0.023649
0.178446
0.509954
0.035606
0.226669
0.392584
0.322499
0.949306
0.833565
0.947052
0.859468
0.429223
0.763522
0.635034
0.289635
0.364194
0.667974
0.036801
0.190806
0.815644
0.051808
0.045101
0.875093
0.640215
0.098144
0.458247
0.919958
0.318616
0.885658
0.946816
0.970425
0.909306
0.125262
0.480378
0.944913
0.351931
0.872962
0.267412
0.301237
0.706528
0.214464
0.160705
0.135750
0.977986
0.795740
0.425386
0.342181
0.463714
0.462187
0.532986
0.279358
0.513995
0.578088
0.154451
0.154210
0.676232
0.612697
0.074167
0.994848
0.498355
0.020983
0.965272
0.407661
0.146245
0.445651
0.352574
0.498176
0.318613
0.619986
0.799413
0.025141
0.834450
0.960119
0.160891
0.812436
0.755858
0.586277
0.154617
0.219572
0.048463
0.687603
0.498930
0.562458
0.265691
0.653381
0.716668
0.941922
0.266078
0.790835
0.936770
0.764432
0.811818
0.902043
0.172094
0.958063
0.347694
0.524668
0.456239
0.666307
0.144654
0.255652
0.691448
0.979103
0.215770
0.852339
0.791539
0.971629
0.438615
0.946156
0.191201
0.487079
0.633759
0.690131
0.049537
0.899449
0.343511
0.766204
0.841372
0.609589
0.557039
0.778142
0.374022
0.368857
0.680185
0.546115
0.326920
0.027878
0.070783
0.783159
0.694185
0.215436
0.038810
0.385633
0.194540
0.254580
0.237971
0.986079
0.226209
0.676587
0.932235
0.417410
0.163666
0.565994
0.107540
0.213202
0.465443
0.451052
0.979406
0.306815
0.060641
0.536446
0.084957
0.434662
0.905303
0.765141
0.980777
0.232223
0.793019
0.051560
0.015382
0.487204
0.266997
0.054192
0.872837
0.461536
0.308772
0.110808
0.447615
0.534981
0.787395
0.379850
0.952391
0.951061
0.945844
0.059931
0.164263
0.411287
0.510983
0.143669
0.718102
0.571623
0.680115
0.803059
0.006286
0.585418
0.568201
0.987063
0.817641
0.361220
0.038623
0.833023
0.848425
0.305620
0.887215
0.721262
0.767156
0.195987
0.832070
0.214772
0.730968
0.619465
0.594622
0.683359
0.570526
0.540467
0.743290
0.734789
0.951754
0.254272
0.878459
0.669856
0.825896
0.558574
0.472916
0.832182
0.143992
0.041117
0.819245
0.961633
0.402337
0.857868
0.794655
0.250761
0.163488
0.681870
0.972023
0.930644
0.877857
0.804093
0.145416
0.608825
0.423558
0.740038
0.292183
0.994085
0.280505
0.035473
0.728874
0.232259
0.289745
0.607333
0.902115
0.115641
0.165907
0.375031
0.947823
0.309898
0.416148
0.767067
0.271531
0.818485
0.624935
0.066186
0.069246
0.788423
0.748056
0.041269
0.719068
0.625913
0.845362
0.864484
0.234737
0.268920
0.604522
0.526921
0.263005
0.885027
0.562394
0.991879
0.117286
0.852139
0.599212
0.019402
0.967780
0.765118
0.394433
0.915602
0.075016
0.810581
0.682669
0.346547
0.629065
0.307605
0.412733
0.698311
0.096028
0.160789
0.739580
0.815096
0.786702
0.584942
0.679579
0.021439
0.853862
0.284101
0.548360
0.116867
0.169128
0.110753
0.108745
0.286415
0.962892
0.707957
0.305816
0.930672
0.473075
0.700249
0.846274
0.548091
0.510830
0.528943
0.894638
0.139895
0.836548
0.307371
0.838206
0.932576
0.468161
0.577786
0.747671
0.254862
0.162728
0.427251
0.276302
0.016590
0.711352
0.824661
0.133456
0.880481
0.935415
0.242202
0.166895
0.898307
0.950159
0.472711
0.828978
0.423233
0.172960
0.675252
0.971325
0.683790
0.204196
0.865963
0.823685
0.040744
0.173334
0.661891
0.973320
0.641495
0.239678
0.720991
0.896357
0.402406
0.148242
0.172659
0.418996
0.859594
0.997320
0.552452
0.740074
0.932735
0.794654
0.906969
0.831041
0.744812
0.379681
0.660020
0.168046
0.552641
0.335272
0.139370
0.236431
0.539467
0.005333
0.060116
0.580211
0.178667
0.722007
0.553531
0.820162
0.961685
0.274522
0.716519
0.364090
0.422764
0.889178
0.783086
0.282358
0.886498
0.335538
0.022432
0.819233
0.130192
0.929402
0.650274
0.875005
0.309082
0.310294
0.043051
0.861723
0.645565
0.182421
0.098154
0.185033
0.187754
0.158269
0.765244
0.366422
0.880276
0.318775
0.186584
0.841961
0.593297
0.903103
0.206051
0.016061
0.792281
0.989137
0.298418
0.678780
0.324676
0.320850
0.498012
0.454868
0.250252
0.148286
0.329872
0.559334
0.458580
0.372923
0.421057
0.104145
0.555344
0.519211
0.289178
0.743098
0.677480
0.054422
0.109520
0.557756
0.373197
0.296104
0.399717
0.966494
0.199207
0.605768
0.982555
0.991488
0.594905
0.280973
0.670268
0.919581
0.601823
0.168280
0.374449
0.852075
0.316567
0.704321
0.411409
0.775147
0.077244
0.832467
0.879292
0.632588
0.351677
0.168471
0.375686
0.029157
0.222893
0.485206
0.586914
0.596090
0.781309
0.986631
0.562584
0.980516
0.592399
0.545139
0.972005
0.187304
0.826112
0.642272
0.106885
0.427935
0.810553
0.481333
0.280010
0.127119
0.185654
0.691420
0.902266
0.262898
0.523886
0.781558
0.895486
0.875564
0.950028
0.271172
0.904721
0.172921
0.756378
0.491635
0.769011
0.537687
0.478265
0.331596
0.518203
0.070664
0.876735
0.490208
0.257968
0.702846
0.132480
0.364853
0.130782
0.943033
0.846186
0.410792
0.070152
0.031841
0.102212
0.972418
0.294739
0.626098
0.753976
0.190225
0.501662
0.704004
0.461397
0.406384
0.876925
0.217775
0.898018
0.645937
0.755462
0.376284
0.977532
0.273665
0.446948
0.854267
0.763873
0.704916
0.557114
0.896354
0.069769
0.687895
0.839387
0.915955
0.098687
0.909539
0.947796
0.200899
0.881957
0.242535
0.826997
0.635932
0.432760
0.328660
0.339936
0.894156
0.735043
0.216861
0.111931
0.633062
0.862798
0.867393
0.009345
0.840330
0.141058
0.456293
0.694597
0.904931
0.161209
0.251711
0.801285
0.230977
0.939606
0.640672
0.146932
0.038293
0.550211
0.094728
0.239192
0.432167
0.337262
0.066190
0.068099
0.770022
0.394849
0.408035
0.664178
0.129893
0.624897
0.776109
0.762954
0.487694
0.643502
0.772300
0.328025
0.784560
0.228593
0.022622
0.689491
0.389801
0.274333
0.490776
0.620779
0.213939
0.131448
0.767711
0.252232
0.681659
0.862439
0.491424
0.113826
0.199701
0.557613
0.181925
0.969723
0.952463
0.589961
0.633901
0.082356
0.214857
0.410010
0.845310
0.702552
0.053512
0.617609
0.030576
0.838072
0.846202
0.053198
0.527563
0.236003
0.327531
0.018339
0.856782
0.541469
0.149787
0.624493
0.793701
0.831446
0.486932
0.285125
0.945272
0.686633
0.842738
0.127197
0.656356
0.795201
0.717157
0.290257
0.877557
0.932014
0.700267
0.722867
0.634566
0.753779
0.340476
0.665142
0.591851
0.186678
0.718340
0.119414
0.422681
0.045871
0.137753
0.279464
0.587340
0.287540
0.903957
0.381041
0.118986
0.390889
0.666166
0.064257
0.077522
0.508905
0.191454
0.733878
0.304106
0.908611
0.024134
0.181662
0.840625
0.724401
0.904529
0.475191
0.478180
0.245005
0.140333
0.070030
0.431683
0.858673
0.189444
0.854364
0.904544
0.327197
0.133828
0.491885
0.614737
0.037785
0.872926
0.733723
0.428674
0.539092
0.797980
0.506196
0.047997
0.989434
0.240074
0.352103
0.898045
0.264208
0.533765
0.738671
0.988610
0.438294
0.213862
0.466789
0.683299
0.354195
0.536820
0.114982
0.212868
0.726264
0.969346
0.117413
0.053461
0.103173
0.609298
0.668198
0.140958
0.482224
0.401921
0.569632
0.021316
0.199901
0.075828
0.069313
0.189335
0.315902
0.421416
0.087381
0.580110
0.955181
0.826051
0.568720
0.393475
0.039913
0.035509
0.076774
0.394108
0.572329
0.191755
0.606976
0.298593
0.161101
0.724389
0.352054
0.264274
0.333687
0.020252
0.405232
0.815910
0.422173
0.974864
0.837226
0.622074
0.050692
0.906540
0.811409
0.366594
0.327955
0.898790
0.946704
0.283136
0.724841
0.515424
0.676611
0.764754
0.550933
0.753385
0.158862
0.123262
0.945140
0.765838
0.421855
0.106241
0.490227
0.773908
0.370516
0.823914
0.794160
0.775748
0.639824
0.216333
0.750612
0.477051
0.838407
0.801305
0.383590
0.649816
0.167899
0.711546
0.548606
0.114603
0.994682
0.273447
0.630027
0.671293
0.038201
0.180960
0.424678
0.197063
0.304222
0.369818
0.962901
0.726077
0.476060
0.453129
0.499985
0.846576
0.277042
0.294145
0.622324
0.916867
0.510478
0.372936
0.393917
0.348884
0.174241
0.777507
0.998700
0.342140
0.489053
0.547306
0.456743
0.483735
0.820753
0.086769
0.155028
0.858954
0.267729
0.579706
0.056017
0.571951
0.949524
0.018918
0.298028
0.425584
0.472047
0.798013
0.272159
0.749089
0.092158
0.894483
0.665956
0.602636
0.267419
0.059873
0.951521
0.441660
0.837380
0.950221
0.783800
0.326433
0.497527
0.240542
0.810168
0.318279
0.327312
0.965195
0.177233
0.595041
0.544901
0.233249
0.166992
0.494425
0.252168
0.465020
0.920009
0.724215
0.263033
0.192168
0.473304
0.355191
0.086651
0.139260
0.957827
0.354070
0.199133
0.909348
0.795731
0.036513
0.859568
0.579530
0.362946
0.357095
0.820072
0.173114
0.675374
0.147384
0.138310
0.852607
0.742425
0.683211
0.085856
0.909417
0.177636
0.338024
0.374437
0.097645
0.062239
0.637470
0.289813
0.535542
0.992661
0.376464
0.674802
0.950488
0.730535
0.873935
0.859835
0.526265
0.910448
0.719404
0.105795
0.273394
0.076499
0.925868
0.446508
0.751873
0.073252
0.584818
0.604479
0.815677
0.268029
0.690336
0.725093
0.445664
0.028360
0.099530
0.543309
0.090598
0.737000
0.833122
0.626141
0.729661
0.209586
0.300943
0.680148
0.940121
0.174878
0.539984
0.466386
0.085326
0.259388
0.572181
0.358720
0.335886
0.498049
0.805229
0.087759
0.571300
0.390047
0.692238
0.386977
0.658075
0.382574
0.112070
0.103739
0.410934
0.211601
0.647048
0.501532
0.948601
0.480170
0.127672
0.678261
0.689756
0.428615
0.358410
0.629877
0.603493
0.898393
0.096262
0.688819
0.157781
0.668443
0.047539
0.493667
0.166492
0.852768
0.581426
0.737792
0.242814
0.273664
0.124769
0.900889
0.656238
0.236840
0.004629
0.067172
0.448440
0.651677
0.568704
0.397041
0.131847
0.696376
0.075303
0.821603
0.124991
0.433712
0.451480
0.728484
0.332106
0.547742
0.417303
0.489887
0.216185
0.464842
0.983554
0.382677
0.317610
0.564980
0.120470
0.560424
0.838644
0.245239
0.461313
0.494882
0.482079
0.465942
0.562054
0.930519
0.117619
0.130757
0.327560
0.249467
0.827133
0.402863
0.071070
0.952125
0.836575
0.522550
0.680609
0.168681
0.070292
0.097911
0.658567
0.286477
0.562753
0.642121
0.669155
0.880363
0.207101
0.789624
0.440787
0.045744
0.034863
0.902100
0.540627
0.516942
0.368043
0.102680
0.447461
0.485662
0.233438
0.775021
0.735129
0.060571
0.177884
0.806199
0.012696
0.014459
0.328749
0.693304
0.183139
0.399041
0.791216
0.841707
0.685518
0.353969
0.483828
0.354673
0.234332
0.690928
0.144297
0.675119
0.736673
0.179160
0.577220
0.277299
0.696101
0.945262
0.379980
0.143562
0.430924
0.613418
0.918583
0.166053
0.673989
0.096467
0.972252
0.686685
0.110926
0.301001
0.379989
0.294065
0.700041
0.171205
0.135772
0.385559
0.525174
0.619600
0.740232
0.759506
0.310528
0.884529
0.434625
0.047201
0.063689
0.011845
0.324500
0.759790
0.957107
0.704480
0.903353
0.388032
0.317897
0.821936
0.554085
0.991886
0.918403
0.526337
0.678571
0.029329
0.827337
0.058560
0.323394
0.527378
0.229765
0.459166
0.912938
0.754939
0.078765
0.653170
0.514445
0.389293
0.537699
0.949070
0.436494
0.601388
0.960916
0.760994
0.361178
0.918023
0.465474
0.264531
0.306055
0.783371
0.086467
0.860139
0.775257
0.004869
0.386476
0.453828
0.034198
0.213813
0.512388
0.357592
0.741191
0.742153
0.816757
0.654129
0.497092
0.895523
0.307299
0.011537
0.284816
0.844998
0.960607
0.721310
0.446386
0.921523
0.482304
0.807564
0.839546
0.947778
0.072095
0.145600
0.731149
0.158561
0.005740
0.506406
0.163431
0.392215
0.960234
0.197628
0.606028
0.472622
0.555220
0.347220
0.214775
0.371977
0.001349
0.711867
0.267500
0.308648
0.723404
0.552316
0.153646
0.684011
0.273626
0.600032
0.605533
0.755930
0.407596
0.445079
0.703708
0.479691
0.590679
0.434857
0.638252
0.596419
0.941263
0.801683
0.988634
0.901497
0.999311
0.594663
0.374120
0.554531
0.941882
0.588895
0.926508
0.943231
0.300762
0.194008
0.251880
0.024165
0.746324
0.405526
0.708176
0.019950
0.005558
0.313710
0.775881
0.413154
0.758789
0.479588
0.892845
0.349468
0.914445
0.531097
0.945886
0.855708
0.332780
0.934521
0.757206
0.332091
0.529183
0.131325
0.886622
0.471066
0.720220
0.813130
0.414297
0.020982
0.007139
0.666177
0.045147
0.753463
0.071702
0.753323
0.773413
0.077260
0.067033
0.549294
0.490414
0.825822
0.028882
0.383259
0.175289
0.943328
0.914356
0.121176
0.799036
0.247135
0.055696
0.556242
0.579226
0.584880
0.687567
0.465848
0.055945
0.407787
0.278978
0.470242
0.428769
0.286116
0.136419
0.473917
0.039579
0.208121
0.227240
0.812993
0.285381
0.294273
0.362286
0.775795
0.120095
0.391169
0.159054
0.295384
0.334496
0.073410
0.416560
0.133532
0.320545
0.472256
0.689774
0.899771
0.057136
0.377341
0.365619
0.113081
0.785129
0.644597
0.583323
0.213898
0.930713
0.719742
0.687815
0.970292
0.927864
0.915055
0.783285
0.213245
0.209328
0.145571
0.989040
0.329423
0.536740
0.148094
0.624807
0.871236
0.221504
0.041367
0.004769
0.542049
0.513624
0.694543
0.441820
0.570760
0.071884
0.807439
0.683841
0.857013
0.452036
0.267164
0.070911
0.382749
0.986906
0.758725
0.353042
0.914770
0.673780
0.136327
0.128015
0.883108
0.281898
0.117055
0.212531
0.818638
0.265150
0.837339
0.689875
0.486654
0.878706
0.694644
0.028703
0.392330
0.389187
0.470524
0.963089
0.461071
0.277963
0.646930
0.318084
0.729999
0.914094
0.388994
0.112748
0.901000
0.147720
0.465790
0.815770
0.821500
0.602117
0.943785
0.704608
0.884015
0.060840
0.917140
0.702654
0.325990
0.754478
0.392529
0.812644
0.633184
0.087172
0.841347
0.025514
0.476359
0.311870
0.988603
0.937430
0.589834
0.635533
0.255513
0.319833
0.549627
0.644508
0.432581
0.450627
0.792227
0.898371
0.266397
0.613727
0.500488
0.210182
0.318336
0.384503
0.271022
0.235475
0.087157
0.597012
0.989953
0.479685
0.409655
0.623138
0.566858
0.251002
0.648651
0.043217
0.562873
0.637254
0.980647
0.152706
0.272787
0.236160
0.472539
0.822414
0.880668
0.905120
0.273041
0.672895
0.803491
0.539438
0.286623
0.303979
0.749620
0.604958
0.688482
0.020643
0.840433
0.775639
0.617654
0.830387
0.255324
0.027310
0.453524
0.822182
0.278312
0.102176
0.865398
0.841184
0.739430
0.846045
0.993890
0.012217
0.082205
0.466429
0.834631
0.962873
0.371548
0.107672
0.635768
0.175039
0.647111
0.922391
0.479018
0.396731
0.527349
0.167499
0.417374
0.367782
0.943138
0.035028
0.198169
0.198462
0.062338
0.651693
0.020644
0.340649
0.753869
0.886042
0.181834
0.493299
0.732087
0.175724
0.505516
0.814292
0.642153
0.340148
0.777165
0.013701
0.447820
0.412934
0.188740
0.094931
0.335324
0.667758
0.491662
0.862673
0.835257
0.909036
0.230455
0.778395
0.944064
0.428624
0.976857
0.006401
0.080317
0.997501
0.347051
0.834186
0.883543
0.528885
0.327485
0.615630
0.704608
0.833001
0.429922
0.346761
0.173149
0.207088
0.360463
0.620969
0.620021
0.549203
0.715899
0.955346
0.216961
0.207561
0.818019
0.052218
0.116597
0.048474
0.830613
0.060660
0.477098
0.807471
0.067062
0.557414
0.804971
0.414112
0.391600
0.688514
0.942997
0.719085
0.304144
0.647605
0.552086
0.734067
0.994367
0.725235
0.941154
0.354829
0.346203
0.561176
0.904032
0.062103
0.516521
0.120993
0.269664
0.334540
0.173211
0.386260
0.383014
0.003825
0.446920
0.860111
0.811295
0.513982
0.417526
0.616266
0.928094
0.809126
0.304780
0.871091
0.528211
0.608925
0.518697
0.080297
0.342991
0.513064
0.805532
0.284145
0.867893
0.151735
0.845321
0.771925
0.213838
0.361842
0.892918
0.483501
0.696382
0.066129
0.869761
0.079396
0.069954
0.316682
0.939507
0.881249
0.830664
0.357033
0.497516
0.758758
0.166159
0.802296
0.629850
0.694370
0.411221
0.148546
0.774668
0.754212
0.661610
0.580199
0.038357
0.529503
0.731934
0.883678
0.301428
0.945772
0.245520
0.194346
0.429273
0.941902
0.260475
0.299035
0.021298
0.330429
0.615716
0.960806
0.211678
0.446380
0.317839
0.709193
0.205138
0.483999
0.511489
0.834988
0.178369
0.922710
0.983534
0.953037
0.676921
0.645144
0.533236
0.715278
0.174647
0.265170
0.598956
0.476074
0.210942
0.844476
0.670420
0.640216
0.786379
0.930895
0.939250
0.807677
0.261323
0.554967
0.768483
0.473001
0.001347
0.086322
0.182194
0.206485
0.570321
0.693683
0.041472
0.748690
0.616393
0.025006
0.701726
0.293314
0.670150
0.234962
0.008593
0.844797
0.500133
0.607549
0.320871
0.711075
0.452025
0.991291
0.351291
0.238404
0.922186
0.290541
0.046081
0.183509
0.845508
0.814564
0.656510
0.846855
0.900887
0.838704
0.053339
0.471208
0.532387
0.094811
0.219898
0.148780
0.119818
0.921624
0.442095
0.789968
0.156586
0.450687
0.634765
0.656719
0.058236
0.955636
0.367794
0.510261
0.946927
0.719085
0.748665
0.869113
0.009627
0.794747
0.052621
0.855134
0.609311
0.709131
0.701989
0.510198
0.547835
0.755328
0.981406
0.080222
0.850140
0.201303
0.229003
0.969957
0.122927
0.671097
0.759925
0.279514
0.121785
0.394690
0.936233
0.180021
0.350326
0.304027
0.690283
0.297253
0.023112
0.438948
0.166365
0.032739
0.233695
0.218986
0.887873
0.843006
0.928117
0.589862
0.353204
0.475952
0.345190
0.334610
0.556175
0.195330
0.535913
0.785177
0.165287
0.658840
0.456275
0.925212
0.938354
0.578060
0.319902
0.874587
0.758081
0.670227
0.178613
0.448363
0.967480
0.201726
0.887311
0.133845
0.234464
0.121006
0.352831
0.122337
0.964012
0.280949
0.712200
0.317216
0.756901
0.057390
0.651825
0.313075
0.252720
0.187738
0.098253
0.418007
0.846578
0.554527
0.343218
0.784932
0.132587
0.663120
0.659518
0.890667
0.333347
0.838132
0.339031
0.300827
0.039858
0.226342
0.434672
0.274322
0.347348
0.787503
0.396659
0.311359
0.068452
0.108859
0.628575
0.825352
0.166249
0.280400
0.138428
0.418968
0.468138
0.236681
0.836975
0.314716
0.791208
0.180193
0.099648
0.923795
0.843313
0.759166
0.814462
0.176661
0.597298
0.153493
0.477488
0.637156
0.379835
0.912159
0.911478
0.727182
0.699662
0.308137
0.038541
0.768114
0.416996
0.667116
0.593466
0.583244
0.947516
0.731894
0.002212
0.415654
0.968575
0.839187
0.730369
0.759783
0.019381
0.830017
0.683577
0.862694
0.589184
0.498039
0.039355
0.186482
0.651532
0.516843
0.823638
0.031367
0.429002
0.735115
0.758549
0.128664
0.043252
0.797090
0.896778
0.460248
0.464206
0.490244
0.043492
0.411722
0.222138
0.045704
0.827376
0.190713
0.884892
0.557745
0.950496
0.904273
0.387762
0.634073
0.766967
0.976946
0.132112
0.806322
0.163428
0.783645
0.323164
0.987066
0.815011
0.752166
0.722181
0.573560
0.880830
0.765433
0.370650
0.777608
0.225681
0.834857
0.267853
0.269173
0.246579
0.489991
0.314877
0.073954
0.680704
0.199769
0.631699
0.631200
0.104042
0.019462
0.265273
0.871009
0.996408
0.397385
0.677330
0.159836
0.181030
0.000495
0.146902
0.996041
0.752661
0.869083
0.569601
0.633491
0.634516
0.940252
0.411099
0.860198
0.775108
0.678952
0.129371
0.021687
0.168943
0.444248
0.095641
0.849647
0.644017
0.727340
0.480847
0.748059
0.746802
0.746120
0.619068
0.743210
0.143505
0.296398
0.903045
0.324534
0.296893
0.049947
0.320575
0.049554
0.919030
0.890176
0.683045
0.553547
0.830428
0.094144
0.413744
0.605536
0.773096
0.543115
0.627223
0.942039
0.987363
0.722864
0.791686
0.631380
0.450204
0.272533
0.379440
0.197006
0.018653
0.998508
0.940216
0.162158
0.294906
0.843261
0.486692
0.591799
0.893209
0.807267
0.641352
0.812239
0.697443
0.324397
0.365785
0.527871
0.418541
0.779529
0.133407
0.191637
0.322644
0.760630
0.133677
0.310007
0.483494
0.925363
0.941388
0.933698
0.197896
0.320827
0.130704
0.216549
0.319335
0.070920
0.378707
0.614241
0.914181
0.865399
0.206040
0.807390
0.672666
0.847392
0.619629
0.370109
0.171789
0.985414
0.897979
0.590331
0.764943
0.031386
0.781968
0.087588
0.792016
0.915645
0.397595
0.275510
0.841008
0.338983
0.209208
0.038904
0.659810
0.339912
0.255454
0.979145
0.410832
0.634161
0.593386
0.325013
0.499560
0.799426
0.132403
0.172225
0.646818
0.752032
0.542334
0.818607
0.737446
0.440313
0.408938
0.502389
0.471700
0.190906
0.589977
0.263715
0.106551
0.987572
0.539225
0.947559
0.326554
0.748433
0.986463
0.986364
0.088344
0.241917
0.965509
0.499176
0.876078
0.558895
0.824190
0.375637
0.358321
0.956593
0.547863
0.005139
0.708625
0.090197
0.823746
0.446070
0.530510
0.232684
0.948460
0.002209
0.423591
0.538436
0.265925
0.530142
0.526008
0.805150
0.477701
0.852562
0.553583
0.464164
0.838926
0.641927
0.706081
0.804435
0.141104
0.582159
0.363330
0.965293
0.957796
0.721651
0.921886
0.505659
0.726789
0.630510
0.595855
0.550536
0.076581
0.126365
0.783220
0.025040
0.128575
0.206811
0.563476
0.394499
0.736952
0.089484
0.199649
0.214653
0.942046
0.753232
0.678817
0.780972
0.395159
0.384897
0.585407
0.536263
0.967056
0.948737
0.501556
0.924852
0.670388
0.423442
0.430511
0.397177
0.053952
0.026367
0.947713
0.130533
0.152732
0.730933
0.155573
0.281306
0.937743
0.719050
0.675806
0.674695
0.808534
0.875455
0.889348
0.750580
0.628688
0.568165
0.531552
0.023847
0.953062
0.116959
0.560110
0.920118
0.065696
0.061666
0.844970
0.736083
0.485108
0.275482
0.133260
0.539060
0.301848
0.080973
0.669593
0.454580
0.811906
0.825166
0.735887
0.749649
0.544215
0.411693
0.424344
0.352749
0.287148
0.313692
0.103329
0.915836
0.881857
0.634881
0.939683
0.834919
0.751839
0.499793
0.755037
0.817535
0.561458
0.600008
0.553618
0.046566
0.875490
0.686878
0.585626
0.177338
0.767851
0.255218
0.631918
0.579757
0.080384
0.367805
0.329406
0.624599
0.779497
0.753750
0.977348
0.066645
0.067443
0.080677
0.982481
0.949300
0.715557
0.922164
0.784219
0.467396
0.421956
0.539256
0.284931
0.983415
0.139264
0.838549
0.029981
0.014754
0.525427
0.615606
0.192091
0.293278
0.870825
0.824009
0.873035
0.951208
0.191814
0.202441
0.575808
0.971311
0.956191
0.553156
0.037957
0.023634
0.633832
0.020438
0.972934
0.349389
0.942601
0.757153
0.816786
0.364558
0.296409
0.101717
0.347972
0.435673
0.940266
0.377953
0.450427
0.465694
0.993559
0.642519
0.758972
0.864384
0.466528
0.632007
0.815592
0.658342
0.834448
0.391400
0.629654
0.790640
0.944555
0.667610
0.814274
0.578388
0.688048
0.787208
0.927777
0.630650
0.544361
0.744563
0.995207
0.840770
0.846280
0.343180
0.276443
0.786546
0.721132
0.726871
0.252240
0.714692
0.369389
0.011212
0.579075
0.835917
0.643219
0.394668
0.494259
0.477667
0.786067
0.123913
0.268307
0.730623
0.791524
0.082581
0.309010
0.479572
0.869789
0.236787
0.110222
0.414150
0.981350
0.105429
0.254920
0.827630
0.448609
0.531363
0.614176
0.169741
0.258234
0.866416
0.884433
0.627623
0.877628
0.463508
0.463540
0.520846
0.858176
0.957799
0.998514
0.644243
0.081713
0.266821
0.374866
0.873236
0.349402
0.683876
0.352808
0.219190
0.920663
0.463030
0.633340
0.902014
0.568459
0.888259
0.729644
0.017067
0.419623
0.343820
0.186808
0.677856
0.210236
0.071241
0.305479
0.087863
0.534749
0.769019
0.608710
0.392925
0.726818
0.607223
0.037168
0.808531
0.874044
0.412034
0.681767
0.223446
0.095910
0.034575
0.442636
0.016573
0.497605
0.075976
0.918587
0.066064
0.964235
0.648231
0.083131
0.383858
0.992051
0.269939
0.061714
0.202287
0.341180
0.367193
0.290150
0.875929
0.136212
0.898860
0.268854
0.863030
0.506083
0.306022
0.671561
0.380127
0.718056
0.353328
0.603573
0.813966
0.387904
0.046209
0.830539
0.885509
0.122184
0.749126
0.951573
0.086419
0.397357
0.034704
0.470277
0.389407
0.304643
0.531991
0.591694
0.645823
0.899184
0.881844
0.521753
0.035396
0.780704
0.790607
0.898426
0.286787
0.096629
0.569987
0.666914
0.814685
0.923316
0.270487
0.628651
0.311219
0.316695
0.459190
0.196728
0.438879
0.208316
0.148301
0.525299
0.605672
0.183004
0.995576
0.995080
0.487647
0.527567
0.586774
0.133471
0.426751
0.468618
0.655224
0.462147
0.249322
0.445831
0.360573
0.536108
0.542460
0.930560
0.203022
0.357145
0.853875
0.473509
0.985796
0.165095
0.790204
0.444985
0.361823
0.229084
0.653301
0.510123
0.754383
0.258973
0.693128
0.749959
0.254053
0.180775
0.277526
0.840827
0.314245
0.704276
0.309445
0.969469
0.166423
0.558766
0.415300
0.526996
0.094875
0.957760
0.457555
0.297897
0.314905
0.311431
0.771406
0.300700
0.476525
0.561610
0.745685
0.838348
0.790694
0.398986
0.348471
0.545077
0.657960
0.041599
0.295035
0.912013
0.222374
0.572561
0.752840
0.536619
0.276837
0.062285
0.506088
0.443260
0.621051
0.921388
0.970256
0.715926
0.879148
0.427811
0.013823
0.194052
0.739241
0.785229
0.494752
0.215767
0.346839
0.240438
0.054115
0.137533
0.639424
0.402586
0.682610
0.297383
0.444185
0.977645
0.209396
0.666559
0.550206
0.962236
0.203178
0.827043
0.024521
0.709266
0.270303
0.645573
0.630655
0.240559
0.361499
0.509802
0.668370
0.375322
0.703855
0.407611
0.160551
0.198607
0.623378
0.507390
0.439045
0.677493
0.644924
0.078468
0.080079
0.327533
0.375852
0.524264
0.305178
0.585248
0.190823
0.855384
0.547485
0.394001
0.682427
0.572006
0.103267
0.952730
0.217579
0.733922
0.193289
0.579077
0.243724
0.861659
0.954399
0.947579
0.269271
0.114950
0.146186
0.892649
0.622340
0.585230
0.570141
0.267264
0.663699
0.650220
0.594797
0.039550
0.174484
0.899975
0.624799
0.365307
0.755360
0.172283
0.759308
0.437787
0.744289
0.862575
0.390517
0.961868
0.596497
0.583807
0.540945
0.840221
0.445466
0.495344
0.787800
0.714737
0.610294
0.933986
0.607386
0.232634
0.519216
0.177527
0.499898
0.182914
0.827747
0.094695
0.222465
0.002232
0.994670
0.847263
0.367538
0.750030
0.019547
0.126846
0.187817
0.763836
0.989421
0.578334
0.725704
0.585918
0.162141
0.266649
0.426139
0.607607
0.761993
0.213939
0.322344
0.372287
0.147925
0.929730
0.604921
0.667140
0.107257
0.104819
0.850055
0.935005
0.199513
0.072520
0.937236
0.194183
0.919783
0.304774
0.944213
0.939330
0.431620
0.132029
0.703166
0.421041
0.710363
0.428870
0.006959
0.872504
0.695519
0.433098
0.480112
0.457512
0.647037
0.802456
0.829799
0.794961
0.732186
0.434720
0.462102
0.839443
0.539539
0.312157
0.774447
0.739052
0.384676
0.711684
0.933235
0.304459
0.016458
0.877448
0.243789
0.448078
0.009477
0.946955
0.869120
0.719840
0.375825
0.876079
0.592345
0.071344
0.309177
0.072457
0.528856
0.956214
0.874912
0.358655
0.751175
0.607098
0.793376
0.213277
0.446541
0.332915
0.525434
0.220989
0.071967
0.910110
0.932672
0.005201
0.214569
0.949130
0.882649
0.458358
0.397208
0.892126
0.405312
0.266328
0.611966
0.781137
0.142407
0.204311
0.852481
0.451583
0.276768
0.381337
0.407797
0.151680
0.739993
0.158972
0.758778
0.533368
0.372249
0.205320
0.866283
0.897683
0.426308
0.938249
0.807793
0.358980
0.943451
0.022361
0.308110
0.826100
0.480719
0.705319
0.718226
0.886031
0.971646
0.330192
0.667168
0.114053
0.534504
0.519649
0.565636
0.811272
0.900987
0.973434
0.962952
0.640979
0.132406
0.721730
0.174348
0.504655
0.927050
0.040630
0.402338
0.353358
0.978880
0.210131
0.712338
0.922331
0.232493
0.020449
0.748431
0.713212
0.725767
0.466657
0.599243
0.697414
0.796849
0.266411
0.811467
0.331353
0.786061
0.377103
0.142625
0.687048
0.350536
0.105577
0.328027
0.482942
0.827307
0.502374
0.987598
0.754357
0.543005
0.389936
0.107715
0.521885
0.600067
0.820054
0.444216
0.832560
0.840502
0.192646
0.545772
0.566270
0.659303
0.145015
0.263683
0.456153
0.411426
0.075150
0.787506
0.197487
0.452253
0.930131
0.884535
0.802789
0.035708
0.212561
0.285731
0.863015
0.714936
0.273329
0.617372
0.257940
0.663265
0.725088
0.779825
0.263333
0.545142
0.224041
0.095893
0.385644
0.416687
0.641665
0.951914
0.075990
0.786679
0.215597
0.532143
0.198106
0.290746
0.319649
0.395593
0.742999
0.249779
0.280127
0.545788
0.285487
0.492689
0.831520
0.148502
0.207624
0.104849
0.765874
0.465564
0.768114
0.490962
0.245389
0.031447
0.036103
0.469430
0.127340
0.421747
0.886117
0.769005
0.373661
0.962107
0.555684
0.589257
0.494250
0.753790
0.880004
0.813898
0.149383
0.623003
0.063678
0.429510
0.168791
0.349165
0.922198
0.000311
0.497666
0.129822
0.105159
0.263540
0.595387
0.873273
0.754502
0.840776
0.904721
0.790605
0.310206
0.032061
0.212353
0.196322
0.801066
0.586013
0.158429
0.356750
0.175271
0.652679
0.110540
0.055275
0.466577
0.259923
0.678278
0.530255
0.689433
0.847068
0.879420
0.611631
0.847379
0.377086
0.741453
0.952538
0.640627
0.336840
0.825812
0.395129
0.177616
0.730532
0.185734
0.487822
0.762593
0.398087
0.684144
0.563659
0.984100
0.842574
0.920409
0.159371
0.495253
0.030949
0.214646
0.961830
0.290872
0.892923
0.492085
0.980305
0.739992
0.371505
0.591936
0.587371
0.748591
0.333389
0.539909
0.389218
0.670230
0.365721
0.784347
0.847846
0.096253
0.970081
0.335667
0.858846
0.368168
0.019812
0.422505
0.352269
0.862385
0.342914
0.511640
0.357638
0.373863
0.726285
0.319468
0.664736
0.619209
0.811554
0.645041
0.359200
0.183059
0.236977
0.946571
0.931650
0.570366
0.486480
0.320868
0.240596
0.852201
0.105215
0.088441
0.948454
0.075296
0.424109
0.807300
0.443464
0.443921
0.229804
0.795733
0.306306
0.572718
0.307373
0.663944
0.946582
0.033658
0.983413
0.611317
0.652867
0.794966
0.256358
0.012067
0.978025
0.493335
0.958638
0.909674
0.063701
0.445118
0.230542
0.304297
0.297318
0.335757
0.392738
0.245772
0.411053
0.816847
0.053071
0.854517
0.260768
0.282876
0.650250
0.567074
0.855594
0.957623
0.231018
0.802176
0.991281
0.214430
0.413493
0.644147
0.009396
0.669851
0.656214
0.987421
0.163186
0.614852
0.897095
0.226887
0.059970
0.127637
0.531183
0.357288
0.463394
0.923921
0.603060
0.874447
0.740768
0.656131
0.728964
0.001536
0.939007
0.379214
0.568609
0.794601
0.336837
0.799627
0.596777
0.328117
0.014058
0.010270
0.972264
0.023454
0.680121
0.628478
0.010875
0.843307
0.243330
0.907970
0.070194
0.303300
0.035607
0.601377
0.660588
0.499001
0.525298
0.263648
0.373448
0.266066
0.919779
0.102412
0.267602
0.858786
0.481626
0.836212
0.653388
0.818463
0.635839
0.250165
0.146580
0.649896
0.260435
0.118845
0.673350
0.940556
0.747323
0.684225
0.783863
0.990653
0.592195
0.854056
0.293953
0.627803
0.455433
0.954541
0.126804
0.980732
0.218188
0.500252
0.246798
0.137968
0.602664
0.514400
0.996754
0.084291
0.350612
0.650141
0.902754
0.986450
0.900306
0.049334
0.636347
0.160741
0.168179
0.309697
0.101297
0.915502
0.993922
0.885160
0.906156
0.586117
0.739216
0.200109
0.213920
0.194650
0.154650
0.340724
0.175381
0.372838
0.840976
0.422179
0.510806
0.443641
0.936579
0.507559
0.527931
0.287191
0.157701
0.430685
0.273641
0.058007
0.480019
0.909988
0.218748
0.648198
0.219685
0.320045
0.563701
0.213607
0.205205
0.469856
0.799725
0.944421
0.669965
0.013645
0.139071
0.824615
0.354369
0.314452
0.197453
0.195345
0.736632
0.708259
0.638985
0.673211
0.215818
0.166917
0.960402
0.373519
0.597602
0.234044
0.431526
0.077621
0.144032
0.650274
0.725819
0.363717
0.970319
0.289520
0.577325
0.175524
0.759376
0.377049
0.119945
0.429341
0.390694
0.259016
0.253956
0.745063
0.573468
0.451409
0.940407
0.310100
0.159668
0.579393
0.983311
0.375486
0.746309
0.943713
0.749005
0.343911
0.177757
0.180531
0.421532
0.321789
0.830805
0.147352
0.685506
0.801124
0.436872
0.262830
0.976647
0.196248
0.639880
0.096592
0.625590
0.030574
0.355608
0.879546
0.775636
0.929077
0.330955
0.716044
0.239176
0.490623
0.295437
0.222487
0.866109
0.041746
0.166201
0.615114
0.385657
0.343957
0.795645
0.807190
0.665746
0.626450
0.954542
0.351251
0.427574
0.391414
0.614082
0.404221
0.587662
0.253961
0.500814
0.213252
0.284535
0.856422
0.092797
0.060171
0.785499
0.423752
0.776215
0.024675
0.914375
0.071652
0.247162
0.780484
0.113398
0.413363
0.395598
0.499055
0.757320
0.191243
0.306245
0.423066
0.817693
0.260787
0.774317
0.245267
0.652200
0.388399
0.649489
0.239862
0.642360
0.150302
0.453114
0.926895
0.006724
0.545911
0.987067
0.792223
0.969664
0.763282
0.816898
0.884039
0.834934
0.064060
0.664523
0.948332
0.477423
0.060121
0.447388
0.234744
0.251364
0.753633
0.657810
0.069058
0.014420
0.432127
0.314325
0.666620
0.820526
0.963814
0.906482
0.462887
0.114116
0.359596
0.389782
0.120840
0.905507
0.376849
0.913063
0.875171
0.140131
0.729961
0.759210
0.975065
0.794022
0.423733
0.923398
0.271445
0.483854
0.370785
0.506189
0.735218
0.124418
0.163998
0.804276
0.138838
0.596126
0.118601
0.805458
0.416652
0.082415
0.711940
0.879539
0.196531
0.071536
0.269321
0.317371
0.977043
0.646170
0.230434
0.852213
0.786301
0.960396
0.611423
0.761367
0.754417
0.035156
0.684764
0.025862
0.519009
0.055550
0.532051
0.254228
0.179968
0.696049
0.058504
0.318805
0.292175
0.177105
0.124263
0.708827
0.259519
0.836202
0.588366
0.456050
0.907738
0.857687
0.773421
0.884781
0.503857
0.003856
0.736994
0.290158
0.964251
0.348417
0.051525
0.718669
0.383572
0.736290
0.744531
0.902582
0.791839
0.276582
0.156809
0.971807
0.972631
0.215313
0.290612
0.264806
0.392418
0.414874
0.973633
0.651937
0.251077
0.561998
0.107987
0.158815
0.419685
0.881409
0.043595
0.923542
0.885265
0.780589
0.213701
0.849516
0.129006
0.265226
0.568185
0.512578
0.001515
0.312715
0.415160
0.793355
0.589297
0.571970
0.765161
0.561928
0.787283
0.055773
0.826734
0.179701
0.470648
0.800366
0.831638
0.721724
0.362365
0.939625
0.880539
0.782050
0.821034
0.924134
0.705592
0.706299
0.704723
0.919293
0.555815
0.833729
0.184519
0.124000
0.346308
0.186034
0.436715
0.761468
0.979389
0.026012
0.333438
0.744550
0.587940
0.120721
0.800323
0.414674
0.300421
0.270971
0.215040
0.132059
0.992696
0.577405
0.071684
0.873235
0.359455
0.892719
0.797369
0.065047
0.599017
0.502092
0.984340
0.154832
0.335821
0.168858
0.278832
0.682129
0.354892
0.715547
0.443597
0.334281
0.741559
0.777035
0.078831
0.329499
0.897756
0.879155
0.744173
0.198177
0.150126
0.959213
0.330236
0.142821
0.536619
0.401920
0.016056
0.896074
0.294639
0.813424
0.961121
0.893656
0.315516
0.945461
0.048489
0.651338
0.114319
0.327321
0.333467
0.469212
0.042868
0.777064
0.803493
0.784427
0.554099
0.882324
0.113926
0.451855
0.761479
0.858099
0.650031
0.911604
0.817313
0.980267
0.054425
0.353931
0.382187
0.070481
0.250005
0.676826
0.883906
0.211126
0.570482
0.199422
0.156587
0.618971
0.850760
0.270906
0.946292
0.184227
0.740118
0.989160
0.961291
0.543611
0.773586
0.515390
0.425935
0.887513
0.967244
0.187413
0.745612
0.617276
0.099018
0.562925
0.597543
0.153443
0.916856
0.979730
0.223924
0.166861
0.656557
0.107830
0.377987
0.227039
0.307252
0.534574
0.846010
0.158012
0.805480
0.792302
0.342239
0.545598
0.781461
0.303530
0.089209
0.555048
0.818920
0.515144
0.442560
0.786164
0.702557
0.188172
0.403440
0.801575
0.751097
0.000983
0.955018
0.667953
0.980713
0.178942
0.834814
0.637270
0.286772
0.212801
0.864309
0.594024
0.747375
0.710319
0.752036
0.552856
0.502621
0.094275
0.098454
0.284082
0.397805
0.187663
0.839130
0.216725
0.702807
0.281690
0.002889
0.405364
0.469863
0.406329
0.206939
0.220959
0.407312
0.161957
0.888912
0.388025
0.340899
0.723726
0.025295
0.627671
0.936527
0.889604
0.221696
0.683902
0.599923
0.973732
0.236758
0.102544
0.068007
0.335212
0.386626
0.465813
0.522875
0.225756
0.682538
0.225682
0.507446
0.685427
0.631046
0.977309
0.091756
0.837985
0.198268
0.499068
0.999942
0.087180
0.887093
0.340842
0.810906
0.912388
0.968513
0.747433
0.801992
0.190208
0.431335
0.401915
0.163940
0.668092
0.504459
0.231948
0.003304
0.891085
0.697760
0.526179
0.116841
0.380298
0.751861
0.624287
0.065725
0.382907
0.601595
0.157481
0.220893
0.799863
0.656549
0.220835
0.887043
0.543642
0.561676
0.697949
0.456031
0.530189
0.445382
0.258023
0.720398
0.876716
0.659939
0.884338
0.544808
0.164398
0.116286
0.548112
0.055483
0.814046
0.074291
0.172323
0.194344
0.826152
0.796610
0.260069
0.209059
0.398206
0.417550
0.429952
0.198069
0.074099
0.650786
0.085113
0.617742
0.212463
0.783062
0.073772
0.742652
0.228443
0.331796
0.463050
0.105160
0.991734
0.347388
0.649968
0.156132
0.463673
0.198080
0.211615
0.277720
0.272372
0.383938
0.472064
0.098524
0.180548
0.732133
0.307583
0.578754
0.149683
0.737534
0.776823
0.223782
0.388321
0.861936
0.841524
0.600783
0.644997
0.915297
0.343436
0.873441
0.247092
0.806486
0.978601
0.238827
0.153873
0.628569
0.394959
0.617547
0.826649
0.606574
0.895266
0.099021
0.990512
0.367330
0.197544
0.171060
0.099463
0.505127
0.749814
0.249146
0.242661
0.526638
0.472929
0.630982
0.388573
0.314453
0.231765
0.033571
0.229749
0.575201
0.907012
0.476842
0.381686
0.885612
0.715669
0.535560
0.514181
0.110627
0.153106
0.340830
0.717201
0.048373
0.439851
0.707713
0.415703
0.637396
0.878773
0.515165
0.142523
0.628588
0.764312
0.385184
0.155225
0.237240
0.016165
0.543799
0.551693
0.247930
0.577369
0.781442
0.823131
0.484381
0.258284
0.204817
0.369993
0.973953
0.740377
0.884174
0.084580
0.893483
0.225005
0.801781
0.941856
0.664856
0.509494
0.357558
0.302252
0.388267
0.872724
0.444774
0.016855
0.637035
0.829958
0.172080
0.874275
0.846123
0.715879
0.425968
0.094053
0.293248
0.207411
0.917184
0.777629
0.465695
0.122001
0.147623
0.439647
0.862378
0.031797
0.524227
0.755861
0.256802
0.326008
0.697717
0.921658
0.835502
0.055275
0.223909
0.223770
0.927999
0.668683
0.240625
0.565034
0.498641
0.412705
0.439310
0.344764
0.128584
0.865278
0.438817
0.421833
0.072689
0.356002
0.199462
0.538384
0.478003
0.347085
0.978031
0.340381
0.378882
0.502258
0.096242
0.635683
0.828266
0.793959
0.557341
0.663769
0.849235
0.781250
0.887539
0.777234
0.449933
0.128164
0.342268
0.948574
0.540869
0.781578
0.293339
0.669454
0.646856
0.732156
0.091286
0.719545
0.088157
0.290749
0.257929
0.566160
0.637833
0.235959
0.906541
0.016715
0.738217
0.002784
0.652398
0.566484
0.796743
0.209739
0.230252
0.645978
0.990989
0.117791
0.423211
0.440922
0.245955
0.765479
0.389497
0.786824
0.547057
0.682835
0.456277
0.193914
0.414991
0.547564
0.913459
0.503148
0.838312
0.171387
0.069309
0.476146
0.407347
0.975850
0.492860
0.145564
0.978634
0.145258
0.712048
0.775377
0.354997
0.942300
0.421355
0.345986
0.060091
0.844566
0.786908
0.306045
0.610046
0.176405
0.092869
0.157103
0.859240
0.549147
0.351017
0.274231
0.096710
0.264475
0.777379
0.935023
0.435863
0.846688
0.411168
0.843210
0.822538
0.904029
0.988774
0.801172
0.049287
0.700821
0.576549
0.404284
0.643121
0.997904
0.750270
0.703212
0.842470
0.537178
0.009258
0.452516
0.713583
0.102127
0.609619
0.572823
0.651274
0.960636
0.847053
0.747984
0.225111
0.624433
0.683007
0.660974
0.471121
0.094175
0.504183
0.293659
0.998204
0.492957
0.094831
0.047491
0.193778
0.671380
0.451775
0.836900
0.669284
0.202045
0.540112
0.511754
0.739224
0.549370
0.964270
0.452807
0.651497
0.573889
0.025630
0.302771
0.534525
0.872683
0.050755
0.759636
0.497116
0.733762
0.420609
0.968236
0.827937
0.924793
0.261895
0.826141
0.417749
0.356726
0.873632
0.611528
0.028106
0.325407
0.448428
0.697390
0.527453
0.988540
0.209145
0.266677
0.537910
0.173415
0.719484
0.189407
0.747304
0.745113
0.492178
0.281829
0.617797
0.542933
0.041465
0.114912
0.276695
0.462074
0.083149
0.104632
0.386867
0.345044
0.930773
0.804616
0.701769
0.804406
0.416144
0.729875
0.129813
0.864571
0.427265
0.657266
0.853111
0.636410
0.923943
0.391021
0.809825
0.643426
0.580428
0.557129
0.388540
0.072606
0.838958
0.006336
0.615539
0.880422
0.121249
0.892233
0.342497
0.204397
0.996866
0.729363
0.549441
0.927639
0.533979
0.251210
0.732045
0.950123
0.981085
0.861858
0.814694
0.408351
0.519124
0.667805
0.044761
0.443066
0.058826
0.854586
0.086493
0.639254
0.411715
0.475032
0.711860
0.250673
0.481368
0.327398
0.131095
0.602617
0.219632
0.473592
0.807014
0.216497
0.202955
0.356455
0.144136
0.736934
0.607665
0.876181
0.687057
0.588750
0.738038
0.501751
0.997101
0.257162
0.169556
0.041862
0.700228
0.228382
0.896448
0.786721
0.867636
0.308162
0.261753
0.579496
0.558835
0.743121
0.906894
0.689930
0.345738
0.126525
0.163522
0.152752
0.343022
0.366476
0.509207
0.487159
0.103410
0.116871
0.363339
0.790467
0.705622
0.101378
0.292218
0.702722
0.358540
0.461774
0.744584
0.058768
0.690156
0.641032
0.845488
0.557792
0.949194
0.107241
0.137288
0.508029
0.850362
0.044182
0.197959
0.196100
0.170707
0.361481
0.348853
0.513730
0.727957
0.858059
0.000888
0.831367
0.974931
0.364228
0.621834
0.680552
0.465605
0.914052
0.383275
0.824145
0.375826
0.127859
0.882913
0.065982
0.768891
0.728401
0.623775
0.718086
0.835642
0.761063
0.226115
0.686004
0.805245
0.424075
0.882105
0.975952
0.785556
0.230957
0.489682
0.513513
0.089017
0.490571
0.344881
0.063948
0.854798
0.966715
0.744500
0.320404
0.880767
0.127775
0.144549
0.256593
0.255634
0.027461
0.322575
0.024525
0.755862
0.946350
0.742611
0.591504
0.707412
0.968727
0.277508
0.512657
0.392801
0.159613
0.488609
0.178357
0.390570
0.978291
0.691870
0.479587
0.468862
0.036751
0.543534
0.323660
0.003466
0.288034
0.644064
0.884233
0.415809
0.788612
0.140825
0.671443
0.816074
0.463400
0.695968
0.571936
0.409750
0.438580
0.163440
0.117162
0.407306
0.440948
0.629819
0.800108
0.600561
0.118428
0.978465
0.991131
0.096720
0.670335
0.470718
0.565581
0.707086
0.014253
0.889241
0.710552
0.302287
0.533305
0.594784
0.718096
0.321918
0.735609
0.389539
0.137991
0.199010
0.085508
0.709927
0.608760
0.524087
0.873366
0.725922
0.931393
0.314315
0.355741
0.731501
0.914876
0.474169
0.709966
0.906007
0.570889
0.380301
0.376725
0.136470
0.087387
0.390978
0.025712
0.797938
0.693265
0.559017
0.392723
0.411361
0.880934
0.128332
0.800900
0.018925
0.327342
0.886407
0.728852
0.936101
0.410495
0.602219
0.662023
0.341888
0.916533
0.017764
0.073389
0.831409
0.491933
0.783355
0.737416
0.062822
0.163656
0.114141
0.199292
0.251042
0.505118
0.225003
0.048981
0.198383
0.784020
0.441703
0.609744
0.664955
0.570035
0.410644
0.683880
0.897377
0.297051
0.412732
0.833478
0.707546
0.014951
0.495501
0.049434
0.931484
0.513265
0.122823
0.762893
0.005198
0.906178
0.500308
0.068019
0.069833
0.614449
0.267311
0.320876
0.119567
0.492314
0.369857
0.317951
0.276335
0.811560
0.927694
0.941289
0.381596
0.338338
0.625169
0.278973
0.635389
0.037902
0.112451
0.342934
0.052852
0.607952
0.392368
0.984336
0.121217
0.515191
0.747229
0.126415
0.421369
0.247537
0.194434
0.491202
0.861986
0.461745
0.812078
0.981554
0.954060
0.181935
0.299504
0.230394
0.993495
0.227199
0.171684
0.375091
0.565537
0.796853
0.654063
0.200926
0.834755
0.766514
0.543860
0.887607
0.374466
0.936228
0.871943
0.495684
0.451419
0.619172
0.622098
0.872788
0.866710
0.816532
0.363990
0.728696
0.278278
0.176068
0.710250
0.232337
0.358003
0.009755
0.462731
0.351498
0.236953
0.634415
0.726588
0.802490
0.431268
0.380652
0.003415
0.266022
0.147166
0.547275
0.153629
0.521632
0.483504
0.025573
0.017316
0.934923
0.644745
0.639414
0.807711
0.511455
0.455947
0.171701
0.240151
0.734225
0.347769
0.950401
0.966562
0.705772
0.960156
0.429293
0.057270
0.197109
0.063708
0.783858
0.999599
0.494976
0.164510
0.003014
0.760999
0.311676
0.550289
0.914628
0.833309
0.033793
0.940201
0.850625
0.968716
0.584946
0.490039
0.776427
0.096400
0.945986
0.948128
0.336551
0.680210
0.295896
0.286952
0.646772
0.001668
0.247108
0.076065
0.058938
0.444217
0.139773
0.842796
0.443815
0.634749
0.007306
0.446830
0.395748
0.318982
0.997119
0.310376
0.152291
0.030912
0.250577
0.002916
0.999628
0.835522
0.492954
0.776055
0.931922
0.438940
0.724182
0.268474
0.119151
0.020078
0.555426
0.765923
0.021747
0.802534
0.841988
0.080685
0.246751
0.981761
0.923481
0.690566
0.616511
0.930788
0.137396
0.012259
0.249770
0.134515
0.322635
0.402061
0.165427
0.573211
0.404977
0.165054
0.408733
0.897931
0.941109
0.340656
0.336871
0.665291
0.609129
0.456022
0.685369
0.164555
0.221945
0.707116
0.967089
0.063933
0.787801
0.213840
0.045694
0.711282
0.904406
0.662205
0.642070
0.041801
0.674464
0.891840
0.176316
0.997098
0.293901
0.341742
0.570310
0.698878
0.506797
0.979043
0.596809
0.447906
0.319699
0.933680
0.113197
0.928828
0.389702
0.798566
0.093383
0.611647
0.505682
0.060472
0.675580
0.293483
0.274312
0.721275
0.004766
0.178718
0.383479
0.646836
0.220519
0.057943
0.538676
0.396835
0.055041
0.832577
0.738577
0.625351
0.531455
0.245374
0.604394
0.128264
0.693279
0.924093
0.061944
0.806476
0.852920
0.451646
0.605042
0.946303
0.063294
0.110724
0.006776
0.738874
0.404207
0.281087
0.460148
0.408973
0.459805
0.843628
0.055808
0.680324
0.901571
0.594484
0.077158
0.956612
0.427061
0.815735
0.581963
0.958516
0.061109
0.186357
0.086780
0.754388
0.110450
0.148724
0.560864
0.963370
0.600370
0.165906
0.909674
0.663663
0.276629
0.916449
0.402537
0.680836
0.197537
0.862686
0.089809
0.657342
0.706313
0.145618
0.337665
0.607884
0.740102
0.414824
0.564497
0.167163
0.230559
0.146460
0.125680
0.291668
0.332818
0.212459
0.046056
0.443268
0.361183
0.606920
0.406638
0.961553
0.772825
0.316312
0.625216
0.049454
0.232761
0.027753
0.730291
0.430298
0.890439
0.820100
0.087639
0.596752
0.965718
0.425305
0.204637
0.705820
0.840128
0.769134
0.872983
0.070687
0.915594
0.998663
0.362355
0.248412
0.211122
0.408410
0.691679
0.572305
0.015330
0.098317
0.533858
0.788155
0.414629
0.159074
0.837609
0.647390
0.186827
0.567900
0.077688
0.077266
0.388000
0.165327
0.674019
0.353718
0.590632
0.878655
0.059538
0.430760
0.647789
0.932521
0.501447
0.563383
0.931184
0.863802
0.811795
0.142306
0.272212
0.503474
0.714611
0.287542
0.601791
0.248469
0.075697
0.016420
0.407543
0.913306
0.663810
0.594370
0.481206
0.741498
0.671636
0.869206
0.906826
0.345655
0.222924
0.497458
0.224310
0.282462
0.928218
0.872099
0.214983
0.429665
0.435482
0.146166
0.293467
0.247276
0.288472
0.565679
0.750750
0.003083
0.853221
0.352541
0.251551
0.928918
0.368962
0.659094
0.842224
0.032772
0.253464
0.323430
0.774271
0.925100
0.192636
0.681096
0.270755
0.415561
0.178554
0.495065
0.698023
0.106772
0.367163
0.913006
0.536437
0.802645
0.059172
0.829904
0.049921
0.347644
0.395583
0.800672
0.350727
0.248804
0.153213
0.602278
0.177722
0.522175
0.261372
0.019946
0.554947
0.514836
0.343376
0.329218
0.439936
0.536013
0.010314
0.710691
0.951573
0.188868
0.205755
0.649596
0.295640
0.572919
0.562602
0.832077
0.375564
0.621774
0.661981
0.425485
0.969418
0.057564
0.226157
0.320145
0.306369
0.379370
0.922423
0.484091
0.901545
0.183795
0.504037
0.456492
0.698631
0.847413
0.785709
0.138567
0.383426
0.796023
0.849258
0.335000
0.984891
0.055013
0.984596
0.280531
0.627932
0.547198
0.112608
0.003496
0.168972
0.774589
0.428981
0.138389
0.832154
0.655138
0.458534
0.138523
0.034508
0.380957
0.622614
0.936052
0.564752
0.126651
0.392544
0.263383
0.974064
0.178253
0.401949
0.357491
0.974276
0.251207
0.692490
0.959167
0.306220
0.677086
0.239698
0.934152
0.224284
0.352306
0.937647
0.393255
0.126895
0.366628
0.531645
0.959049
0.021766
0.990179
0.097572
0.056274
0.371136
0.720185
0.992327
0.935888
0.846836
0.384870
0.199270
0.820901
0.563124
0.601220
0.178391
0.537400
0.852427
0.870881
0.496567
0.158647
0.547967
0.736265
0.092798
0.772251
0.088572
0.030446
0.165506
0.215467
0.397074
0.697151
0.174516
0.418840
0.687330
0.272088
0.475114
0.058466
0.992274
0.467441
0.994353
0.839110
0.852311
0.193623
0.660011
0.415435
0.794843
0.838402
0.952835
0.647270
0.709283
0.449402
0.805916
0.257251
0.185667
0.898715
0.029502
0.274239
0.929160
0.195008
0.489706
0.326234
0.892159
0.664222
0.745074
0.579488
0.936310
0.220189
0.637954
0.928584
0.687630
0.632307
0.767694
0.539941
0.825930
0.427705
0.955376
0.620773
0.266107
0.908211
0.268043
0.975390
0.357613
0.073960
0.232640
0.543281
0.972674
0.262142
0.817520
0.901834
0.457150
0.307226
0.228068
0.349308
0.971448
0.973143
0.928797
0.907758
0.193331
0.566750
0.836343
0.880961
0.199057
0.604037
0.420902
0.024987
0.031741
0.376278
0.645761
0.297848
0.284489
0.913804
0.273238
0.642103
0.987764
0.505878
0.185383
0.960438
0.768020
0.002903
0.862272
0.225170
0.310128
0.090340
0.574478
0.281576
0.063482
0.503275
0.189335
0.256814
0.070025
0.025677
0.137775
0.269082
0.629714
0.558677
0.294070
0.661455
0.934955
0.939830
0.959303
0.219445
0.853634
0.232540
0.861547
0.841398
0.738418
0.046931
0.801836
0.506438
0.049833
0.664107
0.731608
0.359962
0.754447
0.306086
0.641538
0.817930
0.809361
0.830873
0.074743
0.879386
0.856551
0.212518
0.148468
0.486265
0.771195
0.442537
0.147720
0.706150
0.382368
0.107023
0.925595
0.236002
0.339563
0.787143
0.077400
0.077981
0.834073
0.879235
0.584420
0.883907
0.543343
0.316028
0.243869
0.297790
0.622114
0.885407
0.115720
0.431475
0.716281
0.190463
0.310861
0.572831
0.402981
0.459329
0.059096
0.174176
0.901866
0.206816
0.880327
0.284234
0.313839
0.805922
0.520236
0.653402
0.593065
0.597635
0.731383
0.427138
0.476871
0.315803
0.311045
0.020214
0.631831
0.554913
0.318004
0.253945
0.440321
0.433723
0.685420
0.156601
0.624186
0.996281
0.729433
0.027167
0.455610
0.788529
0.201343
0.357476
0.995345
0.081670
0.641709
0.309184
0.887592
0.161945
0.962586
0.480656
0.759580
0.693969
0.907794
0.236451
0.009773
0.218839
0.256665
0.641604
0.773752
0.574668
0.895549
0.214073
0.008392
0.580970
0.370674
0.632578
0.577251
0.100107
0.659745
0.032861
0.888636
0.861088
0.390337
0.883981
0.942758
0.032046
0.193165
0.830350
0.193991
0.155751
0.311006
0.953571
0.849720
0.218800
0.190022
0.859493
0.437639
0.446687
0.501097
0.211391
0.021356
0.396646
0.425464
0.029747
0.977616
0.796138
0.662325
0.554867
0.896245
0.322069
0.587728
0.784881
0.183157
0.978065
0.668862
0.125915
0.010111
0.862027
0.956265
0.204102
0.017778
0.267270
0.157673
0.867498
0.486071
0.347695
0.726991
0.923709
0.794382
0.228088
0.135101
0.815738
0.624734
0.560565
0.845485
0.602350
0.356703
0.507810
0.157217
0.252949
0.829879
0.744945
0.037830
0.013036
0.723010
0.706692
0.138951
0.733121
0.568718
0.095216
0.937223
0.586496
0.362486
0.094896
0.453994
0.848557
0.442591
0.180985
0.772266
0.236973
0.409072
0.907367
0.052711
0.033806
0.467932
0.898196
0.636156
0.824635
0.406006
0.793373
0.077584
0.235885
0.538319
0.115413
0.248922
0.261329
0.822105
0.387873
0.994450
0.390823
0.483089
0.931673
0.977319
0.845575
0.026569
0.431313
0.694132
0.469160
0.612298
0.466399
0.706133
0.021370
0.373766
0.758844
0.055176
0.841698
0.657040
0.691332
0.666333
0.063046
0.484705
0.743916
0.298932
0.023023
0.859330
0.547854
0.284352
0.681435
0.935727
0.278803
0.072258
0.418816
0.210476
0.049578
0.264391
0.237045
0.480891
0.958524
0.706205
0.093189
0.424923
0.412338
0.114559
0.798688
0.171182
0.169735
0.640386
0.828223
0.861066
0.306719
0.891269
0.345771
0.050635
0.190201
0.368794
0.909965
0.738055
0.653146
0.591399
0.673782
0.931949
0.663658
0.092597
0.142425
0.713235
0.356989
0.379470
0.194126
0.315513
0.085675
0.287315
0.740435
0.498014
0.401874
0.539123
0.669196
0.571608
0.179509
0.497419
0.432675
0.486228
0.388688
0.778446
0.536863
0.578889
0.147240
0.446828
0.316944
0.800386
0.038227
0.990726
0.732335
0.701885
0.083323
0.874760
0.415120
0.440312
0.254230
0.609246
0.755825
0.339905
0.896561
0.496260
0.837919
0.298435
0.035383
0.507115
0.870043
0.214893
0.004534
0.302717
0.701121
0.393222
0.081163
0.237984
0.972111
0.228403
0.684811
0.289055
0.028789
0.723038
0.279780
0.761124
0.424923
0.363103
0.635884
0.840043
0.803415
0.890115
0.449289
0.559240
0.230020
0.345850
0.055499
0.067939
0.644285
0.090882
0.575054
0.514328
0.305775
0.579587
0.817045
0.006895
0.972809
0.898208
0.244879
0.944920
0.126611
0.929690
0.233974
0.155400
0.652729
0.513754
0.916524
0.077652
0.876858
0.552409
0.917695
0.680273
0.442523
0.366984
0.239512
0.672543
0.712834
0.295011
0.740482
0.357119
0.385894
0.315536
0.871446
0.691669
0.895123
0.688492
0.698564
0.867931
0.586700
0.943443
0.812851
0.713311
0.873134
0.046825
0.868712
0.525862
0.560580
0.785236
0.603514
0.437437
0.337645
0.521208
0.117710
0.780168
0.888192
0.357222
0.452711
0.601026
0.652233
0.193193
0.958144
0.038127
0.508729
0.829591
0.729796
0.403852
0.518083
0.428360
0.271783
0.104783
0.371804
0.084634
0.818094
0.244937
0.131459
0.686806
0.770799
0.692039
0.472042
0.374313
0.129476
0.809687
0.895521
0.247186
0.589855
0.783713
0.604408
0.042566
0.384739
0.256642
0.235760
0.342883
0.294769
0.744489
0.172474
0.024565
0.148341
0.690557
0.452925
0.420124
0.795340
0.824729
0.504758
0.613434
0.069666
0.636217
0.300240
0.840465
0.328257
0.772282
0.214778
0.457733
0.581968
0.110299
0.704919
0.171823
0.894012
0.309327
0.214390
0.278751
0.565969
0.450149
0.621635
0.860738
0.194638
0.794109
0.885303
0.342979
0.484666
0.338228
0.763102
0.280006
0.162956
0.267860
0.893440
0.232622
0.904078
0.193680
0.073087
0.232334
0.965962
0.287865
0.690067
0.547930
0.398165
0.394986
0.719753
0.292177
0.704314
0.934143
0.570928
0.270282
0.384292
0.192563
0.131020
0.578930
0.986672
0.016322
0.921909
0.471338
0.354550
0.685011
0.751344
0.517507
0.952872
0.644784
0.750129
0.856950
0.838464
0.823216
0.089284
0.804425
0.111082
0.779351
0.352355
0.509246
0.174338
0.072108
0.801423
0.878651
0.006251
0.372352
0.148934
0.390543
0.564915
0.279954
0.969473
0.551587
0.296276
0.891382
0.022926
0.650826
0.576393
0.774270
0.168333
0.529265
0.419054
0.918462
0.386214
0.257518
0.741678
0.475498
0.061943
0.852760
0.254850
0.414299
0.362006
0.429188
0.486407
0.163429
0.307839
0.492658
0.535781
0.456773
0.883201
0.100696
0.736727
0.852673
0.652283
0.033003
0.744055
0.675209
0.683829
0.320448
0.449478
0.852162
0.849712
0.868532
0.770624
0.235927
0.126050
0.512302
0.711425
0.187993
0.365061
0.966275
0.602292
0.727067
0.395463
0.088699
0.890496
0.703302
0.581357
0.426277
0.160074
0.464557
0.526973
0.896801
0.317231
0.179256
0.929804
0.061286
0.854464
0.613633
0.381733
0.303943
0.465795
0.231446
0.172475
0.236419
0.467372
0.298525
0.748721
0.178797
0.486519
0.113782
0.145072
0.088811
0.840849
0.540534
0.177510
0.731345
0.243836
0.758867
0.157622
0.403911
0.223424
0.684595
0.300712
0.540655
0.863851
0.230515
0.601940
0.718315
0.844148
0.983674
0.022258
0.309944
0.215119
0.194733
0.546363
0.682491
0.493258
0.295083
0.861288
0.979777
0.408866
0.006360
0.068588
0.249715
0.546895
0.246098
0.981060
0.790731
0.004964
0.138683
0.194641
0.228388
0.823278
0.495353
0.769043
0.687128
0.725868
0.370983
0.405443
0.570017
0.354657
0.427701
0.879960
0.569776
0.622434
0.426323
0.252267
0.115692
0.721406
0.113556
0.095469
0.130272
0.119916
0.164056
0.379987
0.666810
0.410154
0.361047
0.457541
0.415118
0.499730
0.652182
0.643506
0.323007
0.147535
0.412549
0.010135
0.873403
0.783533
0.415578
0.443420
0.138189
0.843279
0.323380
0.707965
0.465713
0.749703
0.960232
0.581405
0.471109
0.073788
0.676873
0.601381
0.193704
0.840930
0.981368
0.860514
0.251084
0.342414
0.318055
0.666202
0.842144
0.970238
0.309708
0.165151
0.117773
0.722258
0.175286
0.991176
0.505790
0.590865
0.434596
0.643980
0.434144
0.757977
0.351945
0.899857
0.507680
0.312177
0.481261
0.978789
0.385965
0.158134
0.580170
0.579669
0.999064
0.561538
0.440183
0.250148
0.903952
0.758239
0.916349
0.746096
0.728476
0.226058
0.911247
0.846249
0.948316
0.086534
0.837425
0.454106
0.677398
0.272021
0.098086
0.111542
0.029998
0.450031
0.011399
0.537678
0.762208
0.492660
0.516467
0.148174
0.650794
0.096637
0.727843
0.649858
0.658174
0.168026
0.900006
0.562126
0.926265
0.816355
0.308222
0.654741
0.042413
0.219470
0.500990
0.990728
0.306003
0.338414
0.444834
0.983402
0.610436
0.542920
0.094944
0.640434
0.992950
0.106343
0.178111
0.755159
0.599003
0.694578
0.903332
0.249797
0.791215
0.631175
0.899655
0.449389
0.799201
0.799661
0.011515
0.725466
0.616016
0.319737
0.380207
0.658429
0.539207
0.881196
0.649157
0.845211
0.219611
0.093992
0.828612
0.830046
0.636912
0.923557
0.470480
0.629862
0.029900
0.648591
0.385021
0.628903
0.343169
0.288353
0.878700
0.134383
0.919528
0.778355
0.583772
0.718729
0.578016
0.595287
0.444195
0.194032
0.915024
0.824401
0.852461
0.454231
0.705597
0.501618
0.299442
0.925208
0.595610
0.128055
0.755254
0.232522
0.051611
0.225734
0.862384
0.081511
0.874325
0.247405
0.710414
0.217494
0.535757
0.589113
0.351877
0.455285
0.367468
0.935649
0.174014
0.945484
0.530936
0.618209
0.139516
0.445960
0.442611
0.991977
0.900191
0.148208
0.493595
0.199633
0.073416
0.089205
0.327688
0.828670
0.321727
0.379299
0.054404
0.184111
0.460810
0.928729
0.431516
0.171224
0.146223
0.967273
0.760337
0.498099
0.422558
0.127806
0.433748
0.596573
0.073290
0.964684
0.214782
0.212806
0.410644
0.657392
0.204783
0.310835
0.805601
0.698378
0.510469
0.879017
0.787584
0.838157
0.707687
0.109311
0.217456
0.762091
0.293422
0.678266
0.690820
0.724938
0.849490
0.837043
0.692211
0.609827
0.335142
0.114769
0.737633
0.768891
0.711342
0.810923
0.733574
0.926124
0.023729
0.144218
0.583516
0.228512
0.455053
0.389117
0.926890
0.965522
0.268133
0.714474
0.803679
0.975820
0.823785
0.021135
0.737912
0.117207
0.699401
0.428732
0.842144
0.548891
0.265775
0.534355
0.158718
0.600918
0.649124
0.896351
0.369808
0.360466
0.707273
0.103383
0.286590
0.731002
0.247601
0.870106
0.959514
0.702654
0.259223
0.886403
0.668176
0.527356
0.600877
0.471854
0.503177
0.424662
0.492989
0.241088
0.541868
0.192390
0.669820
0.384013
0.741280
0.935596
0.918367
0.899998
0.536513
0.567492
0.796349
0.906322
0.927958
0.503622
0.009704
0.214547
0.234624
0.257305
0.084654
0.194138
0.959958
0.343876
0.080541
0.628134
0.871233
0.681418
0.099988
0.374410
0.106080
0.592977
0.615498
0.647948
0.785367
0.285318
0.031961
0.526647
0.220914
0.950328
0.426645
0.757427
0.517820
0.222994
0.663749
0.445777
0.726616
0.673453
0.660325
0.961241
0.930758
0.744978
0.155379
0.890716
0.088854
0.235920
0.518850
0.960087
0.917338
0.618838
0.334497
0.023418
0.211816
0.949995
0.671366
0.997182
0.235313
0.703327
0.523829
0.456228
0.653655
0.950474
0.213655
0.171474
0.173468
0.877404
0.617251
0.900085
0.550857
0.277576
0.861326
0.481615
0.022554
0.016704
0.372331
0.111409
0.252624
0.891181
0.071496
0.169962
0.510019
0.405993
0.193380
0.721835
0.355988
0.864746
0.719017
0.591301
0.568072
0.242846
0.047529
0.221727
0.193321
0.261184
0.393201
0.366789
0.138588
0.010453
0.266874
0.689445
0.288029
0.128199
0.171060
0.310583
0.144903
0.543390
0.421991
0.397527
0.434571
0.493487
0.567489
0.944590
0.899480
0.760869
0.666425
0.255468
0.625615
0.385442
0.846769
0.193687
0.628288
0.894298
0.415414
0.821609
0.155481
0.808616
0.188398
0.294069
0.819069
0.455271
0.983514
0.107098
0.583471
0.154574
0.417681
0.728374
0.697964
0.839672
0.125901
0.132535
0.333160
0.693391
0.077125
0.232640
0.454260
0.743550
0.488107
0.079874
0.128992
0.334876
0.273562
0.757281
0.229174
0.688976
0.578889
0.384656
0.497592
0.767287
0.678725
0.316660
0.222558
0.662239
0.423758
0.806029
0.816813
0.841439
0.534403
0.514777
0.681111
0.660305
0.647312
0.014270
0.353695
0.724438
0.246910
0.807955
0.467988
0.735017
0.887829
0.596980
0.069894
0.161391
0.354261
0.299068
0.850367
0.933150
0.683724
0.347958
0.700437
0.362449
0.664618
0.922996
0.024688
0.088376
0.729025
0.841501
0.929815
0.263428
0.356278
0.610926
0.923733
0.003590
0.625196
0.277428
0.728027
0.872106
0.085383
0.196015
0.607124
0.973213
0.792996
0.677017
0.134603
0.147257
0.976086
0.984970
0.080407
0.659809
0.332928
0.780845
0.022258
0.997547
0.703841
0.046946
0.085923
0.432866
0.888447
0.015738
0.696294
0.244724
0.626664
0.620027
0.248314
0.251860
0.897455
0.976341
0.123966
0.982838
0.172356
0.731090
0.956050
0.965352
0.408107
0.090654
0.112609
0.384193
0.075624
0.193016
0.044002
0.408552
0.973861
0.066260
0.406099
0.677702
0.113206
0.492022
0.110567
0.001653
0.507760
0.806861
0.246377
0.134423
0.426887
0.494691
0.386283
0.324342
0.471031
0.510249
0.307180
0.643388
0.241339
0.263230
0.608740
0.649446
0.353884
0.721348
0.033639
0.429508
0.914365
0.077641
0.838060
0.888225
0.143901
0.244159
0.565927
0.257107
0.736181
0.676494
0.258760
0.243940
0.483355
0.505137
0.378364
0.910242
0.999827
0.764647
0.234584
0.470859
0.274896
0.541764
0.114246
0.516235
0.804995
0.722986
0.165681
0.158879
0.444334
0.199320
0.588387
0.358699
0.276960
0.426447
0.246924
0.420861
0.670606
0.812851
0.677968
0.406787
0.489345
0.936728
0.650727
0.972700
0.441864
0.029091
0.882943
0.441691
0.793738
0.117527
0.912550
0.068634
0.659292
0.026796
0.584870
0.464287
0.749782
0.750551
0.623166
0.194116
0.949871
0.211553
0.552815
0.226831
0.638000
0.799739
0.647692
0.308606
0.612590
0.325660
0.715393
0.101935
0.262388
0.366120
0.074636
0.704252
0.395211
0.957579
0.145943
0.188949
0.075106
0.058493
0.257584
0.734397
0.085289
0.842454
0.198684
0.835071
0.593005
0.821849
0.029187
0.542875
0.033402
0.582001
0.769706
0.671403
0.381740
0.417398
0.980009
0.994330
0.743059
0.695402
0.096265
0.005447
0.061523
0.170901
0.709699
0.456734
0.128480
0.855642
0.645683
0.203586
0.914135
0.903267
0.937983
0.999425
0.745721
0.136667
0.834496
0.338725
0.958516
0.863682
0.881601
0.991919
0.445684
0.651307
0.663321
0.827424
0.068705
0.643330
0.821754
0.811764
0.338732
0.918019
0.817210
0.400255
0.088921
0.526909
0.856989
0.217400
0.382551
0.502673
0.420986
0.296686
0.405940
0.358969
0.296111
0.151661
0.495635
0.130607
0.490386
0.454152
0.994289
0.371987
0.446070
0.439972
0.023293
0.109391
0.267396
0.091999
0.752721
0.089150
0.903762
0.091454
0.007169
0.720973
0.491709
0.096090
0.247882
0.348698
0.313490
0.630433
0.851371
0.734476
0.927119
0.257311
0.093445
0.223230
0.408972
0.589080
0.353837
0.899358
0.043232
0.348126
0.271345
0.489302
0.788098
0.294638
0.598693
0.055494
0.386637
0.351415
0.144644
0.290399
0.442868
0.151814
0.011372
0.934577
0.247903
0.259254
0.283276
0.561393
0.889687
0.134647
0.295869
0.816806
0.391958
0.389314
0.040037
0.800930
0.978394
0.393874
0.700288
0.021626
0.741999
0.971633
0.510928
0.530098
0.266271
0.109621
0.585592
0.652908
0.461036
0.730237
0.943307
0.903904
0.882050
0.954679
0.838481
0.129953
0.213933
0.121757
0.691347
0.103620
0.256404
0.987216
0.920426
0.648362
0.376530
0.960463
0.449291
0.354923
0.354336
0.149579
0.376549
0.096336
0.121212
0.887477
0.626433
0.387483
0.997097
0.212026
0.040391
0.458133
0.942262
0.983698
0.362037
0.824312
0.938377
0.200518
0.954266
0.152309
0.322275
0.645613
0.255929
0.578679
0.632828
0.176355
0.227040
0.009358
0.136818
0.676332
0.364282
0.491154
0.825911
0.740831
0.587490
0.947123
0.628307
0.213923
0.334607
0.625404
0.425949
0.374997
0.083537
0.368211
0.358695
0.445574
0.192523
0.297072
0.646092
0.146789
0.449381
0.968368
0.792402
0.705310
0.547046
0.425230
0.881665
0.774087
0.434588
0.018483
0.450419
0.798870
0.509637
0.276330
0.539700
0.097127
0.223453
0.168007
0.311050
0.558060
0.793412
0.736998
0.933057
0.876949
0.105209
0.291752
0.322523
0.297733
0.588824
0.968615
0.444522
0.038205
0.936983
0.236924
0.743515
0.484029
0.662154
0.625180
0.258116
0.096742
0.643663
0.708535
0.895611
0.153300
0.984865
0.435312
0.250427
0.208318
0.603319
0.561476
0.766378
0.396730
0.298475
0.699435
0.273679
0.403684
0.991187
0.596203
0.701417
0.580011
0.564818
0.145939
0.618215
0.501801
0.382862
0.361730
0.985830
0.045016
0.986910
0.243947
0.141758
0.630573
0.952481
0.037369
0.783873
0.937346
0.472681
0.034300
0.145664
0.076000
0.595776
0.912042
0.472730
0.894251
0.611477
0.746410
0.297936
0.602664
0.342612
0.999353
0.182675
0.907430
0.145291
0.800890
0.409231
0.528154
0.162621
0.395062
0.573170
0.149531
0.639008
0.714928
0.780104
0.591490
0.752297
0.563978
0.528836
0.224978
0.598278
0.674500
0.300978
0.194054
0.586542
0.773708
0.088306
0.198019
0.520118
0.386241
0.800683
0.862730
0.385594
0.983358
0.770160
0.530885
0.784249
0.179391
0.059039
0.946869
