1.415666
-2.967661
-0.594374
0.889855
-0.506785
0.080608
-1.009378
-0.479412
-3.275486
-0.505192
-1.895904
-2.320491
0.361054
-0.139276
0.176754
1.277571
-4.937189
-0.708922
0.274949
0.592813
0.003114
1.081605
0.036168
-0.337733
-1.604941
1.550709
-0.118834
-3.045102
0.729104
-2.829519
0.186313
0.321439
-2.203059
1.279754
-0.145974
-0.338423
-0.223970
0.259581
0.403529
-0.177767
1.783881
0.658212
-0.066821
0.145111
-1.043524
-2.329166
-0.155064
-1.023358
-0.528394
-2.335630
1.643078
0.898108
1.417573
-0.171812
-1.184020
3.184473
-0.461972
0.215673
-5.084595
-1.912577
0.291746
0.193800
0.549211
0.451782
-0.107505
-1.249058
-2.571765
1.195379
0.724432
0.524995
-0.626334
0.426814
-0.115786
0.634710
-0.728797
0.278229
0.837682
0.413774
0.921964
-1.852536
0.571990
0.525734
1.384293
0.214800
-1.382236
-2.890563
0.164754
-0.126633
0.287077
0.172081
0.029177
-0.687985
-1.095816
-0.795511
2.010622
0.264406
-0.303642
2.855888
-0.072840
-1.372291
0.432225
0.624176
0.918645
-1.420462
-0.068056
-2.483747
0.662577
-0.690160
0.548665
0.090737
-0.418042
-0.153293
-0.701944
-0.896896
-2.972478
-0.292176
-0.769211
0.226993
0.988040
1.248009
-1.018426
-0.420909
-1.534738
-0.363226
0.114066
-2.505842
2.627870
1.870320
-3.725457
-0.153714
-2.308089
0.470066
-1.133781
1.205280
0.958784
0.295744
1.531653
0.106606
1.416827
0.230800
-1.672045
-0.877425
-2.749180
-0.380553
-0.193966
-2.161462
0.562331
0.338364
0.383064
0.059554
-0.000011
1.137540
1.252690
0.242710
-0.981302
-0.195935
0.352552
-1.195375
-0.403480
0.387443
0.174481
-0.264692
-0.362048
0.657629
-0.759642
-1.161902
-0.303888
-1.379692
0.534454
-0.702265
0.612042
0.920985
-0.092868
0.737596
-1.254016
1.328026
1.013062
1.256942
0.022312
-0.045913
-0.257098
-3.814280
-0.454889
-0.718348
0.271224
0.009385
0.370517
-0.626119
0.373867
3.799308
1.937057
-0.750694
-0.294296
-0.593987
3.078254
0.239387
-0.145012
-0.368308
0.624640
-1.276461
0.207474
-0.080881
2.127761
-2.315875
-0.811837
-1.794245
1.793841
-2.514095
2.134788
-0.155783
0.036727
-0.423086
-0.130339
1.110420
0.153827
-2.159759
-0.385780
-0.793626
-0.430759
4.809938
-0.844398
-0.681440
-0.768107
0.192217
0.059760
-0.872631
-0.947363
2.564232
0.116259
1.912628
-1.599266
-1.213616
-0.255393
-2.489626
-0.926844
0.246737
-1.389524
-1.471937
0.356089
-2.033136
0.089077
-1.091684
-0.240866
3.297472
-5.078361
2.638429
-2.546233
-0.376658
-0.965668
-0.316916
-0.388605
-0.210048
0.266938
0.153026
4.227902
-1.230011
0.820397
-0.985697
-1.535671
-0.401226
-1.489491
-0.873816
-0.033951
0.000099
-0.692554
0.450076
-1.519812
-0.288361
0.896245
0.730522
-0.127362
-0.389898
1.924103
1.097698
-0.446054
1.967710
0.903593
-0.330554
-0.604452
3.713883
0.592248
0.254087
-0.240592
-0.383903
-1.004389
-0.259316
-0.026871
2.603848
0.156371
0.209238
-0.518337
0.462426
0.931795
0.825832
-0.993320
-2.240074
-0.078449
-0.529162
-0.155553
-0.660777
-2.230816
1.333158
0.215146
3.255388
0.515367
1.794115
1.724050
-0.002396
-0.593752
-0.999587
-0.027141
7.092668
0.897487
1.424564
-0.385124
3.186302
-0.633057
1.060892
2.160107
1.126162
-0.171202
-0.733558
0.047061
-0.801167
-3.162337
0.538395
-0.588327
-0.033685
-5.218771
0.529663
0.660344
-2.181654
0.159645
-0.390228
-2.599794
-0.597343
-0.672114
2.262850
0.793805
0.064943
-1.331889
-0.651807
0.064056
1.940621
-1.271217
1.356402
1.687729
-0.208925
0.504623
1.203134
-0.719121
-1.431635
-1.715101
0.761750
-0.374369
-1.503852
-0.051855
0.278363
0.209670
-0.046169
-0.424380
-0.396791
0.070139
1.618119
0.429825
0.153180
-1.044122
1.966148
0.038711
2.301383
-0.080252
0.359463
-0.865163
4.195181
0.172372
-0.354573
1.299552
-0.026965
0.719345
0.131948
-0.395797
-9.119830
0.450250
-0.158891
0.761984
-2.990662
0.078352
-0.728303
0.347053
-1.329878
0.575556
2.945184
-0.065089
-0.682516
1.382846
-1.250501
1.042331
-2.291279
-1.921643
-0.377841
-6.891165
0.071765
4.365229
-0.862751
0.055705
0.157382
0.131787
-0.246504
-2.128482
-0.451925
2.355370
-0.232990
-0.451753
0.311528
1.036343
-1.773301
0.382619
-0.327655
-0.426946
-0.492397
-0.014991
-2.406755
-0.582380
2.552400
-0.518436
-1.178619
-1.567975
-1.415438
-0.894430
-1.036108
-0.074553
-0.891946
0.551792
-0.088343
-0.184095
-0.737589
-2.795746
3.108446
0.300827
-1.714314
-0.524703
0.180246
-0.028144
0.259085
-0.837922
-0.482078
0.507521
1.388439
0.412656
-2.985521
-1.016954
-1.129386
-1.961691
-0.083096
-1.405122
-0.306428
0.258726
-0.790090
-0.021335
1.012819
-0.212405
2.375683
-3.064791
-1.457919
-0.195412
-0.129516
-0.341103
-0.123790
-0.181701
3.532887
0.065768
0.554397
0.145853
-3.327001
-0.424917
0.840079
-0.425567
-2.959627
0.383986
4.768840
-2.279343
1.141168
-1.156004
-1.414810
-0.509466
-0.579679
-0.021180
1.764820
0.013979
3.168507
0.626590
1.728892
2.002352
0.717957
-2.896081
-0.374725
-0.939629
-0.266279
0.846399
0.254406
-0.305161
-0.454610
-0.430468
2.061363
-0.399588
0.362447
0.581683
0.391555
0.439850
-0.274566
0.379074
0.612893
-0.819944
0.994919
1.207948
0.042149
-1.659023
-0.385319
-0.139198
0.228416
-0.449155
-1.091704
0.027090
-0.686868
1.883194
0.085520
0.211497
-1.432676
1.885129
-0.272240
0.622302
-0.535810
0.504788
-2.175976
-0.781073
-2.703621
0.540471
2.292216
0.495868
-0.256968
-0.417245
-0.347484
-1.462693
0.104601
-1.088534
2.700114
-1.961914
-0.640489
-0.489332
0.010702
1.313942
0.289287
0.425089
-0.277114
1.403857
0.215901
1.832165
-0.056591
0.567139
1.165149
1.226394
-0.109651
-1.297116
0.108720
0.009691
-0.313023
0.186307
-0.850572
-0.461732
-0.578143
0.223848
0.341154
0.311158
0.565943
-0.945804
0.926623
0.454095
-0.636850
-2.031442
3.817309
0.775661
1.983316
0.260347
-0.121163
-0.477462
-0.016568
-2.524800
-0.775901
2.638736
0.719345
-1.907758
1.008406
-0.893855
-0.863386
-0.303516
0.542522
0.166013
2.388136
1.870090
1.528578
-0.756858
0.047567
0.074947
1.333855
-0.736829
0.617250
0.416504
1.855382
4.559262
0.638277
1.723839
0.753175
0.406745
0.052173
-0.879428
3.090962
-3.369588
-0.703007
-0.879885
3.295549
-4.825433
-0.574043
0.911682
-0.874432
-0.015139
-1.089541
1.806783
-1.980935
-1.408253
1.144789
2.539528
-0.337281
-0.317231
-0.006719
-0.797955
0.231670
-0.789928
1.564948
0.051713
-0.813266
0.304760
-0.136944
3.594972
-0.516030
2.562060
-0.947888
-0.595245
3.152576
-0.124823
-0.034324
2.528362
-0.115774
0.753963
0.730564
0.367844
-0.664605
1.929187
0.155010
-0.427071
-2.309570
-0.192006
-0.555974
-0.207009
0.806237
0.836594
0.305522
-0.274099
-3.877902
0.055684
1.664187
-0.767651
-1.149289
-0.381738
-0.828645
-0.090201
-0.501654
-0.193343
0.625815
-0.574855
1.227078
-0.840644
-0.727745
-0.514954
3.242510
-6.600416
2.357072
-0.743576
1.938592
0.050132
0.136769
3.109965
2.073050
1.208453
-0.263432
0.558028
0.312190
-3.452341
-1.671739
0.340875
0.089743
6.553907
1.398181
0.515329
-0.383827
-1.662868
-1.150612
0.337962
0.013890
1.521509
1.894221
-0.327608
-1.546226
-1.100931
0.382980
-1.748787
-1.096850
0.252928
-0.431713
-1.660653
-1.300583
1.501587
-1.928182
-1.920243
0.651171
-0.090119
0.853867
-0.292061
-0.056048
1.436135
-3.336114
-3.463259
1.430163
1.553667
0.569202
-0.816491
3.822338
1.388161
1.304742
-0.008116
0.759467
0.863514
1.246750
1.367020
2.417811
0.031219
2.514784
-1.407294
-1.369583
-0.564727
-0.832824
-0.641341
-1.062071
-0.544327
-0.395777
1.739001
0.681325
-1.396783
-0.560319
-0.822009
-4.651602
-0.499882
-0.753162
1.470878
-0.928538
2.352809
-1.549962
-0.985495
1.065269
2.830449
0.454400
0.207576
0.732586
0.080921
-0.069796
0.562504
-2.221281
-0.160517
1.124004
-1.014226
0.545104
-2.208697
-0.117356
1.452254
-0.370954
0.826509
0.892237
-1.692115
1.659771
-1.824557
-0.472122
1.711270
-0.264107
0.099326
0.890721
0.177957
-0.000549
1.618964
0.768466
-0.423402
1.358328
-0.103753
1.846836
0.304144
3.871906
-0.255088
-0.367498
-2.434387
0.984975
-1.001062
-0.797765
0.047899
-0.739542
0.414914
-0.207359
0.183212
-0.103109
-0.908844
0.433151
-0.339893
-0.572206
3.697520
-0.632598
0.403722
0.072321
-2.113205
-0.702810
-2.670488
2.560658
-3.458775
-0.322917
1.095584
-0.069440
-0.568634
-0.074830
-0.092009
0.417255
0.968548
-0.000251
-0.032835
4.410818
0.597988
-4.235797
-0.765315
-0.236120
-0.189713
1.001292
1.176730
0.261607
-0.015994
-0.907427
1.582140
-0.041501
-0.067454
0.135402
-3.536476
0.057228
0.972405
-2.319383
-0.021870
1.059283
-0.195567
-0.440021
-0.534075
0.492113
0.848455
0.689770
-0.314966
0.213553
-0.697040
1.195714
0.198628
2.959215
1.244726
1.036574
-0.304047
-0.617712
0.325630
-0.845037
1.466909
-1.339179
-0.182598
0.829719
0.250269
1.460474
-0.370392
0.288382
-0.194198
-1.163821
0.429029
1.618793
3.369307
-1.764763
-0.807693
-0.594573
0.820740
-4.028014
-2.993598
-1.238882
0.235849
-0.601181
4.359872
-0.940980
-0.700566
1.201310
-3.336045
0.266744
-1.433903
0.376156
1.089670
-4.861435
0.856999
-0.699618
0.847622
-0.226932
-1.329351
-1.339294
-3.047033
0.092273
-0.554566
0.504775
-0.116527
-0.616357
0.838372
0.409309
0.096187
0.136370
0.436493
0.152933
0.539891
-0.573054
1.171109
0.518200
-0.047043
-1.680496
0.109378
-0.010431
0.545439
0.418528
-1.193599
0.087832
0.430359
2.109442
0.869550
-0.081979
-0.392052
1.867618
0.202511
-0.324112
-0.068651
1.417347
-2.124208
1.735334
-1.212167
1.161915
0.173818
0.493080
-0.205066
-0.666990
-0.632860
-1.461959
0.080182
-1.509377
1.011123
-3.470614
-0.898134
-0.301378
0.020939
1.758760
-2.503682
0.391340
-0.092305
0.564768
0.226329
-0.707882
-1.041855
2.105485
-1.084131
0.768133
-0.508524
0.317246
0.347808
-0.327241
0.100380
0.894817
-0.896431
-1.366269
-0.019616
0.251822
-0.263565
0.716715
0.605867
1.866653
1.319361
0.094958
2.091170
-1.965948
1.774236
-0.108500
3.434695
2.432356
-1.509463
-0.128298
0.421104
0.550906
0.465658
1.192300
0.359230
1.239508
0.264746
2.334782
-0.017837
-0.641760
-0.471480
-2.553251
-2.139763
0.032628
-1.099958
0.103427
-1.367596
0.106686
-0.494453
1.234835
-0.054929
-1.071197
-0.223511
-0.194787
-0.728523
-0.461888
1.273639
-0.797650
-0.612004
2.833904
0.400444
2.171041
0.453799
-0.353458
0.873276
-0.405601
-0.884964
-0.204545
-0.562568
0.502610
0.417614
0.215451
0.640324
0.614458
-1.487556
1.638679
-0.584608
-0.732631
-0.097661
0.182996
-1.661997
1.920786
0.712997
-0.010590
-0.390796
4.886005
0.966423
-0.924559
-0.814559
-1.821261
-1.084936
1.481978
-3.041507
1.213058
-0.744298
0.994743
-0.996175
-0.119013
-0.809232
-0.062904
-1.262850
1.544509
-2.018488
1.409463
0.281898
-1.025045
0.824370
1.624419
-0.175041
-0.758336
-0.030250
0.029617
-1.133349
-0.733907
-3.982014
-0.001530
-0.749763
1.016682
0.502821
-0.088489
1.609579
1.320886
-0.373785
1.882501
0.572372
0.178161
0.650035
1.635289
-2.976144
2.566192
-0.295529
-1.097106
1.237032
-0.131256
-2.412831
-0.045620
0.268892
1.052828
-0.276572
-2.587650
-2.124476
1.304095
0.110238
-0.817693
-1.567280
0.131279
0.579676
-0.384060
-0.272815
-0.180206
0.907339
-0.577568
-0.565283
-1.256922
-0.893911
-5.518003
0.593702
2.180591
1.656099
0.690571
1.661772
-0.591936
1.787046
0.733872
0.562556
2.552424
-0.743686
-0.406431
0.851341
0.266231
-0.299459
1.179779
-0.038409
1.868197
-2.009152
0.187452
-0.031877
0.853369
1.910690
1.308811
-0.893745
0.594977
-1.234018
-0.022941
1.320332
-0.356428
-0.018843
0.199274
-0.532392
-0.235151
-0.386568
-0.922822
0.421147
-0.669567
2.493133
-0.256241
-0.834624
-0.934689
0.579780
-4.934303
0.984692
-1.708168
1.203469
-0.529728
-3.619510
1.795473
1.425853
-0.004589
0.524204
0.946024
-0.321198
1.698784
0.062028
0.016536
-0.230151
-0.231810
1.260803
1.494983
3.640885
-1.191477
-0.568810
-0.425941
-0.355007
2.406897
0.180426
-0.480430
-0.380000
0.914101
0.011289
-2.088770
0.932213
-0.449933
-1.187323
0.365525
0.256747
-1.103124
0.150961
-0.013964
0.396387
-0.601312
-0.514413
-2.946300
-1.007347
1.072928
0.071425
0.173878
-0.796086
-0.241425
-0.066837
-0.855991
0.093520
0.696246
0.081229
1.562785
0.530098
-1.414272
-0.894123
-2.350582
1.846590
0.545057
-1.517985
0.595194
-2.849684
-0.645901
-0.281419
0.334493
-0.155459
2.252182
-1.307736
-1.696760
-0.814360
-0.141238
-1.444729
-0.213058
-0.641927
0.363476
3.432986
-0.022892
-2.405146
-0.101969
0.514549
0.197881
-0.904845
-0.733454
-0.030479
1.693130
-0.323862
0.476338
2.423294
-0.569911
-0.224221
-2.036200
-4.260165
-0.154316
-0.423557
-0.262883
-1.956873
0.714854
-0.409982
-0.887384
1.184211
0.112704
0.328524
2.656730
2.461513
1.641400
0.267314
2.140499
-0.243780
0.392775
-0.241484
-1.682601
-0.684481
0.210803
-0.406260
0.643086
0.006142
0.493456
-0.158669
-0.086109
3.102483
1.056752
0.049209
3.479672
-0.674487
1.213119
-0.303792
-0.429680
0.240121
0.513624
0.064484
-0.097084
-0.676759
-1.071592
-0.177569
-0.860487
-1.905458
-2.632899
-1.186265
-0.069978
0.505323
0.095214
0.125908
2.313048
-1.269802
1.534521
0.470601
0.338288
0.191073
-1.475553
-1.587166
0.138103
2.129215
0.291051
0.103333
-0.940360
-0.045779
1.809032
0.042078
-1.779508
0.271630
-2.266699
0.079261
1.370916
-0.807174
2.447660
-1.777374
-0.519410
4.224961
-0.745617
0.749264
0.481369
0.833013
-0.437591
0.332824
1.871776
-0.843899
-0.417825
0.142901
0.926237
-0.119764
0.411983
-0.310679
-0.263707
-0.527316
1.778581
0.172790
0.788426
1.100544
-1.609983
1.252328
-0.099628
-1.192226
-0.235263
-0.428786
-0.288133
-0.351166
-0.197986
0.422407
-0.372164
0.349306
-0.137174
-2.640799
-0.150724
0.728583
0.437588
-0.347807
2.945770
-4.351658
1.828810
0.801617
-0.105344
0.194872
-1.257562
1.103264
1.457776
-2.158754
-0.190072
0.374965
1.526839
0.027156
0.027215
-0.374035
0.400978
1.699423
0.414383
-2.525767
-0.651855
-1.834875
0.552568
0.236126
0.605972
-1.216221
0.330761
-1.156640
1.680696
-0.452507
0.020995
1.432105
-0.432450
-0.150623
0.374826
0.796137
-3.290593
0.908665
0.244808
1.632085
1.246208
-3.122539
0.124617
0.683564
0.073470
-1.937847
-1.697514
-0.913367
3.249973
0.738962
-0.731538
-0.729183
1.145779
2.361252
1.179677
0.146738
-1.599260
-0.026092
0.599695
-4.147635
0.942319
-0.751205
1.500565
-1.350178
0.403421
0.093857
1.650917
0.460768
-0.376112
0.025596
0.190773
-0.918964
0.071836
-1.234965
2.245426
-1.965022
-0.832735
-2.560634
-0.613737
-0.926131
0.915407
0.022749
-0.129669
0.330826
-0.074519
-0.560352
-0.871915
0.139534
0.788015
2.033864
0.157869
0.169047
-1.075965
-0.080089
0.535673
1.117605
-4.372377
0.252123
0.043052
-0.357895
-1.393833
-1.533319
0.103228
0.381904
-0.679909
-0.007835
0.611737
-0.060258
0.071981
6.827245
0.411893
-0.401825
0.021641
-1.532519
3.011210
2.987738
-0.239528
-0.997181
0.083202
-1.101861
-1.435112
-1.487783
0.669006
-0.546354
0.161234
-0.102579
-1.378346
0.176174
-2.076582
0.348329
1.970941
-0.984890
0.713252
-0.042122
1.174154
-4.097448
3.014890
0.160770
-0.042765
0.020611
0.159498
-1.218269
1.169566
-1.778825
-0.669953
1.022392
-2.133391
0.354864
-4.690273
0.220983
0.996914
-1.397263
0.551896
0.126432
-0.190761
-0.556783
-3.850302
0.081563
1.326432
-1.919834
-0.987629
0.904490
-0.653712
2.140558
-0.590582
-1.555749
2.292890
-0.683289
0.445573
-0.154128
0.745186
-0.679302
0.165941
0.241884
-0.391847
1.092540
-0.156515
-0.230367
-0.037320
-0.145832
4.894478
-0.520285
0.118306
0.538976
1.248682
2.779107
4.576053
1.325729
0.016364
1.288377
2.128816
0.492151
0.384977
-0.913461
0.316220
2.067818
-0.490754
0.186482
-0.971560
3.565165
-3.601268
2.341805
-0.736726
0.198686
0.126355
0.167810
-0.168621
3.642657
2.970611
1.651287
-0.176594
2.834297
-0.909940
2.989676
0.443004
-2.157051
2.185712
0.427097
1.897496
-0.101110
0.074596
1.313335
-1.229210
-0.937985
-2.023349
0.829252
-1.328198
-0.295208
-0.309585
-0.440916
-0.333957
-0.273069
-0.602772
0.216618
2.834180
1.096587
-1.051971
-0.240719
1.021119
-1.210740
-0.520439
-0.738294
-1.430385
-0.003197
-0.849509
0.909097
0.119317
-1.154462
-0.056875
-0.038190
0.247258
-4.098743
-0.365847
0.716589
-0.896465
-0.191378
0.078187
-0.396064
0.844429
1.655273
0.380397
-1.250780
-0.562118
1.992916
0.655937
-0.670928
0.754371
1.773682
0.352820
0.185730
-2.053621
2.221524
1.042507
-1.001069
-0.118373
-2.589530
3.340998
-7.084068
-0.940884
-0.095069
-0.037319
0.939926
-0.076985
1.069959
0.128888
0.406335
-0.728157
-1.628943
-4.979641
-2.937554
-5.279122
0.390508
-1.080939
-0.553216
0.207011
1.716583
0.090287
-0.333122
1.051578
-0.958083
2.173179
1.509066
-1.290316
0.762744
-1.921618
0.178586
0.938206
-2.198511
0.179589
6.861953
0.020487
-2.057638
0.937250
2.922147
1.535875
-0.315774
0.328636
-1.318521
-0.077571
0.338234
-1.137792
-0.072078
-0.493873
-0.415815
0.704320
1.595768
-0.733712
-0.524441
-0.665668
-2.034563
-0.024791
-0.916003
2.403744
0.288613
2.714020
-2.882564
-0.881295
0.781761
-1.790005
0.864250
0.779476
0.207317
1.225496
0.162108
0.143200
0.675544
2.110929
-0.883063
1.421513
-0.217863
1.205594
-2.536067
1.326870
-1.168786
-0.302485
0.274764
-2.225706
0.247313
1.784597
-0.474942
0.430538
-0.213628
0.022283
0.300378
-2.841350
-0.045242
0.378998
-0.749521
-0.696820
0.658576
-2.971521
-3.230922
-0.401000
1.417221
0.209699
1.624905
0.285995
0.070472
-1.529777
0.007413
2.057928
2.489757
0.090540
0.933883
-1.479227
1.746072
-0.165790
-1.091225
0.045673
-0.386605
-0.043193
-0.930171
0.667496
3.900221
1.061168
0.788240
-0.066643
-0.031076
-4.020261
0.568625
-0.794485
-2.671136
0.640967
0.129498
1.753232
-0.411903
-0.078466
0.078525
1.310944
0.152123
-2.490050
0.923105
0.059949
0.185689
0.235332
0.336874
-0.005002
-2.866181
0.972348
-3.227522
-0.306151
-0.545534
-0.834383
-1.499310
-0.581079
-2.429390
1.463779
0.682848
0.059211
1.544530
-0.074163
0.711935
1.936287
-0.911957
-0.460814
1.147430
0.066274
0.810363
-0.276981
-0.229966
-0.361801
-0.173194
-0.923122
1.404898
-4.561833
0.933865
0.041457
0.005468
1.090299
-0.411863
0.046158
-0.915892
0.277002
0.652487
-0.472497
1.615668
0.837806
-0.936281
0.351071
-0.470270
-1.722209
-1.493497
-2.008875
-3.368751
-0.467889
-0.267998
1.262241
1.172632
-1.138770
-0.744335
-0.723587
0.016773
0.379834
-0.125239
-0.259754
0.395219
-0.714873
1.670517
-1.102859
-1.876414
-0.745989
0.473256
-0.591859
1.259530
-0.155157
0.194485
0.728680
-0.858914
0.841240
-0.206384
0.049669
1.376327
0.038852
0.201620
1.522932
1.091924
2.947021
0.690968
0.438317
-1.317826
3.648098
1.831881
0.334564
0.342468
-0.325489
-2.889734
-0.483775
0.237532
2.020729
-0.053008
0.453447
-1.073804
-1.122693
2.499380
-2.848712
0.200505
0.099384
0.856545
0.929641
-0.410332
-0.944448
-0.425015
-0.889342
0.556870
1.810054
-1.645821
0.095884
1.531824
1.176888
-0.806744
-2.964707
1.095785
-1.251076
0.409361
-0.045304
0.008406
0.496785
0.849004
-1.515044
0.299697
-0.652904
0.877947
0.917952
-0.167314
0.697615
1.074650
-3.589324
-0.516116
0.266516
1.002180
0.301463
0.975113
-1.249384
1.112276
0.051136
-2.095276
1.995428
-1.957005
2.374029
0.811499
-0.531726
3.181356
0.250426
-0.134919
0.348701
-1.730261
2.138402
-0.377005
1.383887
-2.283219
2.898060
-1.309595
1.159383
0.788632
0.123144
0.208931
0.228303
0.154878
1.538903
-0.825370
-0.253085
0.046723
-2.798146
0.065161
-0.332905
0.117403
0.205942
-0.543206
0.290425
0.097629
-1.990034
1.830361
0.052858
0.443513
-0.337670
-1.061659
0.766708
-0.518207
0.032310
0.335273
-0.360191
-0.023613
0.809202
-0.957468
-0.649709
-0.399508
0.849597
1.295775
1.682710
0.442850
-1.805532
-0.526731
-0.907717
-1.490278
1.060207
0.128154
0.409599
-0.174668
1.207864
-0.530793
2.699345
1.819270
-0.849140
-0.015890
0.218253
0.152235
0.400653
-0.312606
1.334845
-1.016355
-4.110767
-0.833918
0.413359
0.846722
-0.200639
1.971652
-1.419513
-0.940019
0.884520
-2.883076
1.379981
1.392210
-0.436190
-1.884790
3.762940
-1.203604
0.317651
0.375229
0.150644
-0.027054
2.312700
0.075367
-0.209285
-1.112340
-2.867642
-4.927836
0.634882
0.489309
-0.302755
0.231684
1.381752
-0.280806
1.024843
0.091499
-1.119764
-0.777932
-0.053179
-0.565302
-0.162548
-0.624931
-0.471363
-0.513509
-1.249064
0.315596
-0.287345
-1.333483
0.845731
-3.798862
0.859027
-0.341641
-0.004305
0.649001
1.528780
1.644387
1.641037
1.832786
1.682607
0.323272
0.257454
-0.592594
-0.727685
-0.024451
0.368265
-2.086079
-2.760147
1.006279
-0.538663
0.011560
-1.596462
0.568284
0.791403
-0.190237
-3.445297
1.793147
-2.328834
-0.245711
-2.331787
1.103120
-0.217479
1.119472
-0.970828
1.610685
0.163673
-1.820350
0.934247
-0.043742
-6.213653
0.546849
-1.454898
0.260048
3.654314
-0.333447
-1.585574
0.331546
-0.173612
-1.316348
-0.087073
0.551910
0.327957
0.126950
-0.153554
-0.190680
2.918512
-0.117040
-0.415574
-3.137405
1.113821
-0.278282
1.243273
-0.741828
-0.842503
-2.404281
-1.285575
0.871345
-1.377138
2.150807
-0.618387
-1.369235
0.363612
-0.258464
0.660267
0.327061
0.670773
1.165126
-0.577772
-1.110756
3.128786
0.649624
1.400235
0.268971
-0.515871
-0.492469
-2.776886
-0.610708
0.694478
-0.325462
-0.533819
0.189181
0.652538
-1.210921
1.045845
2.406933
-0.946097
2.591559
0.676330
-0.445424
1.653947
-3.495522
-0.111095
0.120526
-0.219937
-0.972489
-0.935204
-1.233551
-2.714211
-0.047455
-0.477123
-3.794850
-0.840694
-0.983426
0.298839
0.028802
-0.014969
0.386476
0.847132
-0.721942
-3.152464
-1.846939
1.073445
0.738195
-0.786048
0.366403
0.565515
-0.169727
0.263801
-0.079635
0.662517
0.041426
-0.047316
-0.969422
-1.869986
1.412045
-0.277807
-0.603980
-3.044672
-0.193949
0.693717
-0.403200
-0.167016
2.683782
0.043122
-2.258497
-0.040732
-3.599088
0.553490
-0.632157
-0.667174
0.630749
-0.372277
-1.764177
-0.010221
0.156426
0.650287
-0.863310
4.483033
-0.342522
0.423451
0.640837
1.388526
-1.207302
1.913596
2.350548
-2.893928
-0.494470
-0.795590
-2.273315
0.568444
3.028249
-0.259874
-1.273750
2.148109
1.678543
-0.956363
-0.170335
1.836985
1.657307
0.469726
-1.038855
0.324561
-2.749026
-0.644000
-1.320557
0.234199
-5.716366
-0.372876
0.220019
-0.337897
-3.382361
-0.399514
-0.768245
-1.099703
-0.647989
-0.998289
-0.945904
0.142706
-0.198665
-0.710703
-0.568128
-0.259517
0.304417
-0.166804
-0.423548
0.078828
0.262214
0.689358
-0.087189
0.040824
-0.135902
0.315209
-1.148357
-0.065159
1.587439
-0.537608
-1.926109
1.603670
0.318683
0.420392
-0.669212
0.366525
-4.279008
-0.024356
1.021183
-0.621844
0.422278
-3.569869
1.108493
-1.806228
-0.654969
-1.441684
-0.066464
1.522825
0.086533
0.892614
-0.153493
-1.159803
0.092683
1.488154
0.436259
3.255699
0.045599
1.110808
-0.107179
-0.174203
-1.367076
0.045080
-0.447899
0.750236
-0.948583
0.163792
-0.180795
-0.913430
-2.063409
-0.745625
-0.063900
0.637653
-0.687966
-0.497509
1.009890
0.022302
-0.168925
-0.559600
-0.218205
2.623713
-1.821061
1.083725
-1.422896
0.288178
0.572485
0.902794
0.238026
-0.733026
0.308255
-2.205617
0.386514
0.734225
0.167545
3.207647
0.049051
0.779905
0.117242
2.141099
2.859391
0.271350
-1.030266
-0.126930
-0.343733
-0.151393
0.671070
-1.064619
2.133390
-1.098380
-0.087415
-0.377570
-1.343703
0.081374
-1.057876
-0.689369
-1.113149
1.528183
-2.338653
0.777270
-1.333614
0.448993
1.051319
0.877316
-0.125731
-0.217181
0.784496
2.655268
-1.060348
-0.424219
1.672348
-1.241220
2.224979
-1.777226
0.186121
-0.509079
0.029033
-0.417539
-0.055610
-0.094112
-0.007955
1.981989
0.905614
0.291629
-0.061497
2.862934
1.405872
0.313177
1.294516
1.905853
-0.211684
4.555683
0.239570
-0.777087
0.852365
-2.355082
0.307243
0.124708
-3.704778
0.943824
1.476331
1.812779
2.301532
1.089026
-5.131689
0.072271
-1.329897
0.035133
1.303377
0.236245
2.895047
-0.327861
0.075389
0.777421
3.627500
-4.344825
0.660310
1.302925
0.331081
0.234810
0.866474
-2.396094
0.221609
-0.232434
-0.596354
-0.258297
-0.119360
1.689264
2.203748
-0.092013
0.555488
1.082159
-0.289158
0.394677
0.392439
-0.281302
-0.926786
0.889399
1.557428
-2.085774
-0.223757
1.324358
-0.168804
2.056719
0.320807
-0.200781
2.163701
-0.277408
-0.604484
0.182666
3.411975
-2.072072
0.298442
0.181276
-0.084984
1.654662
2.783226
1.639972
0.978666
1.758940
-0.331135
0.051710
0.671209
0.629237
-0.976843
-0.206407
-1.505971
-0.258354
-0.909813
-4.498594
-0.109220
0.225783
1.367084
1.351727
0.077136
0.019782
-0.581071
-0.041513
1.502077
0.111664
-2.069166
1.363973
0.263418
0.485025
-0.094144
-1.896412
0.214632
-0.164505
3.126314
-0.201689
-0.391435
-0.394186
2.023023
-1.801837
-1.957361
-1.409592
-0.021737
-1.013263
0.016703
0.479807
-0.983080
2.442969
-0.539214
-2.126046
1.062197
1.071316
0.149539
-1.543634
-0.483243
-0.087490
0.384572
-0.296964
-0.414629
-0.596315
-2.060511
0.845686
-0.355327
0.386472
-0.869764
-0.419973
-1.981230
0.099971
0.402410
-5.177086
0.301284
0.639653
-1.386745
-1.432841
1.805190
0.309862
0.966867
-1.562011
0.197902
-1.594876
-1.111631
-0.181697
1.968805
0.630957
0.048621
-0.739911
-0.956733
-1.003167
0.248753
0.045762
-0.086044
0.427122
-0.485372
0.963639
-0.403218
0.035129
-1.288940
-0.215590
-2.042876
0.933581
-0.208612
0.493948
0.082709
0.063576
0.989985
-0.088899
-1.114591
0.285212
0.133133
0.708462
0.599800
0.604539
-1.074544
0.373175
-0.081654
0.492513
1.554056
0.364904
1.409060
0.008878
-1.048486
-0.395741
-1.031549
-0.034658
-1.232101
0.024929
-7.695992
-0.566969
1.776003
-2.039375
-1.748133
-0.442549
0.733756
0.292332
1.217376
0.160539
-1.781310
-3.440652
-0.925180
0.346822
0.775753
1.880845
-0.292035
2.129441
0.173156
1.103626
0.314721
-0.053818
-0.026271
0.025969
3.133691
0.392359
1.200033
-1.161879
-1.236240
4.655943
0.411762
-1.234676
-0.583867
0.184169
-0.865030
-0.312199
1.663901
2.829143
4.220962
0.722773
0.093489
-1.872539
0.791067
0.664971
0.592039
0.090234
0.405341
-1.642247
-0.033165
-0.708780
1.979621
-1.438068
0.579549
-0.179188
0.305195
0.504666
-1.829539
-0.038911
1.235086
-0.796373
-0.048842
0.047834
-0.298553
0.713490
-1.537522
0.177847
-1.419213
-3.668515
0.109666
-1.481838
0.776768
-1.644453
-0.965080
0.090745
1.135784
1.758835
-1.754281
0.012154
-3.849090
0.151300
0.701834
2.147099
0.474487
-0.057445
-0.329718
-0.445012
-1.077438
-0.128272
0.922944
-3.002623
0.401337
-0.588816
0.101330
-2.624628
-2.732564
0.372918
0.268398
-1.181049
0.410667
-1.080980
-0.627029
-0.131360
-0.630396
-0.088690
3.314601
-1.554898
-0.297216
-1.990091
0.252690
-0.268948
0.324475
-0.317982
-0.434853
-0.423290
1.114102
0.456474
0.350559
-4.401692
-1.402015
-0.107187
-2.782021
0.859618
0.603932
0.172306
1.047377
0.730629
-0.755967
-0.122688
1.744975
1.641695
0.253348
-1.022966
-0.380894
1.411340
0.321109
-0.435560
3.423277
-4.043297
-0.243876
0.211568
-0.246256
-2.802172
2.504726
0.560510
-0.334680
0.891823
-0.228698
-4.485388
0.922180
0.042563
-0.094717
1.091424
-0.480707
-1.013429
-0.195358
-1.318677
2.131715
0.345447
0.164908
1.226617
0.103634
-0.978615
-2.714409
1.521864
-2.024840
0.416880
-0.847237
-2.308507
0.443852
0.238489
0.342625
-1.964958
0.318637
0.233696
0.842214
4.459144
-0.225033
-1.008370
8.112559
-0.914197
0.521689
-0.095046
-2.731828
-3.695766
0.317871
-0.119189
-1.229915
0.166845
-1.716263
0.587610
-0.150374
0.325981
1.715785
-0.076200
0.061744
3.040570
-1.318521
0.670357
-2.964197
0.983420
-0.355738
0.418091
1.452999
3.631253
-0.597664
0.408534
3.268716
0.428608
1.204604
3.260870
1.383988
0.112801
-0.138141
1.684824
0.140988
-1.942963
-0.353589
0.551331
0.352325
-0.125677
-0.141375
-1.849381
-1.832076
-0.373471
0.087701
0.248407
-0.445454
0.433087
-0.344702
-0.367973
-0.022792
0.526088
-3.386320
-0.296254
0.482246
-0.537978
-2.538630
0.422433
2.695811
1.510334
0.365564
1.145500
-0.121224
-1.730644
0.686088
-4.054975
-1.138032
-1.616356
0.581881
0.960758
0.083948
-1.173387
1.490463
0.275229
-0.002344
-0.152340
-0.775314
1.016643
-1.559732
0.185114
-1.107669
0.207834
-0.548046
-1.010160
2.677377
3.236102
-0.053307
-4.582306
0.364178
-0.127151
1.557771
-0.491959
-0.575300
-0.392701
-0.237499
-2.830315
-0.367351
0.115463
-1.356287
-2.012005
-0.319595
0.412696
-0.814100
-0.690800
-0.546905
0.581063
0.446087
0.040090
0.082175
0.844119
-1.568833
0.526306
-0.277438
-0.240332
1.484471
-0.372544
-0.291624
-0.326469
-0.357803
-2.951099
0.921473
-0.716199
-0.409911
-1.804214
0.178931
0.602040
-1.497905
1.940746
-0.577405
-0.731444
4.617601
0.339392
1.711194
-0.836645
1.555762
-0.921082
2.070346
0.161159
0.575161
-0.048406
-0.330023
1.037537
-1.016212
0.647467
-0.839237
-1.999955
-1.798123
0.197341
-0.154542
-0.145234
0.263148
-0.778977
0.436068
2.254570
-0.472440
-0.659205
0.426773
-0.165964
-0.984394
2.394056
0.397930
-1.011180
0.218825
0.159747
-0.226963
-0.014597
0.789061
-0.399272
-2.007288
-0.017030
0.976984
-0.158691
-0.463960
4.234907
-1.108996
0.062757
-2.113121
-0.702189
-1.427457
-0.022585
0.446786
0.637316
0.573665
-0.337229
0.456292
-2.813039
0.262675
-0.337209
-0.097503
0.928044
-0.474010
-1.446511
3.456596
1.709472
0.482936
-0.267339
-0.217475
-0.073905
0.573095
-0.063046
2.428991
0.061639
1.570989
-0.614960
0.046354
-2.103322
0.920026
0.181709
-0.481996
1.841430
-1.939162
3.810782
0.374984
0.868376
-0.368726
-0.387029
1.022735
2.559061
0.498948
-0.602412
0.749287
-4.177827
-0.244777
0.684702
1.798002
-1.796309
-1.342572
-0.447978
0.099456
1.195328
0.862321
0.006566
-0.278164
0.462003
0.792320
1.621859
0.677332
0.160988
-0.031877
-2.211107
-0.009942
0.119290
-2.436707
-1.194659
-0.366989
-0.249663
-0.018288
-1.098991
-0.354270
-0.981604
-0.127042
-1.474112
-0.941503
1.089383
1.290044
-1.494273
1.768938
4.262612
-0.146958
-0.078875
1.149831
-0.818372
2.669310
-0.819885
1.666688
0.649909
-1.414894
0.361197
-0.467439
0.237720
0.532283
0.958970
-1.126930
0.693519
2.519743
0.016987
-1.275652
-0.103808
0.430861
-0.019250
0.323113
-1.466432
0.235616
1.097060
2.247372
-0.067575
2.212385
1.286664
-0.082760
-0.282508
-0.433918
-0.504376
0.216963
-0.547031
0.045379
0.006188
-2.872239
0.338717
-1.173358
-0.381001
-0.695364
1.280364
-1.204342
-0.194897
0.251350
-1.516817
1.831100
0.696148
0.128751
0.210491
-0.728914
-0.924033
0.545695
1.178789
-2.763603
0.378168
-0.466798
3.070991
0.039462
0.793141
-0.345995
1.160464
-1.887429
2.328474
-1.326801
0.217939
-0.095714
-1.133524
-0.727446
0.245965
0.005087
-0.018129
-0.061754
0.363790
1.634515
-1.817914
0.743120
1.034837
1.090235
-0.438226
-0.180887
-1.922130
0.043006
-1.366136
1.824141
0.111109
0.843913
-0.764320
0.060582
-0.496480
-4.325351
1.453715
-1.219667
-1.803693
1.105199
-0.578653
0.447092
-0.548910
-0.124940
1.855697
1.587823
2.185902
-0.191536
-0.306872
0.213920
-0.461015
-0.107464
-0.332736
-1.289680
-0.576305
0.449635
0.116409
-0.344936
-0.905762
0.454098
-0.603471
0.712111
-0.067257
0.012640
-0.565324
0.784438
0.026127
-1.095191
1.826054
0.211312
-5.704533
-0.917278
-0.596033
-0.543159
0.331502
-0.929758
-0.976731
0.186063
0.248897
0.119104
-1.015101
1.903691
-4.566601
0.082648
-2.068769
-0.557980
-0.817659
0.269488
0.329380
-0.167594
-0.508813
1.757590
-1.035384
0.768223
-0.174234
-0.079838
0.083150
2.009086
0.298058
-0.084753
0.058018
0.302556
0.383231
0.934864
1.845051
-0.509992
-6.209624
-1.520865
1.470891
0.251478
0.401683
-2.020077
0.076160
0.417336
0.238219
0.222735
2.448362
1.059682
-0.830336
0.215914
-0.694886
0.037818
0.021975
-0.157565
-0.556390
1.979307
1.502772
1.058609
1.300938
0.035865
-0.558964
-0.243230
-1.216376
2.208603
-0.937893
-1.978440
-0.712032
-0.932771
-1.030558
-1.343521
0.956621
1.163519
-0.932495
-0.372307
0.029239
0.930240
2.196566
-0.059346
0.299721
-1.124797
-1.990875
1.419257
0.449150
0.172345
-0.490487
2.734982
0.020352
-0.942082
0.887137
-0.290526
0.553463
-1.832781
0.759204
1.277787
-2.993451
2.569324
1.963485
-0.614779
-1.149250
-1.530445
-0.221039
2.698381
2.343974
0.217231
-0.475091
-0.069489
-0.222148
-0.672082
2.081452
-2.817217
-0.179890
-4.437377
1.703081
-1.623576
0.186496
-0.843490
-2.022704
-1.659238
-0.198424
1.274624
-0.063841
-1.406226
2.123872
-0.754779
3.393624
2.667096
-0.932604
1.748958
-0.752246
-0.341924
-3.158626
0.318818
-0.441474
2.928793
-0.758756
0.307770
-0.128505
0.313405
1.494147
-0.281488
0.398715
-0.492785
-0.265938
0.158640
-0.213051
2.758679
0.860153
-0.061437
-2.064289
-0.924009
-0.414189
0.067275
-0.443181
-0.613766
0.766098
-0.496916
-0.751084
2.640921
-0.833677
-0.058518
-0.447684
-0.740379
-1.531765
0.331556
-0.859269
-0.379209
-0.603106
0.360798
3.067192
-1.131126
-2.855274
0.331657
-0.068716
-0.193552
-0.846386
1.353660
-0.273580
-5.138695
-0.382551
-0.119279
-0.909340
0.420064
3.049598
0.045814
2.156782
0.669038
1.058963
-1.032382
0.538717
-2.434588
0.355703
-2.889397
-0.571696
0.724582
0.412193
-0.012034
-1.610062
2.162070
-1.234711
-1.875205
-1.572224
-1.054235
0.571974
0.152190
0.189329
1.999170
-0.124564
2.705109
2.043439
0.832412
-0.197602
-1.297524
-0.096515
-0.257064
0.382708
-0.232816
-1.342784
-0.029251
0.160705
1.132028
0.060607
-0.803462
1.321372
0.976502
3.303579
0.073684
-0.491983
-1.813246
-0.045052
-0.102774
-1.150599
0.178566
0.288736
1.394476
-1.188407
-0.859731
0.958649
0.207748
-1.031666
0.667493
-0.284235
0.194932
1.428011
1.080533
3.004337
0.081430
-0.792118
-1.553312
-3.008296
0.919650
2.199735
0.114494
-3.013541
0.973916
-0.312581
-4.392802
-0.366101
0.420024
-1.740174
1.048055
-1.405272
-0.709404
-0.207132
0.685359
-1.410693
0.125130
2.517841
1.970147
-1.186766
-1.288155
0.427052
0.059534
0.603103
0.114048
-0.330754
0.516370
-1.682074
0.187857
0.954157
-1.446623
-0.257983
0.701242
0.420903
-0.196349
0.135166
-2.588895
-0.181412
1.714033
0.541409
0.009628
0.633451
1.088778
0.696189
-1.265299
0.173714
1.368426
0.510448
0.082110
0.931547
1.220712
0.437899
-0.047483
-0.270791
-0.213815
-2.790148
0.656156
-1.556775
-1.396749
-0.427060
1.746852
-0.728228
0.553442
0.400043
1.750483
-1.399347
-0.784959
2.316816
0.084306
-1.287353
0.384905
-2.403169
1.367447
-0.017291
0.896364
-3.597266
-1.949674
0.411647
0.557169
0.249937
-0.058161
0.141738
-0.552067
2.274244
2.253109
0.483302
3.182966
0.471743
0.901577
-1.580183
-3.557482
0.544295
-0.372948
0.604300
-0.288405
-0.663567
1.204977
0.230164
-0.876051
-0.246987
0.657002
1.331462
-0.137446
0.257270
-0.330218
-0.768882
0.293350
-0.149559
1.614317
-0.383590
-2.498147
-0.295080
1.679660
-0.418556
-0.443795
1.232683
-3.188047
-0.510601
0.088369
1.008745
-0.215582
0.120009
0.056647
0.682748
-0.568048
1.632355
-4.626953
-1.320763
0.010179
-0.852826
0.049277
-0.709836
-1.819431
2.521538
1.267855
-0.126829
-0.959211
-0.027572
1.354687
-1.691904
1.061939
1.738461
-0.074034
0.630695
-0.729386
0.844523
0.193911
-0.647299
-1.769770
-1.343828
-1.840229
-0.023838
0.468297
0.240613
-0.752435
2.822830
0.018556
-0.731883
-1.572653
-3.557399
-0.097380
0.295145
-0.653469
0.071849
0.192663
-1.432115
3.000013
0.817431
0.237759
1.178258
1.357140
-0.144075
0.726486
-0.398622
-1.097809
6.571193
-1.420961
0.713084
-0.649978
-0.887086
1.472789
-0.384430
0.491511
0.156241
2.250869
1.962662
0.089060
-0.090935
-1.077287
0.346306
-0.060185
0.284659
-0.600969
0.619577
-1.148670
1.285618
1.206079
-1.319490
0.331224
-0.091853
3.205394
0.024866
1.505358
0.645981
1.190084
-2.192268
0.643313
2.769174
0.971626
5.657587
-1.052282
0.497988
-0.389571
1.337271
-0.621953
-0.558547
0.908706
0.973138
0.663816
2.772157
-0.089041
-0.851656
0.204815
0.621921
2.194051
0.697678
0.206543
0.889569
1.467642
-0.758082
-0.690339
1.305595
0.679489
-1.274867
0.229213
0.209399
-0.938712
-0.386704
0.134920
-4.368960
-0.391856
0.645033
0.519046
0.435639
0.239264
2.843991
2.592788
-0.211032
0.829910
0.528152
-0.291394
-0.736640
1.814090
2.694491
2.844005
1.292984
0.570369
0.137443
0.377923
0.228426
0.908770
1.693486
-0.069131
0.094425
-2.347678
-1.980177
-1.276428
-0.720061
-0.201704
0.519608
-0.694374
0.679517
-0.127150
2.346526
-0.166896
-2.370923
1.871491
-0.259450
-0.101875
0.527663
-1.704946
1.050862
2.195862
-3.974108
0.874158
1.775170
1.363929
0.017625
-0.041904
0.060878
-1.506496
-0.587092
-0.133320
0.168288
1.038588
-0.029660
0.346632
2.591310
0.611564
-2.204811
0.400962
3.143881
0.924852
-1.556248
1.974604
-0.799181
-1.189674
1.228572
0.249967
0.232516
0.124778
0.515764
-0.153353
0.006063
0.547752
-0.819587
-0.178421
0.181638
0.612644
1.587440
-1.490947
1.138713
-1.045564
0.105743
-0.180733
6.007288
-2.643388
-2.058911
2.558993
0.752086
-1.436056
0.291613
0.664565
1.840575
0.623375
0.425698
-1.234532
1.461831
0.055488
0.717735
-0.024650
-1.764433
-0.088722
1.792630
0.195199
-1.088114
-1.294292
-4.274510
0.699062
1.317423
1.657948
1.302350
0.530934
-1.826575
-0.188196
-1.399976
-1.841981
-0.105836
-0.982976
-2.511819
-0.848188
-0.490925
0.406560
2.449842
-0.791127
-0.225733
0.301618
-0.295305
-0.568950
-1.157230
-1.360826
0.780386
-0.722288
0.188197
0.470403
1.087579
0.710090
1.047942
1.129754
0.011413
0.480485
0.666228
-0.301840
-0.231351
1.042199
0.839117
0.040889
1.638995
-0.760398
0.534879
2.179884
-0.110183
-3.637447
0.249755
-0.211508
-0.734692
-3.966541
-2.662948
0.253548
-0.536044
-0.956857
0.654708
-2.064912
-0.139563
-0.427780
0.697314
-0.629785
-1.830367
0.164191
-1.562584
0.188384
-0.629353
1.190568
2.420910
0.395115
0.420487
0.652135
-1.003862
0.161458
2.928965
1.517410
0.036709
-0.171717
1.645275
-1.358479
1.054349
-1.249341
-1.287390
1.277702
0.714680
-0.149604
-2.249791
-0.008982
-0.012196
-0.025155
1.030055
-0.713438
0.709003
1.626419
1.025483
1.263933
-0.025245
-1.746901
0.533431
-0.120779
0.694570
-0.278809
-1.007044
2.018702
2.362146
-1.165249
1.043821
-0.059935
0.167310
0.606848
0.221741
-0.216114
1.353352
0.644104
-0.640618
0.290725
-1.090895
-0.458252
-1.413311
0.391257
0.935339
2.174624
1.680669
0.122634
1.170269
0.607203
-0.182875
-0.408288
0.992742
-1.401275
0.800770
0.139436
0.002971
2.480688
-0.002680
-0.095686
-1.477711
-0.438169
1.900958
0.481626
-2.301080
0.050716
-1.672028
1.843756
-0.645655
-0.335707
0.098778
-0.150550
0.426515
0.411573
-1.692664
-0.046288
0.253270
6.109870
-2.656693
-0.090517
0.603136
-0.101975
0.863333
0.085936
0.161737
0.138415
-1.548819
-1.881892
0.046649
0.235498
0.062994
0.319843
1.931293
-0.092526
-0.421657
3.105325
3.246170
-0.169811
1.594392
-0.722790
0.817933
-0.115383
0.424083
-0.098852
-1.476581
0.754298
1.970727
0.601771
0.749587
2.671107
-1.006166
-0.019851
-0.181670
2.879975
-2.769518
4.087030
0.075938
-1.290290
-1.998691
-2.131123
0.663614
0.218857
0.498305
0.415595
-2.223879
-3.028267
0.349902
-2.669807
-0.114038
0.096743
-0.589397
-0.796552
4.088481
2.305512
0.441234
-1.552808
0.562034
0.245137
1.090085
-0.043544
0.160435
-3.525734
2.776357
4.023132
3.622869
-7.758050
3.361423
0.047533
-1.288739
-2.294352
0.180473
1.429752
0.352953
-0.584176
0.106121
0.520167
-0.500934
-0.926525
0.644060
0.689531
0.669700
-3.523168
2.977297
0.637473
2.656380
0.365035
1.148936
0.445896
-0.647733
0.425931
-1.148413
1.113088
0.472035
-1.366983
1.060047
0.430110
-1.365307
0.964627
-0.926383
-0.633143
1.271899
0.823502
-1.232537
0.017239
-2.131381
0.497970
-0.861164
-0.322083
1.551942
2.278031
-1.501361
0.323381
2.617570
-1.760863
-0.290786
1.943640
0.649560
-0.842340
0.244071
-6.954232
1.503008
0.762943
1.115998
0.167010
1.553921
0.394484
-0.686428
-3.126189
-0.056732
-0.106078
-0.553724
-0.408648
-0.775524
-0.143458
1.144571
-0.546218
-1.352497
-2.260394
0.362081
-3.062778
-6.306982
0.747816
0.390172
2.642874
1.198975
-2.648815
1.540199
0.193853
-0.690278
0.002232
0.195013
-1.276628
-0.623738
-0.163004
0.567017
-1.125409
-1.739775
2.751314
-0.998574
0.128296
-0.179712
-0.058467
1.536908
0.350939
1.658454
0.628473
2.080312
-2.685888
0.846074
0.197089
-2.163534
0.850333
-0.348872
0.576214
0.696294
-0.906390
0.710726
0.338600
0.867980
-4.590342
-1.239731
-0.277894
-1.240893
-0.191888
0.933856
1.279814
0.162424
1.525671
1.073141
0.730482
-0.102108
-0.706075
-0.773202
-0.374131
1.558510
-1.305268
-1.867684
1.092608
-1.080987
1.292384
-0.170146
-0.789264
0.353981
0.796343
2.227076
-0.223540
3.057716
0.512276
-2.442824
0.761868
0.529361
-0.977164
-1.235864
1.204456
0.225366
2.278367
0.548278
-1.044991
1.139664
0.083515
2.040363
-0.539559
0.852613
-1.103972
0.315933
0.451379
-0.506416
0.554034
0.028307
-0.059843
0.163410
2.051452
0.504332
-0.801023
0.545550
0.340025
0.285753
0.467578
-0.372344
0.408671
-0.097957
-2.301226
1.244254
0.219739
1.610843
-0.090340
0.099622
0.251461
0.308314
-0.255029
-1.195809
0.145412
0.443010
2.088760
0.629019
-0.463956
0.273661
-2.665894
-2.915737
-1.319308
0.011515
0.229314
-1.974922
-0.897616
1.060712
0.819275
1.190030
-0.102761
-0.069639
-0.954759
-1.436283
1.828957
-0.723522
2.988841
0.037381
-1.254138
-0.147022
-2.028658
0.708582
-2.051126
-0.098268
1.661349
0.306422
-1.330649
1.159244
-0.313602
-0.113060
-0.077219
-0.222710
-0.054181
0.214441
1.670229
-1.882674
0.403137
-1.517149
1.639761
-0.115379
2.466566
-0.344864
1.735903
-1.203876
-0.055379
1.088201
-0.241982
-0.110060
-0.356862
0.072992
1.423188
-0.184667
-0.548095
2.186096
1.338599
-0.946319
0.164367
-6.169211
-2.597711
2.140290
-0.110719
0.000131
-0.381662
1.848018
-1.644350
-0.704163
5.227581
0.744266
-0.337071
1.612478
-0.877201
-0.463652
-0.675458
-1.428348
-0.073634
0.607061
2.331835
1.252049
-1.047451
-0.506250
-0.242743
-2.208310
0.569396
0.450237
6.004200
0.188646
1.389059
0.161462
0.191176
1.743735
0.031987
-2.670713
-0.192051
1.252486
2.426492
0.018574
-1.566720
2.367522
-0.610056
-0.080573
1.227222
-0.041587
0.802002
-1.533321
0.221857
-0.732758
1.111296
0.107421
-1.636484
-3.830510
1.219441
-0.021084
-2.028104
0.149356
-1.073940
-2.047041
-1.169063
-2.382171
0.326032
0.662949
2.494762
-1.172158
0.807153
-0.297398
-3.733685
0.626475
1.431926
-1.458292
0.464920
-1.189177
0.168680
0.081979
0.306169
-0.347021
0.348887
-0.770660
0.207482
-0.035218
0.831400
0.481323
-0.012991
0.313568
-1.018402
0.126332
-0.896726
-0.352639
0.284745
-0.330505
-0.229185
-0.642432
-1.593409
-0.338744
-0.179474
1.415127
0.607729
-0.151271
0.251843
0.244067
0.096784
-0.520123
0.736132
-1.396473
1.118275
-0.242359
-0.046821
-0.032850
0.284331
-1.954535
2.704232
-0.208202
0.741634
-0.083195
-2.510738
2.161404
-3.248060
-0.715165
-0.531593
0.337774
0.232780
0.482641
1.674807
0.529166
-2.348484
-0.433301
0.183934
0.800571
0.709236
-0.939964
-0.264626
-0.510446
-0.015023
-1.242958
-0.165233
-0.418176
0.076130
1.619258
0.983313
-1.136980
2.875016
0.818729
0.142519
0.629703
-0.735679
0.240846
0.433998
-0.657723
1.214524
2.809329
1.633081
-0.093409
0.389499
0.960579
-1.134059
0.541487
-1.325408
0.672823
-0.031444
1.485781
2.123401
1.333844
-0.983761
-0.144488
-3.686201
0.250512
0.741733
0.103552
0.023834
0.162098
0.543275
-0.033415
-0.344393
-0.594232
-0.833819
0.208046
1.452535
1.543997
1.223699
0.633318
1.295462
0.714439
-0.967602
0.050065
0.136808
-0.354224
-0.761534
0.500144
-1.653118
0.572691
0.182999
-2.633482
0.189385
0.778995
-0.064759
0.220147
-0.270849
-0.774345
-1.217497
1.543107
0.943271
1.255713
-0.283131
-1.141630
-1.320081
0.208019
0.707507
-3.407097
-0.026054
0.239513
0.697777
-0.355944
-0.323625
2.139642
1.383673
1.906388
-0.537818
-1.531119
0.280959
-0.254282
1.056381
-0.886316
-0.165699
-0.192590
3.064108
1.535233
-3.797842
-0.334025
-1.404051
-1.144481
-0.688518
1.939664
-3.395719
0.295367
-1.739855
-1.201875
-0.812945
1.147827
-1.097311
0.540998
-0.110191
1.808358
-2.134155
0.965441
1.267197
2.022596
0.635952
-1.196001
-2.477152
-0.334761
0.081074
1.332830
0.136599
2.592608
-0.577874
0.084453
1.237081
-0.538695
1.594652
3.109348
-0.103253
-1.206173
1.669282
-0.066765
0.809865
4.355469
0.269246
6.594458
1.108172
0.843533
0.538651
-0.570043
0.520689
0.765308
-1.689098
0.132696
0.514998
1.064950
0.556294
0.666467
-0.992190
-0.684099
0.251994
0.690041
-0.844622
1.531738
-0.545711
-1.969763
-1.001441
-0.976969
-2.355355
0.313681
-0.391871
2.369553
-1.586391
-1.465887
2.240936
0.581083
-1.471830
0.828919
0.010576
1.038374
-2.048094
-0.876087
0.199402
-1.159425
0.778004
-0.539092
3.471236
-0.033196
-2.662723
-1.079736
0.638457
0.346029
1.820960
2.318848
0.079421
-0.873329
-3.191674
0.586445
-0.230660
-1.995374
-0.338349
0.634502
-3.159657
-0.085984
1.206221
2.750145
-1.026337
2.661819
0.692269
0.460191
0.858373
0.990317
1.538263
-0.278486
2.850898
0.394413
0.415829
2.420569
-1.226651
0.527573
-1.383042
1.448877
-0.353148
-2.419748
1.098950
1.508786
-0.680225
1.230599
0.251697
0.357408
1.856907
2.740569
-0.260958
2.174064
-0.158907
-0.752925
1.728035
0.237487
-0.913380
0.388501
-0.544331
3.786046
-0.050800
-1.006554
-0.308914
-0.113531
1.175712
-2.597621
-0.218398
4.178187
0.662454
0.056168
1.385654
-1.677244
0.154975
0.538915
3.372901
1.050013
0.132962
0.208538
-0.050684
-0.032165
0.132043
1.276159
-0.157084
3.762398
-1.650887
-0.390085
0.208458
-0.522484
6.836957
1.462721
-0.561487
-0.051930
-2.010878
0.363274
1.845611
1.744524
0.476512
-0.437147
1.660445
-0.146796
1.205627
0.820493
0.051670
-0.169533
-0.023878
0.016199
-0.704965
-2.293561
-1.588175
0.588256
0.071768
0.397489
0.181040
2.575519
0.363507
0.442354
-0.509352
-0.707386
3.006245
-0.511140
-1.341986
-0.652230
0.796746
-0.928370
1.745757
0.496393
-1.511998
0.228837
-3.292680
-3.492829
-2.688080
1.338075
0.892087
0.125982
-0.541785
-0.568093
-2.006655
0.078865
-0.404199
-1.082535
-0.652888
1.334708
1.098802
1.158804
1.080725
-0.028918
0.044596
-1.341186
0.624419
-0.005878
-0.149258
1.293729
0.723652
-0.890249
-2.112369
0.416287
1.618636
-1.074641
-0.606876
1.826260
-0.989305
-0.489289
0.859521
3.271096
1.314650
-1.842982
-0.637447
2.008942
0.266808
0.218345
-1.586673
1.405355
-0.069439
2.050544
0.581353
-0.521605
-0.170988
-0.724690
-0.156534
-1.180063
0.651264
1.260365
-3.410852
-0.006385
-2.063545
-1.871035
-1.096180
2.642743
-0.702421
-0.128748
1.460241
-0.142463
0.677782
0.422288
-0.187228
0.253203
0.698762
0.443003
0.093827
-0.305196
-0.590506
0.348373
-0.709888
0.667408
0.180922
2.696485
-2.519118
-4.787757
-0.874591
-0.066532
-1.153310
2.259969
-0.427584
-1.053820
-0.117341
-0.249634
-0.688025
0.252865
-0.345424
-0.002050
-2.276695
-0.742885
2.003752
0.903574
1.715879
-0.364669
-0.200195
0.390075
-2.950356
2.387382
-2.813864
-0.500269
0.226016
-0.594802
-2.371602
-1.000232
-0.725196
-1.749495
-0.977833
-0.103959
0.115966
-0.368580
-0.227015
1.433711
0.041154
1.158970
-0.614959
0.782824
-0.094731
0.285794
-0.614634
0.012316
1.288523
-0.901377
-0.499027
0.786396
0.105846
0.554590
-0.142128
0.165768
0.406199
-0.075280
1.423478
-0.623403
0.652303
1.913631
-0.101025
3.307303
-3.637499
0.328554
-0.145433
0.145966
3.566719
1.083397
-0.108264
0.012144
0.427323
0.576349
-0.588864
-1.357262
-0.375950
0.100700
0.314170
-0.889262
0.696766
2.093348
3.111723
-0.507095
0.360136
-0.194816
1.406498
-0.452178
1.388175
0.721805
0.189174
0.260878
0.456624
-2.573499
0.214444
0.499062
0.440529
-2.853229
-0.637310
0.397580
1.270163
0.555306
-1.078438
0.069308
-0.146000
-0.110838
0.392044
0.800274
4.697267
-0.520993
3.263694
0.678625
-0.753626
2.491678
-2.354628
1.483136
-0.300814
1.896647
-0.893268
-0.711953
0.452642
0.871492
1.274074
-0.313839
1.072773
-0.090669
-2.091221
0.014348
-0.029451
-0.427329
-1.072063
-0.370785
-2.546536
-0.382098
1.415324
-0.059209
0.861594
0.084990
-0.706630
0.840237
1.125190
-0.787332
0.063023
-1.923698
-0.988093
0.169611
2.515048
0.119348
0.005953
-1.113350
0.924289
-0.994278
2.409391
0.390818
0.106057
0.839495
-1.440469
0.253813
-0.540740
0.232935
2.090802
-0.078374
2.282655
3.095875
0.934065
1.064617
-0.108393
0.204026
-0.305685
0.495245
-0.283756
-0.886664
1.868439
1.682161
-0.583228
-1.523620
-0.030423
-0.739747
0.401109
3.728491
-0.216054
-0.068697
-1.061428
-0.334324
-1.358267
0.591652
-1.259158
-0.705376
-0.399358
-0.143628
1.209715
-0.603009
1.564601
0.915553
-0.689300
0.507291
0.294163
0.509496
-0.540539
4.763428
-0.236001
0.408547
-0.907599
-0.453476
0.161829
-0.039172
-0.158600
-2.124873
0.577714
-1.694121
-2.349476
-1.408492
0.124849
-0.817848
-0.040475
0.469166
2.188973
0.280013
2.027981
-0.582109
-2.203316
0.844241
0.111917
2.315315
0.186114
0.936006
0.355448
-0.856452
0.007036
2.133471
-0.876758
1.593521
0.244570
-0.198913
-0.838851
-1.004106
1.519629
0.336235
-0.721916
0.248496
0.633568
-0.542593
0.624627
-0.533284
0.022880
-0.855967
3.248085
-0.093665
1.105935
1.769316
0.633572
1.512016
0.510271
-0.553057
1.141937
-0.563017
-1.698281
-0.020264
-0.005863
0.210732
-0.149063
0.528114
-0.013288
-2.544990
-1.470087
0.543016
-0.810027
-4.499686
-0.350194
-0.071855
0.262846
-1.749527
0.717247
-0.362867
-0.273738
-0.626376
0.128460
-0.326169
0.588992
-0.236166
-0.595597
-0.089465
-0.563551
3.013906
0.672579
-1.386357
-0.653179
1.116594
0.261267
0.722665
-0.147786
-2.392079
-0.078148
1.893231
-1.772468
0.168103
0.312552
-0.486525
0.181336
3.610930
0.788393
-0.923857
-1.918483
0.059040
0.097242
-0.097215
0.896136
-1.545457
0.991672
0.037671
0.002868
-1.713259
3.023939
0.848746
-2.031202
0.581606
1.726158
-0.428376
0.120595
0.053356
-1.795107
3.739030
0.154781
0.095341
1.746624
0.375873
-1.403767
0.098783
2.632052
0.530204
0.069386
0.641494
1.652867
0.240625
-0.633322
-0.104069
-2.110113
-2.098159
0.121465
1.387367
0.173939
-2.143514
2.667082
0.117706
1.168898
-2.785096
-0.594130
0.716055
-0.337868
1.095566
-0.573976
-0.128516
1.026867
1.226486
3.517826
0.630193
0.020191
-1.532450
-0.577016
-0.053339
0.987574
0.990490
-0.863810
0.572738
-0.171419
-0.048793
-1.087126
-0.036983
0.078027
0.600681
-0.336927
-1.449393
0.841193
-0.439271
0.424274
0.298534
-0.347815
2.280805
-0.262120
0.543898
0.828848
0.404516
-1.207584
0.229817
0.040175
-1.312098
-0.396260
-2.824003
-0.723070
0.267100
0.007454
-2.182305
-0.147331
0.560329
0.795849
1.222398
-0.964019
2.171435
-0.401718
0.609574
0.411808
0.483098
1.174836
-0.098327
-3.588605
0.037583
-1.805164
-0.309428
-0.067547
-0.068422
-1.874801
-0.696891
-1.322131
-0.793401
1.215548
0.365205
-0.326342
-0.977411
0.454624
0.231704
0.943373
-0.986876
0.385075
-0.747190
1.618066
-0.141100
-1.719404
-1.697858
-0.281848
-0.164471
1.020244
-2.386655
-1.463291
0.401408
-0.001712
-1.350503
-1.001008
0.177617
-0.007048
0.359812
-2.337146
0.158248
1.611061
-1.012885
0.912961
0.700729
1.105985
-1.138733
2.120772
0.035035
0.748752
0.674813
0.522844
-0.166475
3.336654
0.234314
1.255427
-1.940605
0.497517
-0.756227
-0.008073
0.031960
-0.577374
0.252872
-1.015896
0.820208
0.658829
-0.315277
-0.325181
-0.743348
-3.448946
-0.199672
0.972546
1.784407
0.201100
0.249163
0.409293
-0.161009
0.778207
0.243271
2.169045
0.070224
-0.347164
0.346557
2.458750
-0.398787
-0.689618
0.992913
-0.204873
2.241767
-2.313261
1.643567
-0.077763
-0.415047
0.030607
0.338641
-1.514269
-0.668091
-4.083507
-0.059362
-0.011865
-3.023568
1.432822
-0.494154
2.126373
-0.058122
1.775690
0.244126
1.583864
0.464268
-0.838052
1.141100
-0.822756
0.149942
-0.026946
-1.039370
1.662712
0.644703
4.085280
-0.469800
0.460309
-2.499577
-0.839705
-1.223852
-0.297829
0.619862
0.870736
-0.038328
3.675677
0.911813
2.351389
-0.037833
1.040813
1.096999
0.850878
0.749852
-0.494849
0.516833
-0.295480
-0.905147
-0.254894
0.194467
-2.464929
0.241076
-1.152111
0.060205
0.839087
-2.068738
-0.628089
0.800904
-0.285721
2.328124
1.002929
0.202496
-1.626500
-0.979163
-0.438053
1.504958
0.412524
-0.478102
0.471891
0.278109
0.874267
0.023280
-0.095504
0.169357
-0.596793
0.731011
-0.580916
0.349201
2.564732
0.407043
-0.751888
-4.818966
-0.600382
-0.238962
0.068819
-2.149887
-0.090155
0.916577
1.101338
1.094407
0.698433
0.357777
-0.164200
1.201484
1.128235
0.680949
0.648606
0.014524
-2.173115
-0.158522
-1.357883
1.192884
2.090830
0.181665
-0.159644
-0.850995
-0.378779
0.530745
1.279194
-0.497980
-0.292738
-1.643955
-0.484780
0.349302
-0.019530
1.146762
0.529867
2.248561
0.331914
0.082177
0.820324
-0.241961
-0.968474
-0.895794
-0.724970
-2.881373
2.324284
3.258790
0.073083
-4.137108
-0.204604
0.397023
1.246963
-0.369058
-0.705624
-0.570803
0.125988
0.196621
3.768121
-0.174218
1.542972
-0.324177
0.033896
-0.911085
-4.020619
-4.269631
-2.471904
0.560819
2.390717
0.457087
-0.676979
0.631388
-1.884129
-0.118996
2.090949
-0.452084
-0.057767
1.507679
-0.514389
-4.244287
1.582531
0.532450
0.418592
0.707590
-2.261248
1.806839
-2.627752
0.251794
0.014429
-3.012974
-2.769256
-0.222418
-0.258424
0.100966
0.226484
-0.235457
0.116560
0.338403
-1.516548
0.018632
-0.424699
-0.317979
-0.720300
-0.215761
0.955629
-1.013252
0.583806
-0.581071
-1.954656
-3.216523
-0.555744
2.751356
0.603178
2.473046
0.585780
0.814524
1.392313
0.724780
-0.248788
-0.266801
0.831753
-0.171437
0.835647
-1.087727
2.788557
-0.262568
0.136039
0.049730
-2.879447
0.425656
-2.703469
-0.342304
-2.599950
-0.591350
0.725795
1.170239
-0.087067
-0.042606
-1.390277
0.059993
-0.001618
-0.195223
-0.005628
-0.795595
-0.303373
-0.826185
-4.772101
-0.713709
3.063687
-0.237994
0.295243
0.729809
0.996041
-0.195947
1.930889
0.841998
0.894357
-0.017989
-0.481809
1.042124
-1.112211
-0.378866
-1.028822
-0.908550
0.272093
2.067419
-2.377141
-1.865412
-0.184191
-1.073465
0.239605
1.772901
0.179693
-1.572870
-1.267718
2.330958
-0.438249
-1.238096
-0.934909
-0.513413
0.081366
1.044894
-2.150303
-0.344175
-0.754328
3.555386
-1.280293
-2.789434
-0.047509
-0.110238
1.233578
0.331889
0.868115
-2.715393
1.156902
-0.200313
2.807878
1.506687
-0.027055
-0.259491
-2.118775
-1.680028
-0.508155
0.334986
-0.931867
-0.124342
0.207577
0.039763
0.189967
0.867670
1.014544
-1.381677
0.259214
1.401940
-0.040862
1.199545
1.292115
0.271700
1.427636
-0.387263
-2.013369
0.632759
3.253080
1.251051
0.765836
1.040965
-0.630602
0.643827
0.553808
0.704367
-1.401748
0.788386
1.177484
-0.165145
-0.186240
-2.456147
1.312482
-4.044202
0.133243
-0.101078
0.910296
-0.271573
0.168442
-0.191237
-0.661531
-2.162988
-0.645109
-1.421419
0.435252
-1.256214
-0.083073
0.666382
1.400823
-0.125984
0.223434
0.340606
-0.637684
1.318650
-0.269996
3.073868
0.271917
0.009595
0.691508
-0.072539
1.947149
-1.110926
0.015920
0.887141
-1.059071
-1.962253
-0.709214
2.889077
-0.102342
1.041430
-0.260963
0.542629
1.435617
0.349436
1.079259
0.122088
0.866655
-0.543975
-0.508551
0.405341
0.620017
1.617465
-0.474958
4.664905
0.763790
0.486611
2.888456
-0.258531
-0.929268
0.586120
1.211382
-1.377682
1.481801
-0.331274
1.834652
-2.124024
-0.152510
-1.101531
-2.750091
1.432427
3.883062
-0.181245
0.198515
1.352642
-2.046812
-0.174109
-0.155049
1.233713
0.545834
0.612010
0.042951
-0.124762
0.300212
1.090503
-0.135491
-0.231375
0.050501
-0.201352
0.833852
0.587148
-1.342690
0.311758
1.191556
-3.383920
4.258056
0.769127
-1.874290
-0.169129
2.032135
-1.526081
-0.501418
1.886226
0.052997
1.540491
0.891112
0.199382
-0.468517
-0.807046
-0.117035
-3.066770
2.342515
2.682313
-0.073347
0.178234
0.905222
1.622344
3.139495
-0.438823
-0.477731
0.738819
-2.420424
-0.126321
-0.235515
1.537749
-0.088563
-0.253585
0.388193
0.071184
0.968675
0.211540
0.337006
-1.486840
0.039802
-1.085560
-4.438808
-0.463909
0.730799
-0.449825
0.077956
-0.896415
-0.379343
-0.021316
-1.079913
0.950854
-1.950782
2.736033
0.538117
-2.314069
-0.544783
-3.314761
0.970696
-0.402193
-0.085913
-0.888324
-0.789686
1.789283
0.207465
1.494797
-0.103551
-0.213474
-0.034210
-1.672777
0.034446
-5.223402
-0.643524
0.046745
-0.455376
-3.125532
1.150143
1.235136
-0.794198
-1.000435
-0.373800
-0.233739
3.979680
-0.185996
-0.319185
0.506604
-0.073501
0.366305
0.568816
-0.597263
3.711556
-1.045605
-0.039094
-0.845022
-1.690654
-1.903681
-1.583509
0.089956
-0.044169
0.188286
0.319866
4.672515
0.194813
1.605403
0.036996
1.667179
1.852178
-0.328881
0.734857
-1.220616
0.091511
-1.567623
0.090600
0.071235
0.039591
1.678563
-0.763101
3.440546
0.127909
2.302819
-0.657261
0.100514
-1.380303
0.653790
0.744810
-0.830340
0.991414
1.310923
0.737998
-0.534878
-0.103084
-0.228554
-0.550968
-2.537510
-0.519405
0.948587
2.209862
-0.825583
-1.101293
0.528837
-0.310572
0.544536
0.965614
1.712825
-0.716117
-0.418447
1.002400
-0.046186
-0.468372
-0.283598
-0.156785
0.155823
1.888471
0.112486
-0.471254
0.468201
0.781523
-1.373705
0.110151
0.066376
-0.175654
-5.058855
1.965432
0.536656
-2.460224
-0.787943
0.028412
3.717279
-0.113439
0.446995
0.488429
0.982929
-0.248023
0.005677
0.589564
0.313326
1.089837
0.081680
-1.496766
-1.238738
1.780838
0.082014
0.569231
1.140060
-1.686690
-2.842870
0.055589
1.299834
-1.166595
-1.842798
-0.233643
0.162911
-1.803468
-0.428403
-0.569810
-1.385725
0.112417
0.900528
-1.487918
6.998752
-0.046989
0.947401
0.980493
1.325914
-0.481407
0.072899
0.003434
-1.267118
-1.905565
0.257840
-0.559680
3.924177
-1.184098
-5.215570
1.080110
-0.710999
-2.753734
-0.336153
-1.520620
-0.980523
-0.135948
0.010273
0.745385
0.038340
1.084027
-2.396003
0.339336
-0.263839
1.154313
0.720722
-0.265028
-0.448127
0.134505
-0.936346
-0.985471
1.361661
0.620571
0.472714
-3.672717
0.944437
-0.504226
-0.516174
0.894879
-0.094316
-0.507115
0.290064
0.512741
-0.406585
3.390219
0.966859
0.041901
-0.175322
-0.462123
-0.568307
2.093952
-1.231982
-0.419212
0.179794
0.061675
-1.072094
-0.388377
1.754437
-0.019066
1.629682
-1.518440
0.437541
0.793571
1.143870
-0.313247
0.851394
0.346042
0.408032
-1.772076
-0.123456
-1.406346
-0.258498
-1.997713
1.038981
0.576486
-2.283334
0.309123
-0.735708
-0.060674
2.261962
0.046724
-0.200977
-1.673614
1.214745
4.044892
0.284194
-3.089926
-0.414539
0.077285
0.026981
-0.766465
0.347330
-0.964962
-4.387957
-0.025478
0.118859
0.880940
-1.319154
-0.804951
1.408894
0.163957
-0.367958
-0.639044
0.338087
-1.083729
3.379269
0.492348
0.926950
-0.809471
-1.108842
0.693337
0.674803
0.160018
1.163672
0.215619
0.139676
-0.067164
0.273731
1.565446
-4.665308
-1.323948
-1.363914
0.360746
-0.435284
-1.316454
-1.281257
1.423573
1.922033
-0.606879
-1.578629
0.939757
1.191620
-0.107135
-1.987234
-0.017006
0.270151
-2.273009
-0.989000
-0.173191
-0.601306
-0.353979
-1.075663
-3.248340
1.895531
-3.549656
0.265003
-0.020079
-0.036896
-0.750227
-0.259902
-0.027173
-0.303348
0.027150
-1.287221
0.486821
0.349372
-0.591087
0.156152
0.160826
0.103999
0.432059
-0.277287
-0.229356
-1.389367
-0.111031
1.505903
0.665471
-0.002089
-1.896243
-1.117962
0.789676
-0.160144
-0.403442
0.879108
-0.354132
-0.361326
-0.201329
1.145403
1.080364
0.342353
-0.791795
-0.456147
-3.566846
0.653572
-0.094577
0.533869
-0.255299
0.622656
-0.582969
2.567133
-0.575797
2.397636
-0.384073
0.442080
-1.843262
0.858005
0.145586
1.033580
-0.555290
0.336335
3.547879
-2.120982
-1.983133
-0.447489
1.219969
-0.175044
0.409447
-0.649314
-0.651383
-0.003495
1.672945
-0.025979
0.994879
1.836033
-0.789281
-0.616206
0.293323
0.259880
-5.663100
1.673750
0.164993
-0.569642
1.278427
1.790855
2.564336
2.118809
0.526236
0.060296
0.742535
4.079308
-1.066734
0.683808
-2.273078
-0.730293
-2.005894
1.648986
0.387411
0.635865
-1.108181
1.848406
-0.761354
-1.948655
-0.202279
-2.330311
4.075528
0.316134
-0.450586
0.270806
-0.693359
-0.445152
0.050971
1.055538
0.231245
-0.259784
0.663933
0.138670
-0.429179
-0.111655
-1.671319
-1.742182
-0.130754
-0.630869
1.110016
-0.019766
0.013995
1.634686
-0.238025
-1.093371
0.322287
0.125951
-1.728238
1.356904
0.302197
-0.005551
1.831387
0.279482
-1.326132
-0.740105
-0.731763
-0.267361
0.125325
0.756627
-0.873731
-1.126256
-1.197421
2.328605
0.604641
-0.048124
-0.227000
1.026464
0.137142
1.121945
-1.749517
-0.224895
-0.423453
0.207954
-0.504866
0.585128
0.739904
2.112757
-0.577486
1.205432
0.971907
1.726623
-0.363985
0.618871
0.068215
-0.040401
2.788907
0.791865
1.293898
0.057949
0.080944
-1.943573
0.478918
0.477595
-3.084348
-0.181190
-1.100387
-0.171167
-0.742327
0.617846
-0.659645
-0.430994
-1.349016
0.188522
1.817806
-0.147246
-0.486486
0.447004
-0.298167
0.193695
0.062829
-1.011105
-0.001795
1.409759
1.744483
-2.746577
-0.333793
1.442976
0.944556
-0.816441
-0.198356
-0.372656
-0.535813
-1.606317
-2.679040
-0.460523
0.035525
-0.912869
0.641759
0.715202
1.982436
4.674435
-1.827781
-2.105686
0.177318
6.430503
-0.015272
1.501792
0.444487
1.298363
-0.047763
-0.868111
-2.398673
3.027567
-1.739880
2.478167
-4.153220
-0.114577
1.139058
0.985806
0.406084
-0.693232
-1.152760
2.512553
-0.355843
-0.956090
-0.598033
1.329856
-0.241099
-3.749627
0.282882
-0.433817
-4.254815
0.522833
-0.261634
0.194413
0.520119
1.405017
-0.047142
-0.268668
0.657121
2.378513
0.203513
0.849794
1.958133
0.445790
0.670604
2.076184
-1.380609
0.184500
0.696059
0.879889
1.103939
1.699460
0.701401
-0.996904
-1.601415
-2.918729
-2.258521
-0.012705
-2.557106
0.432163
1.008971
-2.388966
-0.276995
-0.903377
0.312531
-1.810282
-1.833607
-1.503465
-0.074718
1.025812
-2.042762
-2.187956
0.240788
4.469628
0.638333
-0.352979
1.988801
1.284652
2.048499
0.453492
0.368782
0.775462
0.200663
-0.207598
2.391736
0.483572
-0.143251
-4.340183
-0.992097
-0.057560
0.452448
-5.082520
0.036446
-2.103827
-0.888181
-1.190082
-1.253175
-0.559947
-0.641400
0.240292
-1.547713
-0.421252
0.394150
0.556391
-0.438857
-0.226179
-2.045484
-0.677444
-0.652335
-7.851195
2.059700
1.767569
0.776308
0.055851
-0.443500
0.594982
-0.826123
0.709932
0.618897
-0.212523
-0.793216
-0.191896
-0.204879
0.669777
-0.054054
0.256376
1.572013
0.265239
1.596463
-1.142791
-0.806138
-4.593042
-0.025162
1.479844
0.574205
0.967387
-0.562291
0.835092
-2.056985
0.095114
0.835989
-7.967159
-0.083400
0.112556
0.056218
0.825009
-0.589003
0.678081
0.072669
-4.114007
-1.200807
0.739148
-0.172291
0.122955
0.010713
1.556445
-1.073396
-0.219364
0.022341
-1.971600
0.130060
0.632377
-1.901424
-2.331915
0.275752
0.882381
1.262432
1.665485
0.165310
1.863516
-0.103549
-0.330001
1.865753
1.723806
1.745121
-0.105486
0.483508
-0.966909
-0.935736
-0.790815
-0.924830
-0.366367
3.727791
0.272246
1.655193
-0.013480
0.027833
-1.891864
1.558934
-3.004937
-1.237790
-0.092557
0.730256
-0.822390
0.008745
-0.275472
-3.665798
-0.320561
-0.561918
0.195957
-0.561040
0.638178
2.271822
-0.877465
0.347234
1.281041
0.379392
-0.390463
-2.277807
1.231069
0.139513
-0.694934
-0.913127
0.112242
1.337279
-1.559636
-2.377495
-0.268024
-1.018869
2.140658
-0.205265
-0.429204
-0.230647
-1.100677
0.094759
1.623164
0.096356
0.123288
-0.637773
1.084632
-1.224366
0.104343
0.143547
-1.656426
0.723440
-0.850784
2.442673
-0.185556
0.109618
-4.161730
-0.618668
-1.452256
-0.664194
-0.061951
0.415840
-1.377814
0.162686
0.567390
0.017165
0.715689
0.378949
1.780524
-1.819096
-2.212388
-1.807304
0.291128
2.432302
0.295654
-0.998121
-0.819541
-0.085635
-0.411712
0.775914
-2.963284
-0.158603
0.056186
-0.736620
-0.266042
2.165249
0.873597
-0.245917
-0.858163
1.696054
0.351937
0.452352
0.170561
0.795854
-0.665510
-0.527964
-0.569474
-3.682646
2.356240
-0.923131
-1.674891
-4.222416
-0.577376
0.579655
2.614953
1.700044
1.652761
-1.001134
-0.307540
-0.752908
2.377091
-0.239651
0.392050
-0.038932
0.308745
-2.399799
-0.165942
-0.164657
-0.136137
0.316130
-0.408301
-1.775499
-0.454280
1.723653
1.266569
0.161245
-0.888210
-1.258688
0.191249
-1.150066
-0.383753
0.448479
-1.104795
0.277955
-0.221508
-1.354378
0.061869
-0.494642
-0.469092
1.585953
0.084234
-0.629703
-0.541027
-0.903588
0.682338
1.882441
-0.701482
-1.073936
-0.362454
0.459773
0.948547
0.447452
0.772130
-1.395935
0.201299
0.295950
0.505039
0.900721
0.776968
-0.561083
2.411720
-1.507326
2.688131
-1.420397
0.623940
-0.310198
-0.693696
-0.645950
0.420210
0.133870
-1.141274
-0.858316
1.073079
-0.103627
-0.187549
0.165597
-0.288557
0.392803
0.681759
0.589346
-0.366131
0.113135
-0.215603
-1.463678
0.437841
4.455610
0.668570
-0.286231
0.872537
0.028154
0.388136
0.678158
0.286699
0.292590
1.324512
-0.337667
4.340803
-1.453319
0.271281
0.400575
0.444864
0.814206
1.402181
0.017283
-0.779640
-0.539690
-1.773448
0.233086
2.383441
1.090704
-0.425834
-0.508863
-0.260080
0.614854
-0.183247
-2.074961
0.593604
-1.139054
-0.131647
0.030229
0.427531
-1.617819
-0.649655
-0.515595
0.601485
-1.361433
0.371902
0.577993
-0.713174
-0.601159
-0.262610
1.891636
-2.252034
-0.648208
-0.143513
-0.573134
0.111950
0.036723
1.476967
0.013773
-0.356566
-0.855911
0.954141
0.636893
2.155682
-0.804258
0.907896
0.403231
-0.264563
-0.748071
-1.017163
-2.159141
-0.398079
-0.123473
-0.338878
-2.090607
0.150984
-3.765859
0.826882
0.994861
-0.559800
-1.103734
0.652774
-0.390810
-0.157107
-1.062155
0.274785
3.232051
0.480889
0.012007
-0.026137
-2.502953
0.574176
-0.529229
0.804994
0.387145
0.037161
0.161975
-0.426408
1.629744
0.975022
0.014575
2.518807
-1.222730
2.285874
-0.458844
-0.872185
0.039213
-0.422874
3.943821
-0.402452
0.256810
-1.163930
-1.910010
2.332979
0.182565
-0.705647
0.154619
0.136270
2.083892
-1.863078
-2.286766
3.155856
0.896551
-0.370117
0.713978
-0.090983
1.298767
-0.415750
0.834441
0.757477
-1.263507
-0.544120
0.598922
-0.549764
-0.736750
-2.493621
-0.004889
0.727989
-0.304121
-0.024550
-1.683086
3.331395
0.339685
-1.096978
2.019291
-0.787733
-0.189144
0.010565
0.872914
-0.352082
0.181166
1.151577
-0.414576
-0.277430
-0.982122
-1.766512
1.110974
-2.286245
-0.185399
0.270032
1.001848
0.120400
1.698253
0.087080
1.172862
-1.218531
0.181530
-0.377398
1.675498
2.341101
1.082914
6.560469
2.025220
-0.051927
-1.101226
1.329104
0.517973
0.174509
-0.293305
-0.013551
1.990354
2.424726
-0.399876
-0.646314
-0.401633
0.045959
-0.363985
-1.078845
0.158487
0.745862
0.859515
-0.249275
-0.447681
0.500265
1.986038
-1.109789
1.168908
0.029190
0.015390
0.697314
-0.069836
-0.390580
0.694476
-0.222416
0.983667
1.790524
-0.623868
0.030805
-0.006765
0.330815
-4.081826
-0.154771
0.214630
-0.375014
0.478979
1.983303
1.317508
-2.583809
-1.597637
-0.129239
0.919196
1.509624
1.073324
-1.425995
0.189511
0.735829
-0.562298
-0.148580
-0.598455
0.879886
-1.010574
0.658180
-1.340045
2.000069
-1.263055
2.188333
1.196671
-0.200091
-0.085305
-0.369530
-2.299406
-0.067092
0.793343
0.347401
0.973890
-0.074449
0.169442
0.437864
0.003747
0.443538
-1.455212
-0.502690
0.147625
2.220828
-0.168217
-1.171564
0.531662
0.536260
0.188516
3.271029
0.000238
0.767489
0.587418
0.303908
0.511654
1.298388
0.162481
0.103471
-0.605714
-2.685305
1.557592
-0.436951
0.003315
0.411022
2.804803
-0.468888
-1.326962
0.100202
3.926355
0.313372
-0.790575
-1.543484
2.070865
0.893622
-2.252689
-0.329764
2.309719
0.728751
-2.008711
0.075288
0.653006
0.144331
-0.497011
-0.079302
-0.925153
-4.728084
-0.429569
0.790625
0.113327
0.218746
0.953576
-0.109258
1.848186
-0.481350
-1.454460
1.523071
0.279246
-0.695533
-0.130902
0.253514
1.460289
0.401803
0.575482
1.026536
-0.081517
0.782378
-1.019299
-0.195495
0.062058
-0.703179
2.253331
-0.616755
0.992654
-0.686573
0.622603
-3.654321
-0.669155
-2.169426
0.849375
0.965698
0.372104
0.206972
-0.662072
0.166284
1.634273
-0.288605
-0.067045
0.049771
0.285174
1.673749
-1.300177
0.016076
0.154720
1.238047
-0.419004
-2.732417
0.291332
0.018723
-0.119359
-1.161858
0.720638
-0.245337
-0.159468
0.154278
0.336506
-1.151852
0.184940
1.598892
-0.843286
-0.299534
0.539847
1.350971
2.632767
2.702228
-0.111819
1.320606
-0.382356
1.768195
-0.246439
2.664540
1.026710
0.055579
-0.055179
-0.241866
-0.269040
0.926384
-0.162256
-4.083689
-0.473906
1.338316
-1.109422
-1.994188
-0.653631
0.201317
0.327242
1.639341
0.689947
-0.803105
0.925765
2.640740
0.209610
0.021156
1.107763
0.124680
-0.047219
-0.572863
-0.162229
1.010959
-0.933264
0.999199
0.835861
-3.349989
-0.377041
-0.667841
-0.198150
0.597838
-2.147020
1.110088
0.628945
-0.301919
0.524558
1.592558
-0.132935
2.635777
-0.021283
-1.866833
1.325119
-0.739528
-0.506587
0.412490
-0.901326
1.568527
-1.024615
-2.580531
-0.095555
0.375148
-0.446846
1.423436
-0.052407
0.033464
0.495840
-0.662731
0.070418
-2.566171
0.028663
2.191420
0.748300
0.156757
0.818058
-0.006345
2.158363
-0.033665
-0.235380
-0.274427
-0.110672
1.466259
-0.089246
-0.462892
-1.400182
0.728088
3.425320
-0.426817
0.369351
-1.119645
-0.317019
-1.524704
1.019454
0.458802
3.763629
-0.530772
-0.914118
0.458457
0.109360
0.632740
0.588014
-2.026097
0.441778
-0.029016
0.324259
-0.087936
3.354580
0.176049
2.143148
-0.280578
2.543779
-0.251097
-0.645196
-0.179065
0.523248
-0.259922
-1.040663
0.469794
0.551117
1.084820
1.208196
-1.883802
2.117956
0.416232
0.733908
1.941584
2.639787
2.536290
0.253944
0.032747
0.493815
-0.402217
0.179205
-0.291940
1.022307
-0.818705
1.086585
0.929660
0.922374
0.788224
-1.019823
0.742037
-1.129189
-0.121921
-1.021906
1.311940
1.068073
-0.338094
0.111570
0.083408
-0.980387
-0.214635
0.264012
-1.366928
-1.915227
-0.285011
-2.194519
-2.577919
-0.396238
0.408987
0.114455
-2.771750
-5.400812
-1.301169
-0.211504
1.034931
-0.337971
-0.750777
0.287764
-1.153147
-4.054288
0.943457
1.829452
-1.076920
-0.701303
-1.612409
-2.640217
-1.882110
-0.091529
0.194699
0.264347
0.339258
4.119856
-0.767163
0.782175
-2.032088
0.243773
1.061323
-1.575068
2.199854
-0.010374
0.378543
3.031009
-0.005825
0.885168
-0.272992
-0.447943
-1.202071
0.265397
2.198248
-0.484163
0.288278
0.692593
-0.785896
0.894259
5.440156
-0.422940
1.085998
-1.911018
0.838527
-0.175124
0.478395
-0.156239
-0.194671
1.861436
-0.921443
-0.046916
0.062817
-2.957544
0.175736
-0.051224
0.042517
-0.741703
-0.103364
-3.329310
-2.754242
1.087370
-0.393400
-1.009975
-0.109819
-0.573124
-0.019753
-1.921117
-2.756964
0.572971
1.337629
-2.827756
-2.393933
0.510773
-1.574674
1.075648
-1.429950
0.885028
-0.664992
0.064460
0.565367
-0.091872
-4.098712
-0.707787
-0.036490
0.195717
0.584829
-5.150981
1.061481
-1.065377
-3.179378
1.264836
-4.893418
-0.333558
-2.501737
-0.101488
0.328688
0.064414
0.051226
0.421010
-0.696080
-0.238932
0.515439
-0.527962
-1.674314
0.941191
-1.391392
-0.851539
0.219568
-0.270489
0.671746
-0.463651
1.124632
0.704771
0.129786
-0.447231
-0.380480
-0.571788
-0.438211
-1.085923
-0.095286
-0.375710
-2.894901
-0.087074
0.516126
-1.985973
1.715362
-0.380815
0.222682
-0.139219
-3.614859
1.197878
1.071500
0.561562
-1.244894
1.863958
0.040322
-0.622316
-1.303057
-1.441156
0.356256
1.430807
-0.144290
-0.025385
0.310149
4.370361
0.952775
2.999649
-0.594445
-1.348918
-1.245539
0.618006
-0.055172
-1.069762
-0.973945
-1.051268
-0.733267
-1.621045
0.033349
1.139333
0.070132
0.061577
0.475030
-0.321260
-0.714571
1.096928
-0.561809
0.752731
-1.595510
-0.172122
1.450622
0.698183
-0.506235
-0.460112
-0.739304
2.035794
-0.480351
-2.388392
1.712683
0.186853
-1.046121
-2.231155
-0.459790
0.353281
-0.797410
0.009048
1.041611
-0.071677
0.231553
-0.385790
-0.492987
-1.293066
1.345661
4.503736
-0.000337
-1.473883
1.064319
0.843597
1.418635
1.950818
-0.887420
0.741354
0.446840
0.014583
-1.865982
1.818926
-0.123411
-0.257075
2.653239
-0.351660
2.877855
-1.269845
-0.209581
-0.553105
0.863924
0.303023
0.877474
0.255679
-1.648960
-0.234625
2.359396
-0.219340
0.067525
1.036075
-0.233218
-2.734009
2.072979
-0.805155
1.007305
1.000067
-1.187900
-3.067990
0.169220
1.094266
0.062931
0.371674
0.699195
2.898472
-2.480145
0.566677
-0.433229
-3.594450
1.249902
0.614957
-0.506440
0.345258
-0.327457
-1.677689
-0.658606
-0.091015
-0.022581
-0.860159
1.258966
-3.147300
-2.684576
-0.677207
-2.226307
2.854922
-0.045989
1.357607
0.854690
0.300988
1.557030
-0.314352
-0.077823
-0.162247
-3.201948
-0.848299
-0.229258
-2.084141
1.971375
0.586152
-1.884600
0.853790
-0.102175
-0.281665
-0.143680
0.977170
-0.060460
0.484081
-0.622448
2.513359
1.644194
-1.375625
3.269439
2.080098
-0.273496
-2.660710
1.701124
1.257963
1.674632
0.497756
-0.024620
0.920956
-2.100718
2.310704
-0.793868
-1.813689
-1.111846
0.283977
-1.246653
-1.662384
-0.369974
-0.822447
1.443450
0.900475
0.215525
-0.461952
0.244940
-2.000899
-4.283833
1.401927
-2.914745
1.718257
-5.026859
-4.123353
1.189753
-0.264910
-2.452377
0.719954
-0.727651
2.289784
-0.099454
0.613825
0.694295
0.028091
0.445556
3.050534
0.211650
1.166302
0.222997
0.650504
2.105123
2.213062
2.495836
1.027383
0.662149
0.118169
-1.301547
-0.354525
0.283249
-1.252113
-0.786613
0.357941
-2.239407
-0.772312
0.381372
1.620626
0.260350
0.516114
0.378994
1.245702
0.359359
-1.510579
0.187516
-0.220086
0.285661
-0.633905
-0.280884
-0.822722
-1.518686
3.101069
2.494373
-2.331306
1.868427
1.801957
1.344102
0.400316
-0.055007
-4.479703
-3.461001
-1.644306
-1.213226
-0.719937
0.681283
-0.906938
-0.052635
-0.209354
-1.579958
-1.726280
-1.540504
0.736961
2.209151
0.725979
1.355634
0.063143
-1.143822
-0.009345
0.895770
0.076574
0.562002
1.664455
0.029135
0.426768
2.384610
-0.134277
0.201393
1.041575
-1.588462
-2.048812
1.074227
-1.445459
-1.133097
3.116209
-0.325148
1.693183
-1.023226
1.112145
-0.466529
-0.570191
1.891087
-0.172631
-2.443556
1.344379
-1.028348
1.766488
-0.222532
-0.391272
-0.198736
-0.935994
1.385942
-1.387496
-1.595031
-0.250224
0.909029
-2.200234
1.058356
-0.249110
1.418316
1.946406
-0.096090
0.538397
-2.376753
0.261906
0.465202
-0.204233
0.047598
1.314627
-0.720684
1.119810
-1.214552
-1.092099
-0.663382
-0.957909
-2.592802
-0.136159
-1.547580
-0.133190
0.796067
0.033069
0.311285
0.354979
0.331604
0.635628
-2.558274
-0.128614
0.870301
1.310862
1.075307
0.414082
0.885825
-0.567063
-0.280548
1.140928
1.597535
-2.060722
-0.701684
-0.169498
1.957490
-0.017992
-0.658270
-1.860270
0.382258
0.033405
-0.617437
0.498388
2.359753
-0.284903
-1.317551
0.605973
1.535332
0.766332
-0.283333
0.069183
0.005699
-0.185478
2.921687
-0.532974
-0.577821
0.928779
2.602476
-1.905517
-1.759371
-0.383782
1.767400
3.498533
-0.212399
-1.124012
-0.205983
-0.404321
0.366932
0.402858
-0.194726
-0.470285
-1.009378
0.450021
-4.056180
-1.309325
-2.167419
-1.254897
1.289019
2.293512
1.716971
-0.738714
-0.034661
-0.191072
0.368798
-0.092017
0.532611
2.036801
-0.659608
0.413760
-4.000832
-0.372213
-3.906021
1.880748
-0.417084
-0.187822
-1.757373
0.640198
0.685560
0.653235
-0.217652
-1.141773
-2.258910
0.184946
1.144566
-2.105545
0.577773
1.590177
-0.899226
0.178304
1.188096
-1.481593
1.024544
-0.413802
0.054824
-0.051846
0.851491
-0.762972
-0.199635
-2.404884
1.635365
-0.177537
-0.249124
1.744337
-0.378550
0.577052
-0.424645
-0.153907
-0.092926
-1.895828
-1.087697
1.257606
-0.756201
-0.817677
-0.122714
-1.889918
-0.574058
-1.128958
2.941144
-0.030336
0.666860
1.028323
0.219893
0.136647
-1.192289
-1.383324
-2.561392
2.093519
-0.332649
-0.109562
3.411957
-0.649818
1.322594
-0.292351
-1.057335
-0.871291
-1.687640
0.001383
0.322636
0.101165
0.164375
0.948695
-0.208400
0.970277
-2.914887
1.192043
1.478876
-0.482164
-3.923609
1.270472
0.885678
0.706135
0.448939
-0.242122
-0.455432
1.094283
0.036357
-0.340561
0.780816
1.397260
0.935468
0.711293
-1.291466
0.417267
-1.364541
-0.474417
1.425308
-0.819951
0.977181
0.035967
0.769316
-0.254627
-0.433738
-1.053966
-0.925767
-0.353406
-3.102160
-1.781807
0.385277
-2.737660
2.186001
-0.097279
0.846703
0.286789
1.178512
-1.583052
-0.089323
-0.317498
-0.086955
-0.784127
-0.732523
-0.645660
3.367060
-0.280293
2.005978
-1.509561
0.474509
0.980928
-0.413305
0.001440
-0.414962
-1.618830
1.498991
0.368816
-0.603886
-1.755204
-4.533849
-0.524866
-1.075270
0.401190
-0.421051
-1.474730
-1.436409
-1.480473
0.650413
2.659887
-0.837301
-0.934658
-0.418532
0.430162
-0.163416
0.149320
2.070780
-0.204878
2.246852
1.344707
0.036409
0.317561
0.453219
1.194731
-1.296391
-3.697472
2.257084
-2.992504
0.405315
-0.816383
-1.500433
0.421553
0.034242
-0.572277
-0.393859
1.171245
-0.231832
-0.091864
2.495552
-1.304715
-0.171651
-1.048604
-0.409519
0.693718
1.204048
0.719918
-0.447864
0.853163
-1.114880
-0.628746
0.375885
0.452099
1.636492
-0.388991
0.062858
-2.540139
-0.353073
-0.044717
-2.047810
-3.330943
0.507989
-1.043980
0.477603
-0.839426
-0.087422
-2.915421
-2.103920
1.235704
-0.034166
-3.230787
3.943490
1.653829
-0.941729
-0.439142
0.369571
-2.408220
-1.846446
2.955762
1.090377
-0.722058
-0.731428
-0.023034
1.893528
-1.249809
1.064122
-0.093889
-1.006722
-1.028632
2.014788
-0.704346
-0.933297
0.307813
-0.166665
1.482747
1.193710
1.438737
1.755435
1.708609
0.638929
-0.231203
1.954812
0.602872
-0.507062
-1.392869
-2.329428
2.421728
-1.083713
-1.365910
1.960365
-6.097955
-0.299890
-1.077592
-0.020737
-0.527022
-0.466851
-0.455003
0.694636
-0.007641
-0.008091
0.457909
0.667130
0.486453
-0.458325
-1.098702
0.172193
-1.110946
-2.342615
-0.014757
-1.909667
0.839836
1.509278
-5.030025
0.021204
-0.964449
-1.366882
0.125940
-1.229547
-0.522160
0.467576
-1.886391
-0.518379
-2.168222
-0.709211
0.855576
-0.349925
0.126704
-1.563470
-1.582383
-2.194680
0.224832
0.850690
0.911837
-0.533503
-1.583664
2.681183
1.365436
-0.626481
-3.590157
-0.314598
-0.381848
0.905877
-0.675282
-0.372315
-0.483221
-0.116302
-0.057589
1.328501
0.201665
0.770623
0.114969
0.406839
-2.019210
0.252299
1.750317
1.230050
2.627326
-0.056267
2.490485
-2.015803
0.058351
0.126108
1.224493
-0.423280
1.220872
2.422665
-0.533730
0.597397
-0.807920
-0.487748
-1.715687
0.137405
-1.561505
-0.372728
1.701117
-0.190418
0.865262
-0.272389
-0.576717
-0.272216
-1.207868
1.109712
-2.344045
-0.840270
-0.112795
2.553869
-1.971009
-0.197157
-0.142132
-2.874463
-0.046803
2.579492
0.192283
-0.414957
-0.546309
-0.127886
-0.559169
0.180918
-1.109537
0.017622
1.511875
-0.674224
-1.925171
4.539757
0.221151
3.306921
-0.203417
-0.251719
-0.321681
0.474296
0.774690
0.024050
0.049215
1.008110
0.607625
2.836287
0.814890
0.903062
-0.271259
-0.856093
1.053027
1.261230
-1.052666
-0.191104
-0.975342
-0.074628
1.224177
-0.052613
-2.368882
-3.332264
3.387731
2.064271
-0.606485
-2.188671
1.983500
1.361284
-2.584461
-0.388091
-0.651752
-0.222686
-2.881902
-2.808666
1.738007
0.109872
1.188682
0.327792
0.046472
0.291274
-0.134492
1.649363
1.131676
-0.643823
0.743435
-3.630098
0.432826
2.318567
-0.046460
0.059036
-0.162128
0.049388
0.097656
-0.202671
-0.081995
1.016950
-0.074064
-0.243741
0.481222
0.004058
0.619973
2.334118
1.631764
0.729955
3.307419
0.990328
-0.474621
1.075189
-0.096476
1.101203
-0.092712
1.524142
0.645037
-0.529391
-1.179370
-0.000121
-0.485357
1.075284
-0.103735
0.844156
-0.333898
1.393508
-0.480834
1.656352
-0.565028
0.775539
0.593247
0.687079
-1.129376
-0.187003
-0.691137
1.538402
-0.311230
-1.186061
0.361465
-0.362499
2.717603
2.596499
-1.036478
-0.171976
0.898930
0.309462
-0.471298
0.070800
1.931862
-0.070783
-2.684852
-0.753748
-0.526848
-0.030773
-3.202040
0.366133
-0.326433
-0.417112
0.123022
0.342261
-1.617009
-0.574076
-0.239789
-0.650612
0.498677
0.339396
-1.180900
-2.077746
0.899487
0.942500
-0.197053
0.749060
0.767469
0.193402
-0.996449
0.137894
-0.816430
-0.006642
-1.623735
-1.213589
2.590845
-1.326546
-0.264320
-0.662606
0.267995
-0.212689
1.726511
3.136856
0.629898
-0.064163
0.282917
1.096152
0.695303
-3.404859
-1.673592
-0.112337
0.387151
-0.704057
0.019137
-0.089670
-2.254536
1.833223
-0.817753
1.023697
0.016080
-0.209968
-0.261956
0.612413
1.629589
-0.033861
1.406854
1.305759
0.264093
-0.648526
-1.408378
-0.761028
0.402304
-2.708515
-0.858572
-0.224924
0.004497
1.109223
-0.766960
-0.682080
1.215358
-0.427719
0.509672
0.024711
0.158491
-0.871645
2.791013
0.289672
-1.353380
-0.967418
-0.114035
0.320642
0.211553
1.084034
-0.311598
-0.005351
-0.464455
-0.718746
-0.323383
1.970231
0.010231
-0.032279
-1.115469
-1.074696
0.035495
-0.285646
0.150798
-3.235015
-0.863430
0.927355
-0.607109
-2.078567
-1.361033
2.886540
0.161951
0.515779
-1.014747
0.092289
-0.423951
-0.476651
0.631528
0.791164
2.255477
-0.417191
0.233769
-0.466088
1.060042
1.813592
0.121959
-0.974833
1.195700
-2.079491
0.423872
-3.678160
-0.762721
-0.966625
-0.252575
0.932354
-0.868158
0.221284
0.236704
-0.035992
0.391001
0.629555
-0.095543
-0.748369
-0.139106
0.316593
0.823929
0.743582
2.227778
0.029961
0.073943
1.548385
1.166073
-1.273928
-0.879812
0.418506
-2.148463
0.754334
1.270206
1.682930
1.063255
0.066907
1.829092
-2.111425
0.588936
-0.484121
1.299894
2.001050
1.686046
-0.063777
-0.186987
0.148929
-0.902917
1.340684
0.945481
0.322303
0.009754
0.189712
-0.223002
-0.103209
-1.597905
2.050962
-0.372009
2.213951
-1.889684
0.110048
0.264881
-1.317579
-0.455888
-0.049265
-2.501596
-1.242870
-4.095534
2.543318
-0.892525
0.619394
-0.620578
-1.987340
0.395321
-1.043037
0.078258
-1.857958
0.674822
0.655195
2.247380
0.107875
-0.279475
-0.100892
-1.290755
0.812593
1.639740
-0.739436
0.558062
-0.702557
-0.999360
0.864653
0.915106
0.918337
1.874610
-1.454955
-0.592857
2.638609
-0.650154
-0.563185
1.896682
-0.070867
-3.469825
-0.947865
0.071115
0.442636
-0.301172
-1.938502
0.720826
-1.466623
0.979706
0.524205
0.404910
-0.965588
-1.164737
0.936561
2.765468
-2.137290
-2.460297
0.453715
-0.488915
-0.790706
-0.058118
-1.547321
-2.912457
-0.235565
-0.806925
-0.499081
-0.330362
-0.032323
0.194169
-0.564582
2.300383
0.232693
-0.044825
-0.032084
-0.570465
1.191108
0.119171
-2.539424
2.614820
-0.305272
0.667257
0.300811
0.125203
1.603905
-0.141784
0.056291
2.487283
-0.047911
-0.868759
-0.634584
0.522128
0.451002
-0.297095
0.618198
-1.876438
0.209736
-2.685700
-0.137198
-1.848995
0.280580
0.580525
-2.861641
-0.793502
-0.924926
0.025933
0.017676
-2.378640
-1.980908
0.101404
-3.937569
-0.133684
-0.539023
0.327502
4.899422
-0.961790
-1.916731
0.048439
-1.207068
0.105700
0.628777
-0.187259
-0.679148
-0.186610
0.849104
3.446224
-0.017246
-0.272592
-3.315725
1.928952
-0.084688
0.329841
0.349692
-0.024320
1.321332
1.176539
-6.454503
-0.286695
1.534017
-1.969566
1.878447
1.628763
0.014489
-0.842830
0.086763
0.006958
-0.207394
0.261616
-2.914741
0.118527
-1.107152
0.736002
2.830227
-0.177277
-1.047705
0.719907
-0.216066
0.405931
-1.292418
-0.171987
0.208678
0.214933
-2.095962
-0.726831
-1.775619
1.939138
-1.742430
-1.766373
-0.499370
3.204648
-1.169670
-0.789470
1.440771
0.392826
-0.122647
-0.166810
-1.103262
1.194931
-2.569761
-0.951905
-0.211898
-0.898813
2.374938
-0.287619
0.280508
-1.355875
-1.334651
-2.990101
0.894934
-0.620164
-0.113984
-0.248835
1.314015
0.015341
0.305367
2.309001
-0.137659
0.576684
-2.636780
0.650680
0.506948
-0.962176
2.694064
0.175453
1.227290
-0.202152
-4.922049
-3.251884
-0.665054
-2.478869
-0.856358
0.390516
-0.711534
-1.103567
-2.612646
1.329880
-0.528637
-1.088889
1.540721
-1.710513
-0.134164
-0.388541
-0.040320
-0.501358
1.181785
-1.497765
-0.680533
-0.571522
1.084328
-0.548288
-3.147149
0.061386
-0.040823
3.703744
-1.512024
-0.405095
-0.232765
-1.479518
-0.348686
0.366127
-1.166082
0.139631
-0.462229
-0.220053
0.619910
-0.352088
-0.619958
-2.967831
0.040622
-1.127813
-1.460209
2.456377
0.001787
0.214022
-0.653999
-0.363764
0.538366
0.026662
0.300728
0.081395
0.926967
0.360533
-1.982605
-0.572263
0.325819
-1.026739
0.262873
-2.653512
-0.534571
2.761061
0.473190
-0.108135
0.069453
-4.981108
1.203913
-0.636572
-0.342371
-1.435698
-0.543834
1.385867
-0.576806
-0.207386
1.091085
0.828910
-5.225900
-1.692220
-1.352742
0.547618
0.236254
0.730332
-0.693458
-0.204975
-0.197297
-0.450115
0.476287
-2.312529
-0.004281
-0.494173
-1.775409
0.871433
-0.603580
0.790545
-0.735732
0.951780
0.805799
-1.719605
-1.944559
-1.334257
-0.874463
-0.323560
-4.324006
-0.021453
0.768462
1.131326
-0.612027
0.780121
1.976922
-0.222167
-0.037365
0.074643
-1.142462
0.622072
2.176769
0.150798
-2.295376
0.308575
0.273108
0.101425
2.084113
0.524931
-0.388460
-0.861724
-0.046247
0.171090
-3.313731
-0.677125
0.410063
-1.717967
-0.259511
1.400302
-0.102034
-0.242485
-0.311629
-0.822634
-0.772038
0.320899
3.959248
-1.128323
-2.586473
-0.057368
0.503354
-0.930599
-0.897921
0.331415
0.764206
-0.677000
-0.602210
-0.257106
0.927834
-0.859951
-1.705456
-1.263402
-0.167690
0.146757
0.579721
-0.125567
1.034430
-0.253169
0.063395
-0.877069
-0.635229
3.336131
0.223989
0.303903
-0.907087
1.086921
-0.622556
-0.955497
4.291976
-0.491258
0.398789
0.480980
0.006193
1.332880
-0.409600
-0.615316
-1.408857
0.237643
0.376522
1.890563
1.007034
0.684080
-2.027199
-0.733313
-0.458958
0.847813
0.449906
-1.285498
-1.055593
-0.858639
-0.367428
-0.130336
-0.946327
2.236697
-1.967060
-0.233367
0.811786
-0.390914
0.194172
0.781450
0.340091
-0.682501
-0.078956
-1.222584
-1.420326
0.886723
-0.180397
-0.721428
-0.223753
-1.905860
-1.093413
-0.834224
1.033219
-0.761908
-0.089349
-1.287057
-3.259074
-1.284323
-0.593130
-0.950857
-0.355852
0.281181
0.306811
0.092928
0.148845
0.517645
2.125306
-0.364947
-2.519299
0.058782
-1.441843
0.460150
0.826540
0.175035
1.088501
1.630020
-0.289593
-0.696718
-1.237419
0.794252
-0.435544
-0.469679
4.033735
-1.234250
0.096487
-0.108902
-0.567158
0.139724
0.190745
0.127527
0.727349
2.073323
-1.008300
-0.247152
-0.037729
0.699439
-1.686862
-0.170104
-1.622676
-1.325705
2.309252
-0.835030
1.006287
0.621950
0.902471
0.353402
0.310853
-1.070019
1.589258
0.814886
2.217167
-0.814557
-1.700932
2.066523
-0.309398
0.320882
-0.261114
0.358139
-0.904132
2.879718
-0.865707
2.547273
1.704200
-0.241317
-0.352787
-0.247109
-1.242267
-0.118979
0.979851
-0.721344
0.166577
0.745067
-0.083425
-0.238424
-0.011667
-0.664766
-2.458378
-1.364223
-0.153856
2.132815
1.676055
-0.289713
-1.125987
5.382263
-0.475051
0.059984
0.314565
0.497657
-1.023752
1.123275
0.409316
-0.248463
0.907559
0.167210
0.833770
-1.206579
2.733887
1.926345
0.207080
0.820223
-1.077578
-1.077376
0.088792
0.301618
0.137374
-2.612308
1.490646
0.240709
-1.111867
-0.458599
0.100291
-1.953102
0.479080
0.544311
-1.986053
-5.991301
-0.738188
0.522780
0.501778
-0.177664
0.085467
-0.314105
0.960302
-0.388005
2.157796
0.201889
-0.022626
1.711771
0.037842
-1.803787
0.476619
0.474098
-0.682877
-0.767688
-0.449522
1.003805
-0.620920
-0.885021
-0.165527
-0.143416
0.045912
2.862488
0.008261
-0.854441
0.450408
0.157196
-0.848582
1.836410
-0.593133
1.729170
-0.388851
1.006516
-0.592378
-1.220583
-1.161810
-0.826836
0.649843
0.343262
-1.359125
-0.663575
0.607376
1.010619
2.230826
3.228505
-2.301675
-0.633948
0.901158
-0.450137
-0.058478
-0.817921
0.701048
4.428922
-0.956535
-0.669114
-0.882871
1.373788
1.071849
-0.172432
0.885435
-1.559610
-0.409196
-1.326891
1.862578
0.244871
-0.579178
-1.847395
1.063127
-3.264108
0.594560
2.424883
-0.591967
-0.101572
0.793007
-0.807889
-0.146414
1.043014
-0.023995
-0.781540
-1.254741
2.519369
-0.106418
1.556297
2.381220
0.333057
-1.199827
-1.135828
0.030588
3.191053
0.177658
-0.481931
-1.777327
1.754206
-0.124554
-4.281804
0.045154
0.585638
-1.763376
-0.358425
0.656778
0.966689
-0.493825
-3.360492
-0.648028
-1.846391
-0.732894
0.489188
1.636884
0.610291
1.861603
-2.401696
0.472081
-0.296218
2.117340
0.333879
-3.615763
-1.709838
0.928908
0.058711
-1.967782
-0.264243
1.122734
-1.174880
-0.519627
-0.584290
-1.131114
1.018580
-7.194182
-0.704939
-1.085690
0.658227
-2.173325
-0.053447
0.727634
-0.451182
0.111783
5.977872
-3.740141
-0.093019
0.605637
2.027437
0.001742
-0.185643
-0.491100
-0.126256
-2.167798
-0.448086
0.064309
1.270984
1.190302
0.225711
-0.719016
0.462800
0.715203
0.085530
2.630852
1.793246
-0.327301
2.641334
-1.115597
0.060319
0.529270
-0.817536
-5.037169
-0.074815
0.081636
0.119070
-0.077550
0.107745
-3.753702
-0.968496
-0.029974
0.025494
0.236006
0.873289
2.370449
0.392529
-1.508355
-0.031650
0.045099
2.490653
-1.766695
0.757855
0.339152
1.145088
-0.488895
0.242847
0.724400
0.406721
0.155885
1.852175
-0.934695
-0.588233
-1.256591
-0.918298
0.660142
0.451010
0.716318
-0.895012
-0.765375
0.765466
-0.237932
0.572046
-0.579721
6.489096
0.018220
-0.762249
0.390281
0.273554
0.571747
-1.001765
0.170163
0.932315
2.288287
-0.811710
0.339906
-0.669697
1.077947
-0.218719
1.871021
-0.218095
-0.435947
-1.432383
0.445282
-0.071201
-0.449515
-0.171289
-1.223189
-1.901199
0.289258
-0.275162
1.152875
-3.233039
-1.634346
-1.409248
-3.272341
0.239698
-0.341163
0.447930
-0.793049
-1.921380
1.302988
0.938883
1.397410
0.985751
-2.936832
0.041787
-1.975409
1.247367
1.860940
4.182403
-0.660121
-0.711055
-1.498444
2.088641
0.548874
-0.149179
-0.330279
1.261214
0.010863
3.503365
-0.742044
-0.363733
-4.673285
-0.398659
-0.062510
-3.052110
2.157221
1.050813
0.524772
-1.088216
1.593326
0.146867
2.914195
0.797431
-0.269931
6.713693
-0.526885
-0.102989
1.243149
-0.832605
-0.120051
-1.477032
-0.076837
0.116930
-2.258961
-1.054288
3.567278
-0.194578
-2.731359
-0.017582
-0.231824
-0.613836
1.132113
-0.220114
0.238879
-0.482802
-0.162888
0.101860
-1.319013
-1.354810
0.568562
-2.746522
0.501845
0.477089
0.951052
-1.845038
0.475135
-1.589112
0.062041
0.094008
-0.447817
2.938044
0.382783
0.832552
0.059095
0.549043
2.447639
0.029584
-1.403726
3.845913
-4.446253
0.039537
-0.654112
1.169156
1.840069
1.318236
-1.182788
-0.369789
-0.187249
-0.555436
-0.052477
-1.335991
-0.449460
-1.068674
1.028090
-1.379762
-0.690185
0.020723
-0.785822
0.824713
-2.205152
0.099563
0.710639
0.559093
-0.415775
-0.569068
-0.161613
-0.556292
0.904371
0.101424
-0.594272
0.933758
-2.000879
0.074581
0.351399
3.746931
-0.217832
0.923114
-0.404530
1.003750
-1.734195
0.957547
2.267170
-0.205162
3.209684
0.773719
0.068443
-0.774111
-0.581222
0.737932
-3.783071
-0.401301
-0.483429
0.758054
-2.325636
0.323646
-2.328154
-0.052882
1.895953
1.179863
-3.102376
-0.911828
0.356111
-1.713917
0.641801
-0.517679
-1.854261
-1.280432
-1.616350
-0.193756
2.423790
-0.980390
-0.820922
1.649270
0.210326
-0.917150
0.425436
-1.363229
-0.149928
2.361594
1.503871
-0.123838
-0.553074
-0.930397
-0.879609
-0.396158
1.111366
-0.668609
0.971254
0.735462
-1.584258
1.097615
2.557540
0.702602
1.874008
0.504448
-2.296529
-5.788830
1.121099
-1.206543
-0.190047
0.880666
-0.393940
0.310536
0.499726
1.995647
1.098420
-0.301350
-2.121034
-0.639848
-0.437655
2.279254
0.529151
0.249394
-1.230876
1.747783
2.240808
3.294879
-1.083937
0.723646
0.660958
-0.609981
0.200103
0.521125
-3.035175
0.028242
-0.220261
-1.906001
0.031396
-0.741522
-0.803177
1.950721
-2.782535
0.130448
0.133274
0.607308
-0.013721
-0.233981
-1.634740
0.112363
0.383825
-0.173697
0.003927
-0.315198
-2.792313
0.350914
-0.587913
3.099024
0.299597
-0.112333
0.634739
-0.297697
0.574666
-0.428816
-1.905994
0.663926
1.136708
-0.050258
1.004705
-0.342442
0.557520
-2.504080
-0.565876
0.671883
0.228217
1.179727
-0.057165
-1.658517
-0.725641
0.150174
0.351973
1.623354
3.911694
-1.201907
-0.630344
-3.187554
0.907768
0.091999
5.567372
-0.156116
3.997580
0.627557
0.911269
0.542570
-2.142292
1.373027
-0.101013
1.592147
-0.360044
-0.620328
-0.680140
-2.079299
-0.478812
0.077323
0.952622
1.734819
-0.265208
-0.582125
-4.269482
0.289097
1.197831
0.372064
0.055327
1.133654
0.944974
0.882452
1.270888
0.233051
-0.394337
1.257364
-2.759140
-0.421950
0.200530
1.082736
-2.596767
0.355374
0.524238
-0.021801
0.100484
-2.247729
0.726090
0.921670
-1.466825
-1.997144
-0.390742
1.863867
3.201286
0.586270
-0.907236
3.622312
-0.364331
-2.284843
0.334032
1.380257
1.513833
-0.110619
0.407546
0.691854
-2.271412
-4.727803
0.242008
-1.792684
-0.408551
-0.924693
1.759361
-0.302286
1.189878
0.268976
1.264296
-0.234026
0.417757
0.266266
-0.932705
0.848945
0.461222
0.072616
0.539675
0.398655
-0.666226
1.718698
0.359617
0.233579
2.557357
-0.534391
-0.044170
1.212091
0.656441
-1.232681
0.225369
0.878206
-1.202787
-0.875320
1.390242
-0.035660
-0.206555
0.864719
1.217718
-0.675065
-0.204974
0.547589
0.357339
-1.856964
-0.422476
1.184015
1.302983
-3.692499
-0.269194
0.157054
0.436472
0.325230
-0.034547
-0.421985
-0.721662
-0.118183
0.276768
0.584714
-0.526008
-0.324241
1.325180
1.573772
-1.179125
-3.363880
-1.563190
-2.838170
-0.000431
0.023114
1.014352
-0.351453
0.759227
-0.794004
-2.076869
-0.183398
-0.497289
-0.247508
-0.641714
-1.089284
-0.216101
0.343032
0.657394
-1.836707
-0.565593
-0.803313
-0.204463
0.055478
0.410040
-2.867249
-0.699766
2.621908
-0.248550
-1.465569
1.273230
0.091544
-1.325962
2.652720
0.157837
0.308044
-0.048781
-0.244145
3.466742
-0.724925
0.268409
-2.363361
0.380964
1.855227
-0.133705
1.852703
-1.714576
1.141004
0.143376
1.084235
1.831601
1.209304
-2.210165
-0.423230
-0.280293
0.590697
-0.339982
0.290705
0.467439
0.676711
0.660119
0.098130
-0.546120
1.381337
0.023278
1.291727
0.013971
3.704959
-0.676136
-0.017496
-0.777051
1.362513
0.079865
1.498602
0.885679
3.028398
0.966913
1.459321
0.999968
-0.283270
0.561147
0.638568
-0.787652
0.774636
-2.064514
0.236322
-0.014923
-0.175946
-0.770595
-1.025597
-1.107520
2.917809
0.601574
-0.094783
1.186479
-0.744312
-0.454486
-0.344492
-0.797487
0.154729
1.175177
-0.094070
-0.119532
-0.263972
-0.375745
-0.744647
-0.329057
-1.182466
-1.416720
-1.044947
0.061704
1.114602
1.735353
0.723092
0.237093
3.006630
-0.321274
-1.628265
-0.236729
0.208208
-0.589053
0.127359
0.143767
-4.975716
-3.535211
-0.187999
-0.729885
-0.409583
0.770451
-0.069968
1.646514
0.259330
1.849241
-0.364397
5.634101
-0.635972
0.185748
-0.334036
-0.179195
0.531072
0.070142
2.261266
0.087717
-0.114962
0.528535
-1.220569
-0.172044
-1.996892
-0.710635
0.997358
0.391146
0.047285
-0.286709
-0.781697
0.054549
-0.248612
0.337215
0.765831
0.586644
-0.194264
-0.760406
0.289135
-2.958980
-1.170796
2.913308
-3.030367
-0.174900
0.122418
-0.268761
1.125418
-0.640085
1.784172
0.846916
0.944760
-0.323704
-0.018371
2.367546
0.833344
0.125057
-0.922254
0.218845
-0.818093
0.586639
2.942825
-0.106582
-0.699378
-0.318601
-1.686611
-3.443683
-1.766237
0.008623
-0.694301
0.548292
0.062363
-0.211285
0.458499
0.115137
1.047208
-0.727760
2.064212
0.392402
0.010290
1.221274
-0.110002
-0.475676
-0.847208
2.100698
-0.639125
5.118671
-0.004829
-0.077555
0.211425
0.573508
-0.996465
0.148329
-1.092563
-0.143782
2.002620
-0.652962
-0.107559
-3.324404
0.753084
0.506579
0.612596
-0.528402
-1.575084
-0.191371
1.198330
1.938456
0.369349
0.847194
0.199233
-1.142398
0.323696
-2.570812
-0.061325
1.221253
3.081345
0.631623
1.201162
-0.052046
-0.932299
-0.116843
-0.952592
-0.270720
-3.590733
-0.326983
0.991301
2.231166
0.276541
-0.640688
2.639330
-0.260475
2.581991
0.488817
0.446649
-2.029762
-1.548933
0.060317
4.377302
0.736661
-0.462166
0.184022
1.834728
2.369234
0.280449
-0.247359
0.945686
0.221468
-1.389772
0.372140
-1.910928
-0.441953
-1.607102
-0.627953
0.520219
-1.478209
0.294074
0.035126
-2.114922
-0.700421
0.824273
-3.011180
0.310694
0.665188
0.572492
-0.466341
0.960216
1.045138
1.157812
0.927935
0.185904
-1.152820
-0.257848
0.010040
-1.504210
-4.058889
1.564706
1.794442
0.243252
-3.219308
0.156095
0.452351
-0.381608
0.423105
2.278402
-2.426198
0.851055
0.165265
0.131121
1.183120
1.046135
-0.379308
1.358337
-0.087992
-1.771030
0.196982
0.783207
1.548095
-0.189768
0.259923
0.497544
5.743990
0.786654
-1.803687
0.006811
1.455974
-1.703975
-0.226100
0.917808
0.507307
-0.177189
-0.294198
-0.272131
0.734769
-2.406623
-0.416567
0.938424
1.088132
1.669387
-0.312461
0.441352
0.616824
0.537819
0.105078
-0.977866
0.882220
-1.278195
2.515465
0.467581
0.111704
0.160243
-0.267276
0.108130
-0.367162
-0.072407
-2.213871
-0.777563
0.118909
-0.097706
-2.811229
-0.673352
1.364677
-0.216590
0.317112
0.307777
-0.110508
2.674480
-0.135045
-0.582440
1.357492
0.929683
2.469437
0.226950
0.021531
0.015228
0.865484
-0.498506
0.347648
0.689807
3.959190
-0.917934
-0.436351
-0.292516
0.696818
0.414135
1.128668
0.944456
1.602525
-0.237436
-0.657733
1.957179
0.354739
-1.337270
-0.409468
-0.561427
0.749680
0.819579
-0.690248
-0.913398
-2.137775
-1.409986
-5.039001
-3.402666
0.592734
0.028174
0.049608
0.026691
1.008455
-1.072798
-0.644995
0.957476
-0.299224
0.187602
-1.014668
-1.413766
-0.673063
-3.242681
1.926443
-1.175202
-0.189097
-0.987897
-1.786771
-2.068696
-0.454256
-0.184519
-0.361336
-1.817677
-0.939338
0.220892
-0.573479
-0.675693
0.584012
-0.562046
-0.612327
-0.117063
0.910862
0.892783
2.475365
0.265321
2.696151
-0.819770
-0.163484
-0.394631
0.945690
0.237880
-0.086480
-2.105931
0.288698
-0.259433
-0.842834
-2.545060
0.155307
-0.514183
-1.585630
1.508545
0.561229
-0.103625
2.833118
1.716908
-2.304982
-0.683727
-1.111142
0.781114
0.077717
-0.137802
-0.840178
-0.396610
-0.772718
-1.056986
2.360605
-0.930664
-0.238214
-0.281280
0.070659
-0.917235
3.396792
4.224991
-0.651324
0.244982
-0.278573
-0.049354
0.350621
2.309722
0.798136
0.694285
1.137809
-0.020892
-0.910975
0.969297
-0.223513
-0.689369
-2.076385
0.137984
-3.123634
0.223339
-8.750656
-0.743113
2.061627
-0.772375
-0.194638
1.506837
-0.155244
0.944604
-0.628846
2.582651
-4.529220
-0.693695
2.405739
-0.630841
1.262335
-0.405468
0.661625
0.012839
-0.566734
0.034405
-0.666845
-1.398954
-4.331682
-0.088331
2.021212
-0.207209
0.540170
4.945955
2.842794
0.618685
0.214487
2.845516
2.764276
0.068062
-0.906810
-0.274291
-0.169380
0.301128
-0.990807
0.473843
0.203884
-0.962162
2.096555
0.098986
-0.089695
0.901719
1.430910
-0.920807
-0.499414
-1.113875
0.565665
0.128074
-0.553143
0.589082
-3.333464
-0.814988
-1.354744
0.603343
-0.831186
-1.610685
-0.089523
0.990414
-1.954422
-0.160937
-0.364743
-0.606132
0.945349
0.773409
1.637186
4.058962
-0.087785
-0.010135
-1.008409
-0.231833
-2.475023
0.327129
-0.948796
1.864781
1.130744
-0.005924
-1.752418
0.115663
-2.168888
-0.289693
-0.589890
-1.897293
0.212127
-0.207761
0.923804
0.985294
0.012227
-0.659014
0.294704
0.166998
0.459985
