0.878618
0.025712
0.275954
0.794642
0.301215
0.538722
0.182223
0.309574
0.018899
0.301695
0.075091
0.049113
0.651529
0.434994
0.581007
0.860643
0.003587
0.246087
0.620195
0.723615
0.501555
0.830475
0.517761
0.356693
0.100451
0.893951
0.443977
0.023796
0.758830
0.029521
0.584993
0.637448
0.055232
0.860947
0.432090
0.356447
0.399669
0.614313
0.666021
0.418569
0.916008
0.741112
0.467681
0.567537
0.176106
0.048688
0.428180
0.179693
0.294776
0.048375
0.903308
0.796330
0.878849
0.421069
0.153023
0.979300
0.315020
0.597000
0.003096
0.073850
0.626521
0.588089
0.711297
0.681753
0.449036
0.143387
0.038200
0.848705
0.757700
0.704221
0.267274
0.673708
0.445333
0.734955
0.241245
0.621438
0.783644
0.669425
0.801131
0.078419
0.717800
0.704439
0.874750
0.596649
0.125508
0.027772
0.575949
0.440528
0.624773
0.579044
0.514378
0.251294
0.167133
0.225675
0.933047
0.616169
0.369063
0.971248
0.464875
0.126763
0.675468
0.732149
0.800470
0.120801
0.467104
0.041715
0.742240
0.250748
0.711140
0.543371
0.329167
0.428939
0.247810
0.203917
0.025588
0.373319
0.231689
0.601537
0.813847
0.856462
0.180581
0.328225
0.107756
0.347715
0.553900
0.040803
0.963884
0.922963
0.012051
0.428758
0.049726
0.687520
0.160907
0.850196
0.808321
0.628011
0.891911
0.550560
0.878759
0.603051
0.093931
0.207926
0.031990
0.341742
0.411843
0.057578
0.715060
0.643532
0.659115
0.528907
0.499994
0.839697
0.857132
0.607751
0.187411
0.411033
0.648554
0.151295
0.333996
0.660605
0.580054
0.383721
0.348125
0.740961
0.233917
0.156445
0.368972
0.125828
0.707005
0.247731
0.728879
0.800937
0.455657
0.760869
0.142678
0.867500
0.818447
0.857739
0.511032
0.477562
0.386646
0.011027
0.317259
0.243779
0.618777
0.504670
0.654811
0.267331
0.655966
0.988807
0.927936
0.236019
0.372528
0.276061
0.976980
0.606445
0.432506
0.345952
0.732273
0.139511
0.593683
0.461152
0.940448
0.049340
0.222021
0.083126
0.916840
0.040468
0.940865
0.427872
0.518031
0.327511
0.438899
0.835290
0.571290
0.057676
0.339960
0.226101
0.325008
0.995926
0.214908
0.252944
0.231945
0.587436
0.529005
0.208925
0.193881
0.961511
0.554878
0.926154
0.101022
0.148560
0.387306
0.041471
0.197900
0.609327
0.124597
0.114740
0.649795
0.065462
0.542613
0.167825
0.392973
0.981512
0.003115
0.964263
0.039188
0.343075
0.190364
0.364196
0.339001
0.405272
0.617140
0.570946
0.992709
0.146145
0.779872
0.186590
0.107656
0.334749
0.112744
0.208678
0.483310
0.500050
0.250148
0.681210
0.109376
0.374745
0.795950
0.759171
0.440208
0.338563
0.926997
0.833181
0.320075
0.930112
0.797444
0.359263
0.273187
0.987809
0.723459
0.612188
0.393081
0.340599
0.183134
0.385790
0.486743
0.963006
0.572379
0.594399
0.297755
0.685123
0.803077
0.781065
0.185173
0.053225
0.462275
0.294549
0.427971
0.258225
0.053720
0.868178
0.596788
0.980717
0.701359
0.916863
0.910829
0.498803
0.276126
0.184016
0.486612
0.999584
0.796204
0.879693
0.340183
0.979338
0.265483
0.826926
0.942344
0.837862
0.421325
0.240099
0.522985
0.224402
0.021163
0.708158
0.277628
0.483438
0.002707
0.705598
0.741663
0.056427
0.573777
0.338451
0.037144
0.275136
0.255314
0.947973
0.773939
0.531440
0.131989
0.260552
0.531024
0.928193
0.140245
0.871207
0.907530
0.405728
0.698134
0.849874
0.243590
0.119459
0.089973
0.766576
0.343861
0.111136
0.474733
0.621489
0.594574
0.477440
0.327088
0.336237
0.533868
0.900864
0.674689
0.571012
0.176000
0.930002
0.518986
0.949940
0.461442
0.650975
0.210492
0.992466
0.579167
0.350736
0.863673
0.486698
0.756464
0.561807
0.336572
0.000055
0.681266
0.426544
0.766630
0.025127
0.537681
0.241364
0.646616
0.132255
0.718804
0.973704
0.468492
0.252672
0.874568
0.143181
0.823684
0.050569
0.073183
0.342670
0.000508
0.534625
0.993644
0.211000
0.527091
0.572811
0.561736
0.390764
0.059509
0.318201
0.952571
0.396081
0.318256
0.633836
0.822625
0.084886
0.658964
0.360306
0.326250
0.305580
0.492561
0.045054
0.279284
0.961053
0.297725
0.153852
0.104233
0.121410
0.204420
0.177417
0.464079
0.204929
0.712042
0.457723
0.415928
0.239133
0.030535
0.977665
0.629897
0.090044
0.295866
0.582468
0.486124
0.614121
0.216304
0.308749
0.699007
0.875268
0.669055
0.025257
0.180848
0.161616
0.070310
0.460131
0.122669
0.368036
0.613983
0.226902
0.489445
0.818403
0.404318
0.953524
0.023332
0.116360
0.411248
0.439260
0.355493
0.441782
0.416925
0.985390
0.531826
0.712791
0.567858
0.017950
0.326912
0.784162
0.326700
0.025919
0.659430
0.995755
0.051176
0.840277
0.157371
0.121486
0.300408
0.280039
0.489522
0.914391
0.506941
0.978967
0.732794
0.911260
0.932491
0.756126
0.027620
0.343739
0.195386
0.383112
0.785522
0.612312
0.368502
0.317348
0.325102
0.936360
0.335298
0.652014
0.720522
0.661998
0.677934
0.379951
0.657753
0.729109
0.220228
0.815123
0.850595
0.520636
0.095162
0.340117
0.435028
0.602104
0.319084
0.167822
0.513363
0.251575
0.923948
0.540983
0.595314
0.119335
0.924095
0.380836
0.731646
0.292598
0.698183
0.056749
0.228957
0.033481
0.708763
0.949479
0.695479
0.386697
0.329430
0.353232
0.115806
0.549658
0.168355
0.966401
0.070295
0.263517
0.306518
0.505322
0.865621
0.625601
0.673144
0.378984
0.877176
0.597093
0.919967
0.472490
0.716427
0.844062
0.853326
0.448073
0.136659
0.551509
0.504822
0.365617
0.584990
0.213585
0.315096
0.280469
0.600282
0.644525
0.633701
0.716088
0.194184
0.802056
0.682489
0.264478
0.065573
0.989007
0.769800
0.931194
0.614608
0.442945
0.310178
0.491784
0.040037
0.230144
0.964274
0.756464
0.074206
0.817600
0.204538
0.210866
0.369109
0.709360
0.576483
0.954100
0.922945
0.891578
0.234569
0.523227
0.536104
0.868270
0.239315
0.730287
0.670326
0.921803
0.994765
0.735899
0.910810
0.764565
0.667093
0.525418
0.207510
0.977271
0.017202
0.247547
0.207415
0.981476
0.004012
0.281622
0.799076
0.208549
0.492488
0.168185
0.917909
0.068970
0.122285
0.840854
0.960548
0.356854
0.364081
0.496652
0.225124
0.603396
0.226939
0.895451
0.525199
0.221704
0.631350
0.436009
0.986269
0.298443
0.961427
0.193779
0.275714
0.978629
0.441326
0.483129
0.960105
0.445338
0.764751
0.759181
0.653887
0.257238
0.927367
0.571797
0.326208
0.049652
0.412651
0.286757
0.406506
0.776732
0.783408
0.631631
0.380128
0.010347
0.527081
0.905328
0.232051
0.158431
0.341337
0.218320
0.456874
0.302764
0.412100
0.732587
0.281393
0.853426
0.215716
0.241498
0.298764
0.980467
0.000680
0.952651
0.237705
0.928047
0.524448
0.563914
0.977699
0.937099
0.850671
0.384205
0.713832
0.634079
0.015836
0.093960
0.644426
0.542917
0.999288
0.876477
0.701348
0.340625
0.094797
0.158222
0.643389
0.506897
0.890809
0.924782
0.360323
0.106525
0.166281
0.659087
0.086992
0.166961
0.611738
0.324698
0.095007
0.136186
0.888612
0.072706
0.073286
0.739282
0.456911
0.787117
0.373361
0.472747
0.881077
0.017787
0.015664
0.880365
0.894264
0.717012
0.220990
0.989062
0.875233
0.864379
0.495958
0.766042
0.789161
0.856281
0.872567
0.955442
0.515368
0.959560
0.122402
0.127106
0.284258
0.217410
0.263293
0.172870
0.290116
0.336579
0.912152
0.747027
0.123696
0.285514
0.219774
0.004773
0.303301
0.235438
0.885138
0.197565
0.952449
0.106128
0.186627
0.827682
0.970507
0.682586
0.593724
0.759668
0.538867
0.466292
0.715110
0.054235
0.425852
0.837512
0.181341
0.710109
0.054922
0.444634
0.882979
0.345038
0.781213
0.795131
0.092065
0.904909
0.080645
0.311839
0.909682
0.383946
0.547276
0.794820
0.581511
0.499725
0.900948
0.768138
0.327408
0.871455
0.450724
0.921132
0.631123
0.989591
0.387424
0.346232
0.043826
0.813276
0.183744
0.225167
0.523385
0.238666
0.669802
0.406364
0.583704
0.451014
0.201495
0.675769
0.355923
0.282140
0.987608
0.265605
0.666085
0.534884
0.060425
0.247596
0.034609
0.961373
0.015734
0.362017
0.832828
0.466458
0.283149
0.463951
0.456049
0.670573
0.810183
0.499874
0.483849
0.993927
0.725042
0.007234
0.232594
0.394843
0.413598
0.816298
0.845857
0.615093
0.492067
0.201781
0.897233
0.479674
0.467386
0.563318
0.014558
0.527811
0.810914
0.049167
0.489184
0.826648
0.411184
0.322012
0.293106
0.694333
0.785962
0.749154
0.364907
0.596145
0.249029
0.848756
0.590073
0.974070
0.855990
0.822666
0.368913
0.269588
0.638964
0.214771
0.884681
0.131030
0.416551
0.781914
0.610705
0.883937
0.345232
0.625262
0.411747
0.156145
0.674429
0.900931
0.982793
0.085614
0.222943
0.275899
0.779947
0.008905
0.025053
0.144854
0.605050
0.274082
0.993610
0.195123
0.248152
0.849600
0.017789
0.617065
0.119188
0.656753
0.831836
0.003870
0.787783
0.248388
0.785784
0.398487
0.132324
0.131015
0.023750
0.544072
0.287161
0.698179
0.445003
0.269954
0.783793
0.667946
0.545853
0.563740
0.676850
0.570906
0.708594
0.281900
0.844988
0.702204
0.477023
0.093141
0.551804
0.494812
0.710206
0.670993
0.151564
0.542042
0.674862
0.939347
0.790430
0.460646
0.337835
0.922754
0.591661
0.361584
0.466826
0.878822
0.059764
0.911829
0.148776
0.843557
0.579775
0.694629
0.407297
0.256625
0.265535
0.115891
0.538526
0.110524
0.818095
0.015549
0.203665
0.369899
0.510361
0.913871
0.040892
0.661925
0.455913
0.715754
0.601272
0.246343
0.176400
0.939107
0.169098
0.768061
0.300691
0.635924
0.646883
0.360455
0.547753
0.795659
0.204012
0.127528
0.490288
0.611308
0.384154
0.755823
0.727199
0.922680
0.866347
0.545294
0.938229
0.070012
0.915193
0.448589
0.983882
0.956085
0.110514
0.439796
0.671839
0.711786
0.686139
0.848239
0.650893
0.855237
0.616300
0.951584
0.491161
0.263183
0.312039
0.038914
0.058841
0.516051
0.166442
0.549129
0.127359
0.550596
0.304952
0.854559
0.473276
0.171299
0.399853
0.411505
0.241311
0.315046
0.860094
0.225193
0.271132
0.970609
0.664989
0.942971
0.682395
0.351128
0.791209
0.333288
0.206364
0.407509
0.284872
0.697525
0.670692
0.596911
0.736439
0.729533
0.112962
0.902882
0.278662
0.240321
0.453478
0.583614
0.094880
0.926754
0.754914
0.494733
0.338259
0.996224
0.809779
0.198353
0.221417
0.080911
0.168962
0.886406
0.023881
0.851357
0.237534
0.815091
0.184645
0.443898
0.222600
0.469517
0.141423
0.893292
0.066428
0.877863
0.622825
0.179390
0.780745
0.901487
0.419711
0.234223
0.485101
0.514591
0.160977
0.240015
0.009324
0.499236
0.236239
0.819103
0.697589
0.457656
0.900014
0.866551
0.344063
0.923895
0.717907
0.581596
0.738986
0.902552
0.025495
0.961586
0.372069
0.166918
0.854878
0.438497
0.044781
0.477703
0.617887
0.825525
0.379190
0.037598
0.059748
0.864291
0.552189
0.220724
0.104306
0.561514
0.719960
0.340545
0.380617
0.417549
0.798202
0.280631
0.284100
0.142264
0.204526
0.002007
0.723860
0.943513
0.904559
0.749355
0.905099
0.276628
0.916273
0.759977
0.715124
0.961054
0.237679
0.333011
0.786579
0.616869
0.370610
0.846327
0.481160
0.922799
0.067051
0.585466
0.484313
0.787011
0.926011
0.864929
0.204560
0.724212
0.145560
0.488660
0.866477
0.350087
0.490667
0.590337
0.293599
0.395226
0.339692
0.198698
0.671853
0.255965
0.958675
0.386978
0.217019
0.196354
0.719989
0.003598
0.813223
0.090599
0.849924
0.294383
0.013398
0.916976
0.879848
0.497711
0.703987
0.805859
0.362640
0.908547
0.530072
0.508200
0.397207
0.396548
0.858287
0.887874
0.986885
0.151886
0.283099
0.326578
0.350584
0.954953
0.582543
0.309259
0.341931
0.799562
0.505613
0.061920
0.803159
0.318836
0.152518
0.653084
0.613218
0.165916
0.570059
0.493066
0.663627
0.274046
0.298926
0.026267
0.182593
0.828997
0.534467
0.579800
0.225546
0.392754
0.467674
0.212431
0.544640
0.750773
0.539009
0.895224
0.705726
0.121551
0.204483
0.047657
0.921113
0.710096
0.109577
0.724272
0.028931
0.262095
0.377356
0.642149
0.428011
0.947415
0.135216
0.091638
0.221461
0.434141
0.117905
0.404055
0.263139
0.652372
0.983855
0.488684
0.045126
0.451529
0.701115
0.589766
0.202302
0.240124
0.484990
0.908029
0.361675
0.689473
0.955685
0.282788
0.399569
0.065262
0.007060
0.428500
0.327357
0.384416
0.070650
0.755368
0.331831
0.205866
0.847006
0.553293
0.640007
0.964911
0.957347
0.903146
0.617283
0.941202
0.391830
0.662410
0.392731
0.092945
0.252176
0.595033
0.333069
0.737166
0.503062
0.694743
0.426640
0.458747
0.977531
0.826209
0.524009
0.984591
0.254709
0.851366
0.369007
0.325359
0.606734
0.700838
0.531224
0.453740
0.254131
0.171232
0.418651
0.211478
0.074377
0.035935
0.152680
0.466207
0.698345
0.545411
0.559152
0.950520
0.140444
0.892221
0.687687
0.643505
0.586964
0.114326
0.102252
0.564495
0.940535
0.626261
0.549087
0.195244
0.477627
0.918094
0.520602
0.084361
0.618932
0.051827
0.538101
0.873063
0.223058
0.956752
0.084541
0.297436
0.992687
0.237221
0.763643
0.691032
0.782631
0.322795
0.641552
0.923075
0.215015
0.329239
0.566580
0.801979
0.443565
0.668832
0.366475
0.384099
0.295093
0.915561
0.579343
0.772720
0.833655
0.099945
0.857081
0.452587
0.151772
0.395181
0.325650
0.374831
0.351934
0.410191
0.672266
0.344621
0.647411
0.435909
0.035652
0.430043
0.758704
0.677204
0.353118
0.973719
0.006443
0.919698
0.775699
0.450007
0.588530
0.142173
0.834107
0.883623
0.057734
0.413450
0.656343
0.891389
0.513395
0.513424
0.343976
0.665168
0.908606
0.669626
0.039998
0.260539
0.079817
0.712265
0.605160
0.727228
0.148174
0.640812
0.157271
0.906878
0.318016
0.510388
0.880597
0.324459
0.430086
0.656296
0.774466
0.018616
0.798469
0.608573
0.902239
0.856203
0.022023
0.558583
0.747593
0.535418
0.072007
0.091569
0.200586
0.980612
0.761195
0.240584
0.241151
0.841012
0.952849
0.846311
0.568240
0.101023
0.487123
0.725511
0.007901
0.805139
0.235899
0.888498
0.129597
0.665985
0.544794
0.904063
0.684601
0.343263
0.512636
0.586840
0.199466
0.534658
0.145422
0.947059
0.070076
0.217429
0.038628
0.270662
0.198042
0.799823
0.511246
0.439193
0.640835
0.464095
0.285504
0.209075
0.565118
0.772627
0.934585
0.573019
0.577765
0.170484
0.461517
0.707362
0.836469
0.006311
0.611425
0.521069
0.349573
0.124061
0.107909
0.549039
0.658720
0.253332
0.496098
0.728796
0.470761
0.534726
0.999458
0.668802
0.334549
0.510704
0.107995
0.975384
0.974799
0.393499
0.184459
0.539917
0.166126
0.119044
0.112936
0.743891
0.289529
0.574453
0.451254
0.125997
0.580764
0.062679
0.647067
0.930337
0.186740
0.754976
0.479376
0.845460
0.008308
0.975474
0.574256
0.479068
0.510200
0.573714
0.147871
0.844749
0.084418
0.255866
0.820133
0.059218
0.649366
0.004592
0.599135
0.815492
0.123636
0.712071
0.559383
0.413165
0.286525
0.010637
0.539163
0.867289
0.073316
0.186229
0.797626
0.260056
0.941205
0.277002
0.105516
0.949513
0.252477
0.679771
0.428581
0.762677
0.253485
0.576452
0.607426
0.337904
0.832318
0.427559
0.397121
0.481684
0.432152
0.996256
0.297176
0.555788
0.708327
0.856559
0.968953
0.994852
0.867195
0.508116
0.862141
0.940511
0.694345
0.659767
0.200567
0.635550
0.936769
0.306082
0.585063
0.189246
0.985854
0.013645
0.951923
0.239339
0.590097
0.559349
0.577243
0.422415
0.986909
0.974364
0.904099
0.419060
0.970620
0.201274
0.974848
0.678948
0.057833
0.943801
0.673800
0.925028
0.451917
0.535941
0.865539
0.146262
0.195708
0.066106
0.781812
0.132477
0.372188
0.366876
0.321723
0.358042
0.380520
0.273646
0.597381
0.970617
0.832995
0.174624
0.393031
0.819904
0.148988
0.297130
0.238964
0.119608
0.498404
0.213812
0.798556
0.556237
0.157614
0.472356
0.481265
0.609530
0.008297
0.346804
0.755792
0.204005
0.412910
0.537604
0.336482
0.785099
0.904480
0.658205
0.143141
0.285000
0.931851
0.740522
0.255617
0.764847
0.915146
0.648648
0.584751
0.064135
0.945778
0.823715
0.183743
0.444182
0.037528
0.982299
0.000419
0.195141
0.454655
0.481684
0.804672
0.462952
0.828489
0.560464
0.666956
0.241399
0.098068
0.003438
0.026498
0.002548
0.661643
0.169638
0.287549
0.593495
0.910161
0.543166
0.358341
0.825307
0.191814
0.943092
0.889442
0.137592
0.766808
0.073185
0.581774
0.804335
0.055484
0.582193
0.999477
0.510139
0.063878
0.804148
0.973091
0.892366
0.364612
0.640047
0.133765
0.462681
0.643486
0.160263
0.465229
0.305129
0.329901
0.752778
0.898624
0.240062
0.295943
0.256965
0.065369
0.487757
0.200057
0.954811
0.625349
0.966865
0.027995
0.207123
0.771200
0.083480
0.789316
0.770677
0.593619
0.853194
0.574825
0.566710
0.745560
0.939437
0.206757
0.879326
0.402118
0.850243
0.039589
0.867347
0.155372
0.369490
0.620124
0.053996
0.609552
0.916068
0.310961
0.674920
0.403825
0.511018
0.629731
0.029173
0.477883
0.657727
0.236296
0.249084
0.741206
0.025613
0.019761
0.334825
0.878807
0.594586
0.901535
0.624367
0.534023
0.108292
0.503693
0.936141
0.958535
0.543281
0.803488
0.113907
0.912771
0.423612
0.167902
0.522323
0.339680
0.478863
0.197243
0.743504
0.989881
0.826974
0.772678
0.467765
0.484701
0.008974
0.716848
0.225907
0.034587
0.736609
0.560732
0.913393
0.331194
0.462267
0.537760
0.865217
0.570559
0.041453
0.801358
0.529094
0.584734
0.604846
0.643001
0.497505
0.028458
0.810903
0.019828
0.368138
0.289766
0.217071
0.111642
0.279647
0.044045
0.884320
0.747412
0.528746
0.893294
0.464260
0.754653
0.927881
0.200869
0.315385
0.841274
0.532063
0.777652
0.379035
0.397280
0.348210
0.420487
0.198638
0.877304
0.005221
0.803484
0.520305
0.502727
0.831942
0.331208
0.522554
0.200080
0.620974
0.739625
0.311722
0.900621
0.783671
0.196042
0.648033
0.312417
0.089336
0.112293
0.067070
0.017216
0.313162
0.382455
0.858490
0.845224
0.160106
0.237525
0.242505
0.508317
0.658012
0.441143
0.385621
0.663234
0.244627
0.905925
0.165960
0.076569
0.237133
0.688515
0.276649
0.858106
0.428140
0.588371
0.758727
0.211811
0.784412
0.406760
0.524228
0.873748
0.519053
0.591297
0.890964
0.832215
0.973752
0.749455
0.677439
0.133858
0.986980
0.919944
0.642175
0.644992
0.361087
0.027795
0.308226
0.605714
0.933721
0.474186
0.682283
0.170853
0.162701
0.958932
0.028959
0.590841
0.547303
0.787687
0.802652
0.331715
0.194447
0.326880
0.205463
0.713500
0.918177
0.096427
0.545715
0.891929
0.845882
0.223154
0.025788
0.832861
0.143098
0.667963
0.477854
0.504185
0.695758
0.786080
0.109899
0.629479
0.260266
0.792182
0.800332
0.422967
0.751114
0.829291
0.013808
0.298417
0.616978
0.816461
0.630132
0.811425
0.143341
0.835595
0.524925
0.061518
0.932022
0.070640
0.953448
0.777904
0.293795
0.979235
0.610766
0.436893
0.647198
0.088619
0.941078
0.342956
0.874699
0.050978
0.972435
0.134965
0.843160
0.772767
0.557932
0.594275
0.602058
0.571740
0.892692
0.219036
0.388201
0.522824
0.030461
0.531542
0.358419
0.555387
0.593060
0.290441
0.626027
0.546507
0.068345
0.919822
0.525743
0.679111
0.356715
0.172941
0.767730
0.297794
0.515897
0.642429
0.348772
0.488332
0.777393
0.191932
0.261099
0.335325
0.786206
0.863157
0.907065
0.678898
0.082194
0.295266
0.201722
0.112655
0.826808
0.560141
0.668042
0.419868
0.850583
0.294069
0.966375
0.918928
0.213891
0.492118
0.598039
0.570607
0.665059
0.365769
0.868400
0.180956
0.008198
0.217172
0.669288
0.785591
0.409104
0.930387
0.120916
0.195310
0.793544
0.027981
0.874208
0.875737
0.323247
0.075930
0.988392
0.150055
0.636072
0.656434
0.569923
0.486654
0.950503
0.536298
0.405582
0.164394
0.028416
0.003621
0.735001
0.693475
0.369390
0.603401
0.874431
0.377588
0.820574
0.543719
0.163178
0.229677
0.474105
0.284094
0.424988
0.267649
0.312076
0.299196
0.143386
0.635323
0.375126
0.131779
0.785378
0.011198
0.788213
0.355302
0.497852
0.738716
0.891600
0.903435
0.903111
0.920016
0.907056
0.638112
0.613492
0.276446
0.241513
0.487923
0.654033
0.062087
0.031641
0.817212
0.291764
0.505747
0.101306
0.716752
0.773396
0.413382
0.015948
0.916782
0.048705
0.391074
0.048561
0.834083
0.402272
0.836774
0.189385
0.900125
0.575490
0.080985
0.803559
0.478601
0.001001
0.710615
0.116712
0.614493
0.987060
0.358225
0.102415
0.641094
0.420312
0.134056
0.458305
0.712076
0.639803
0.559611
0.428827
0.413199
0.972993
0.444775
0.329981
0.021698
0.835849
0.378542
0.855781
0.238121
0.215316
0.045165
0.138246
0.790806
0.126150
0.941805
0.269406
0.127151
0.652420
0.386118
0.741643
0.639480
0.744343
0.844058
0.280574
0.164655
0.978115
0.738879
0.876731
0.617917
0.298490
0.305558
0.031116
0.271483
0.750333
0.361097
0.293181
0.586182
0.739639
0.148961
0.824303
0.954954
0.194127
0.962548
0.745760
0.320276
0.904353
0.015166
0.447427
0.556773
0.401285
0.189070
0.196253
0.145628
0.033129
0.476827
0.310283
0.011243
0.215705
0.187014
0.629161
0.514196
0.492571
0.660277
0.785679
0.242904
0.021373
0.078860
0.829086
0.761012
0.227821
0.653388
0.715966
0.421948
0.615937
0.461727
0.742224
0.520290
0.476893
0.189651
0.077063
0.878178
0.378721
0.273316
0.023806
0.411850
0.750142
0.334089
0.423093
0.965848
0.521103
0.052254
0.480043
0.013674
0.712530
0.265722
0.256578
0.733904
0.344582
0.085664
0.494916
0.572403
0.739052
0.210882
0.994350
0.354989
0.672608
0.736574
0.875279
0.149501
0.926226
0.952342
0.027679
0.304947
0.225657
0.051485
0.716797
0.975800
0.385574
0.139890
0.941648
0.906677
0.192144
0.421691
0.920351
0.904674
0.687413
0.176930
0.638578
0.031995
0.262594
0.133493
0.604398
0.001646
0.344375
0.598748
0.356635
0.016984
0.335323
0.231913
0.166485
0.261548
0.184255
0.194164
0.566495
0.409912
0.245649
0.283293
0.385712
0.631224
0.423183
0.327360
0.537901
0.615327
0.749051
0.458252
0.520001
0.436464
0.635182
0.158579
0.468459
0.897776
0.292072
0.072857
0.899422
0.636447
0.671605
0.256056
0.653431
0.006928
0.487969
0.819916
0.268477
0.672224
0.014080
0.834972
0.082136
0.259729
0.118265
0.467848
0.890953
0.541447
0.795208
0.428853
0.156774
0.544259
0.887105
0.676775
0.980723
0.522287
0.835354
0.449182
0.420063
0.127425
0.522039
0.319485
0.763873
0.193645
0.575541
0.417303
0.200573
0.063510
0.237219
0.469050
0.735734
0.251299
0.304022
0.817871
0.511028
0.422286
0.285719
0.401980
0.963733
0.080927
0.830834
0.120507
0.625186
0.717939
0.797282
0.605909
0.240226
0.632636
0.055091
0.660289
0.760061
0.577131
0.979774
0.523934
0.770775
0.555315
0.941237
0.971348
0.618825
0.178456
0.440398
0.354559
0.429755
0.744419
0.172430
0.940782
0.166705
0.458149
0.342763
0.130439
0.539076
0.173596
0.250946
0.164261
0.891535
0.048229
0.770170
0.131762
0.680865
0.825262
0.792051
0.440926
0.402392
0.771825
0.964860
0.173168
0.327140
0.906097
0.144516
0.945965
0.084553
0.584913
0.300524
0.514308
0.329333
0.472954
0.455090
0.496038
0.931103
0.797853
0.626477
0.470178
0.971450
0.877423
0.634440
0.862985
0.925652
0.404610
0.994746
0.606517
0.229872
0.786797
0.047443
0.632264
0.558623
0.012303
0.805432
0.885763
0.918400
0.949947
0.831728
0.002953
0.534861
0.132252
0.517261
0.864194
0.605206
0.972352
0.360232
0.536309
0.770205
0.986709
0.006487
0.741655
0.864132
0.640926
0.604639
0.789784
0.045537
0.599386
0.396301
0.275408
0.386183
0.443744
0.907672
0.944806
0.456047
0.713104
0.830568
0.374447
0.663051
0.662296
0.377400
0.197912
0.794549
0.894661
0.062105
0.399755
0.867013
0.422337
0.936064
0.637218
0.409046
0.942550
0.378873
0.273178
0.583477
0.983512
0.062962
0.629013
0.582898
0.459263
0.904422
0.969081
0.903007
0.812094
0.913886
0.359054
0.525198
0.744455
0.733501
0.188249
0.406751
0.110901
0.386161
0.201300
0.005562
0.448266
0.601055
0.872575
0.870604
0.537118
0.509794
0.279649
0.479669
0.888666
0.552827
0.063146
0.872178
0.615790
0.692159
0.455076
0.075053
0.596581
0.424157
0.978060
0.408675
0.338043
0.337114
0.933872
0.082498
0.070615
0.122121
0.489249
0.181516
0.508282
0.690549
0.187079
0.956549
0.291603
0.059654
0.827152
0.828721
0.569448
0.106802
0.308390
0.458114
0.659629
0.371535
0.330293
0.275419
0.063694
0.785369
0.350472
0.660275
0.209525
0.328532
0.068950
0.547568
0.665647
0.002822
0.630066
0.736262
0.124944
0.119315
0.917778
0.633226
0.809864
0.104857
0.589775
0.101467
0.164511
0.416927
0.930188
0.733959
0.523729
0.238578
0.192073
0.183358
0.610114
0.522365
0.458777
0.673808
0.307734
0.809249
0.334083
0.517259
0.137781
0.403033
0.064828
0.803428
0.405855
0.694894
0.539690
0.530799
0.814209
0.457469
0.164025
0.624072
0.562326
0.753800
0.725539
0.726837
0.170727
0.655728
0.460796
0.694456
0.894306
0.652868
0.877814
0.504419
0.175234
0.336591
0.178227
0.482968
0.145840
0.512310
0.000227
0.283621
0.915343
0.065055
0.087049
0.321198
0.759949
0.626740
0.851997
0.574158
0.084209
0.016022
0.198230
0.646535
0.769821
0.923769
0.373371
0.940548
0.579497
0.834167
0.635004
0.473802
0.487035
0.512817
0.978222
0.662269
0.849408
0.156449
0.145237
0.995248
0.668759
0.145465
0.278869
0.584102
0.210520
0.365918
0.905301
0.970468
0.992658
0.757298
0.544626
0.076866
0.773320
0.742856
0.723401
0.543141
0.666625
0.096772
0.483689
0.246122
0.930939
0.118693
0.719925
0.417975
0.631510
0.698146
0.080244
0.480918
0.854595
0.225481
0.476166
0.523354
0.370945
0.755034
0.107456
0.581465
0.120952
0.012757
0.551933
0.113610
0.770055
0.096559
0.190476
0.543375
0.839415
0.913877
0.086516
0.506040
0.010650
0.570205
0.752162
0.941589
0.688898
0.472087
0.359563
0.320408
0.170233
0.439807
0.801326
0.024828
0.665288
0.277492
0.548182
0.036233
0.032526
0.655639
0.617698
0.153478
0.668396
0.169631
0.267088
0.438451
0.266191
0.457564
0.981826
0.105605
0.371442
0.068341
0.611646
0.382091
0.638547
0.363808
0.323680
0.327445
0.835895
0.683243
0.647853
0.006128
0.123050
0.449179
0.030957
0.788338
0.726671
0.579139
0.824572
0.759197
0.234778
0.442270
0.912675
0.903174
0.611901
0.179764
0.341625
0.878092
0.637328
0.323451
0.983697
0.008770
0.391793
0.595343
0.390861
0.030339
0.959151
0.714541
0.357784
0.795046
0.397784
0.005636
0.801174
0.520835
0.454815
0.832131
0.309173
0.181486
0.411270
0.133745
0.940683
0.646048
0.576014
0.853359
0.549222
0.187916
0.033122
0.890848
0.066007
0.670450
0.214299
0.049705
0.679220
0.606091
0.645048
0.070081
0.636430
0.604199
0.784622
0.994214
0.399245
0.182407
0.999850
0.200419
0.703241
0.454665
0.032550
0.012414
0.636152
0.443820
0.146159
0.576835
0.089868
0.722173
0.430193
0.639091
0.910089
0.463315
0.529938
0.976096
0.133765
0.744237
0.025801
0.812985
0.350328
0.670849
0.883066
0.986759
0.275047
0.667688
0.980972
0.674292
0.850095
0.980822
0.874711
0.553336
0.435488
0.907261
0.565750
0.071639
0.351082
0.711909
0.648474
0.440950
0.434082
0.078667
0.080040
0.344171
0.541983
0.609979
0.320267
0.675748
0.354216
0.346068
0.488733
0.704544
0.016916
0.371799
0.691302
0.291964
0.039487
0.672275
0.966256
0.889582
0.653097
0.840968
0.442918
0.088585
0.748229
0.008668
0.160224
0.099311
0.720577
0.808699
0.540260
0.154659
0.887366
0.620301
0.498829
0.429348
0.230280
0.819096
0.105096
0.584495
0.165164
0.593829
0.289039
0.182080
0.965628
0.980342
0.474044
0.005116
0.652616
0.440301
0.894698
0.305714
0.281268
0.337615
0.394299
0.029497
0.346283
0.554523
0.128808
0.066860
0.363222
0.669068
0.221519
0.250587
0.289369
0.720348
0.679936
0.519649
0.539444
0.785032
0.104144
0.704608
0.378861
0.393183
0.886689
0.344490
0.373525
0.360733
0.349605
0.026141
0.801034
0.244303
0.331855
0.082302
0.581918
0.726153
0.111799
0.928202
0.280677
0.240607
0.995062
0.643898
0.909675
0.216581
0.894486
0.199044
0.936929
0.574422
0.718693
0.476373
0.359454
0.822837
0.180982
0.738315
0.216020
0.067671
0.082805
0.589545
0.428404
0.432410
0.615686
0.229438
0.676713
0.947541
0.311740
0.258631
0.673694
0.423539
0.186833
0.954371
0.664145
0.181895
0.598269
0.573820
0.398475
0.492755
0.772864
0.335404
0.067176
0.491557
0.811778
0.426630
0.314394
0.992759
0.164945
0.530414
0.060430
0.247750
0.119959
0.488834
0.680160
0.735645
0.718272
0.356873
0.683186
0.030011
0.615504
0.356880
0.453550
0.802337
0.311250
0.117695
0.984232
0.909519
0.691515
0.382707
0.402274
0.464380
0.718111
0.469450
0.955937
0.529889
0.896080
0.270331
0.522648
0.061025
0.800746
0.583078
0.308775
0.920705
0.071912
0.988935
0.656350
0.790184
0.345807
0.339536
0.820195
0.961311
0.696415
0.273745
0.763648
0.007666
0.391440
0.747880
0.917185
0.082955
0.130587
0.319459
0.547335
0.848698
0.788909
0.503272
0.378586
0.684990
0.773603
0.901234
0.746015
0.574349
0.484313
0.054790
0.495054
0.556225
0.043724
0.151404
0.346409
0.389531
0.490939
0.166604
0.350843
0.187355
0.440348
0.114491
0.195021
0.831788
0.862371
0.112206
0.914743
0.992957
0.431665
0.462078
0.841655
0.220575
0.965350
0.220241
0.905564
0.738953
0.121476
0.651579
0.313302
0.605788
0.706369
0.808356
0.162013
0.750093
0.959760
0.508422
0.139624
0.450699
0.675025
0.490467
0.638054
0.115374
0.604958
0.833074
0.947162
0.467329
0.945280
0.861905
0.460286
0.376945
0.323983
0.301941
0.597520
0.289333
0.522182
0.503084
0.028286
0.643658
0.154663
0.341588
0.249446
0.861032
0.149945
0.411460
0.611125
0.109705
0.919881
0.750749
0.560404
0.594907
0.241216
0.198458
0.710281
0.846174
0.031532
0.657442
0.313503
0.976812
0.519347
0.773789
0.353758
0.843330
0.075730
0.951278
0.132662
0.597913
0.454362
0.160948
0.241571
0.609025
0.502537
0.491017
0.470057
0.652482
0.902477
0.081182
0.762186
0.822358
0.831931
0.322590
0.417265
0.073147
0.521047
0.127545
0.919322
0.552579
0.784988
0.232825
0.529392
0.304335
0.006614
0.883150
0.147664
0.082345
0.834428
0.280327
0.680257
0.288790
0.441275
0.921828
0.897815
0.943812
0.412845
0.367872
0.596293
0.315322
0.449054
0.358480
0.137679
0.280986
0.681069
0.554944
0.354133
0.202117
0.682490
0.273455
0.754696
0.467477
0.506280
0.284088
0.771812
0.512894
0.167238
0.919476
0.595239
0.001665
0.199803
0.275497
0.290455
0.641078
0.197325
0.188270
0.584890
0.610170
0.556142
0.181183
0.925491
0.005197
0.539663
0.063171
0.286182
0.220732
0.618115
0.640315
0.422849
0.300604
0.913770
0.177545
0.768082
0.420050
0.461633
0.539894
0.932944
0.628871
0.459370
0.528184
0.630536
0.659172
0.803680
0.920991
0.300250
0.001005
0.109261
0.885140
0.611175
0.665404
0.066323
0.536666
0.670600
0.605985
0.599836
0.956782
0.826717
0.217951
0.597098
0.249566
0.518556
0.510868
0.427111
0.286637
0.930918
0.888744
0.826531
0.863862
0.517615
0.285901
0.392046
0.148151
0.945073
0.195726
0.069142
0.245323
0.196731
0.178404
0.130463
0.807906
0.843808
0.196785
0.344571
0.514408
0.802770
0.944408
0.471190
0.629487
0.162359
0.068288
0.879053
0.680915
0.579155
0.306164
0.967552
0.510073
0.194908
0.794083
0.373935
0.712522
0.079984
0.765980
0.860673
0.025057
0.961706
0.929816
0.270380
0.158437
0.108220
0.400843
0.966343
0.952027
0.597628
0.310914
0.466435
0.400399
0.255322
0.937626
0.029886
0.417681
0.005913
0.908939
0.098596
0.585069
0.215103
0.066149
0.095142
0.410011
0.860232
0.469077
0.122533
0.940216
0.235057
0.983207
0.965273
0.196764
0.913022
0.235653
0.355201
0.021242
0.636496
0.321544
0.973269
0.234124
0.632458
0.439704
0.634523
0.887780
0.377330
0.664409
0.305461
0.383243
0.573348
0.404057
0.968312
0.788451
0.470206
0.063454
0.198462
0.330438
0.532531
0.320995
0.270654
0.767588
0.304202
0.235927
0.964352
0.217225
0.471581
0.319553
0.238467
0.108077
0.641097
0.211736
0.342201
0.273555
0.651440
0.976724
0.161335
0.028770
0.641133
0.466796
0.412013
0.214481
0.870853
0.380326
0.002933
0.341059
0.443780
0.201395
0.671497
0.976311
0.522390
0.942152
0.743900
0.826592
0.178079
0.708252
0.043817
0.649660
0.027805
0.282283
0.757736
0.668902
0.494019
0.099938
0.942457
0.145459
0.076662
0.103792
0.174229
0.717795
0.570588
0.586243
0.932276
0.441441
0.966568
0.935209
0.782501
0.410348
0.136604
0.453998
0.386659
0.658994
0.396150
0.130559
0.485587
0.574228
0.838811
0.529403
0.223888
0.866615
0.811687
0.981624
0.535517
0.305706
0.081562
0.477974
0.451166
0.158224
0.581766
0.625395
0.876019
0.152353
0.211638
0.808295
0.593794
0.178206
0.743504
0.376295
0.588555
0.880107
0.830293
0.975214
0.539101
0.226442
0.105773
0.024688
0.800671
0.944584
0.554091
0.024559
0.811199
0.365778
0.006183
0.346716
0.671485
0.087745
0.824690
0.122650
0.245969
0.406456
0.748045
0.121987
0.558809
0.959683
0.930282
0.152603
0.137890
0.673785
0.528898
0.726444
0.553893
0.359191
0.701659
0.092994
0.585633
0.807432
0.117682
0.386304
0.752015
0.671773
0.410863
0.563215
0.037551
0.417046
0.909931
0.709036
0.504791
0.734622
0.831686
0.750759
0.141078
0.579732
0.872746
0.699887
0.539415
0.803028
0.852490
0.677304
0.476813
0.381388
0.403749
0.030706
0.740579
0.105407
0.123700
0.326212
0.912839
0.241382
0.712516
0.664855
0.913155
0.123379
0.228069
0.950706
0.540425
0.138000
0.659743
0.045215
0.872622
0.491429
0.795975
0.013699
0.071160
0.668721
0.713586
0.610575
0.471749
0.566076
0.287879
0.948563
0.947464
0.691628
0.979269
0.688043
0.797036
0.102969
0.014255
0.709875
0.344351
0.726772
0.374729
0.257506
0.850151
0.602798
0.208212
0.390575
0.740799
0.867955
0.435791
0.613420
0.359383
0.231766
0.627120
0.430544
0.900487
0.340705
0.041119
0.372236
0.906781
0.328998
0.320799
0.854245
0.020626
0.300067
0.542288
0.817662
0.403036
0.556544
0.527536
0.747387
0.283315
0.902266
0.004892
0.133466
0.505064
0.213104
0.524041
0.245862
0.081059
0.959832
0.859283
0.440442
0.191598
0.486402
0.870986
0.092084
0.827108
0.912105
0.464320
0.733889
0.241103
0.785119
0.588134
0.261729
0.085186
0.130423
0.079391
0.488222
0.686966
0.606927
0.235609
0.970281
0.509193
0.240501
0.103747
0.014256
0.453605
0.627788
0.260119
0.534664
0.587620
0.119402
0.975107
0.779218
0.605804
0.846093
0.871302
0.432912
0.758197
0.335622
0.166801
0.999300
0.120741
0.754935
0.261029
0.205927
0.885357
0.340419
0.694149
0.572324
0.947346
0.929758
0.542605
0.456539
0.170259
0.646352
0.470795
0.623865
0.274140
0.730914
0.158529
0.861760
0.850316
0.133636
0.640978
0.456120
0.979729
0.512280
0.889031
0.737926
0.847902
0.055832
0.737226
0.968643
0.810766
0.998255
0.174570
0.696124
0.338674
0.868719
0.268447
0.286020
0.798477
0.811052
0.742559
0.968737
0.457404
0.213354
0.592601
0.731544
0.944268
0.751130
0.593304
0.794584
0.884766
0.234282
0.250703
0.864494
0.746562
0.139734
0.602420
0.594464
0.195566
0.339646
0.563107
0.006332
0.337901
0.737677
0.702456
0.676574
0.606397
0.970904
0.962594
0.404874
0.781956
0.705153
0.373611
0.239360
0.918507
0.966212
0.970904
0.862775
0.717342
0.564208
0.657358
0.602108
0.798490
0.908061
0.466602
0.545052
0.047795
0.069022
0.139516
0.243361
0.408669
0.702623
0.249693
0.746569
0.440301
0.952149
0.423144
0.046697
0.923053
0.385738
0.451571
0.705009
0.090891
0.825182
0.944369
0.009398
0.791393
0.915273
0.872173
0.508735
0.479481
0.529531
0.110843
0.277971
0.437592
0.577445
0.823023
0.485388
0.646467
0.962539
0.728749
0.055136
0.665162
0.978442
0.801705
0.105463
0.930592
0.224849
0.152160
0.853645
0.610587
0.603732
0.558654
0.701478
0.428913
0.503022
0.710876
0.220307
0.418295
0.583049
0.729042
0.897776
0.112580
0.839885
0.175747
0.550172
0.417329
0.998770
0.035560
0.063796
0.961309
0.764309
0.118932
0.626471
0.742751
0.920637
0.731934
0.673343
0.145485
0.884094
0.526988
0.756072
0.487826
0.085642
0.457550
0.916739
0.588664
0.168426
0.137046
0.006959
0.751474
0.866088
0.904735
0.864054
0.705972
0.080482
0.414226
0.123301
0.079252
0.449786
0.187098
0.040560
0.214095
0.306030
0.667031
0.956846
0.226667
0.398965
0.630190
0.372152
0.283060
0.157178
0.128224
0.770886
0.242820
0.585774
0.687625
0.831484
0.754200
0.824671
0.838444
0.505674
0.690758
0.743179
0.369728
0.396730
0.823661
0.783954
0.520032
0.902912
0.233740
0.707130
0.943473
0.447835
0.013160
0.610504
0.404681
0.239827
0.009469
0.034871
0.611979
0.292529
0.192049
0.740203
0.063415
0.434869
0.325977
0.751039
0.266353
0.080177
0.575710
0.104797
0.585852
0.266468
0.847976
0.955580
0.663199
0.671637
0.739534
0.183231
0.574549
0.973274
0.890361
0.518022
0.421109
0.903520
0.128526
0.825790
0.143347
0.137995
0.860662
0.755326
0.430524
0.052711
0.495529
0.493939
0.487580
0.821506
0.244978
0.753933
0.901684
0.820688
0.858730
0.487535
0.087157
0.706705
0.443115
0.750355
0.378342
0.182649
0.933586
0.952891
0.155923
0.823947
0.470913
0.577031
0.727467
0.599439
0.402822
0.870814
0.737434
0.263483
0.626139
0.167958
0.316194
0.121668
0.661897
0.803774
0.943175
0.906875
0.557706
0.844858
0.727564
0.416436
0.332394
0.814720
0.123141
0.775509
0.565076
0.501483
0.958157
0.498662
0.454375
0.114080
0.322608
0.925287
0.691111
0.050075
0.524726
0.093933
0.920889
0.262159
0.357416
0.547028
0.430117
0.673610
0.668696
0.092014
0.477384
0.611871
0.998890
0.035090
0.456729
0.726453
0.451526
0.789123
0.541174
0.574667
0.564631
0.106249
0.076151
0.522789
0.604911
0.530525
0.636868
0.927520
0.455813
0.327979
0.977595
0.980539
0.421912
0.898484
0.242698
0.779328
0.445512
0.672815
0.452939
0.114209
0.764830
0.930322
0.726080
0.763719
0.965412
0.182809
0.490172
0.416938
0.971932
0.031346
0.991605
0.536563
0.137595
0.067756
0.059352
0.742507
0.598282
0.696220
0.670026
0.054094
0.024200
0.647621
0.034633
0.446112
0.546105
0.277331
0.225440
0.991618
0.950146
0.678379
0.105826
0.714976
0.608701
0.831906
0.478695
0.574113
0.014715
0.968868
0.991052
0.986647
0.000214
0.982657
0.523210
0.137809
0.050413
0.582562
0.880316
0.648695
0.278783
0.550342
0.702789
0.302982
0.197964
0.737422
0.749094
0.744069
0.014753
0.974535
0.735687
0.964899
0.652914
0.841513
0.679875
0.261615
0.673419
0.158570
0.835729
0.688134
0.127437
0.826780
0.674781
0.127651
0.809437
0.197992
0.265460
0.859851
0.780554
0.145776
0.508546
0.059337
0.696118
0.211335
0.362319
0.894082
0.948757
0.111413
0.638151
0.963510
0.085948
0.373838
0.928409
0.738862
0.215351
0.608284
0.000477
0.888770
0.766854
0.836206
0.576904
0.894291
0.662986
0.251686
0.021942
0.472423
0.449677
0.287403
0.332274
0.230231
0.433179
0.840820
0.289568
0.129297
0.052155
0.651887
0.023379
0.000912
0.763300
0.661530
0.964422
0.849249
0.035367
0.892831
0.588111
0.250718
0.501115
0.588588
0.139488
0.267969
0.424794
0.716393
0.162260
0.087780
0.968078
0.184202
0.560203
0.417755
0.471605
0.892477
0.647986
0.904783
0.733297
0.937554
0.034080
0.785452
0.589441
0.057459
0.786364
0.352742
0.718989
0.750785
0.201990
0.754356
0.643616
0.790101
0.005075
0.144731
0.378689
0.144563
0.412700
0.803482
0.860955
0.574959
0.891262
0.829034
0.759162
0.451466
0.246789
0.230767
0.343943
0.894775
0.135550
0.077240
0.832330
0.169630
0.862692
0.421771
0.227089
0.649056
0.774512
0.946078
0.399841
0.976503
0.700435
0.043458
0.766603
0.705509
0.188189
0.145292
0.850072
0.600888
0.948774
0.711028
0.175848
0.840037
0.540061
0.935009
0.291503
0.786850
0.165776
0.635446
0.681625
0.301326
0.712686
0.513955
0.470956
0.575379
0.935726
0.698045
0.224435
0.710238
0.644124
0.624276
0.686741
0.344559
0.667734
0.453344
0.050068
0.855922
0.598636
0.900140
0.456810
0.547410
0.611168
0.632658
0.387447
0.151230
0.567667
0.678950
0.938080
0.733443
0.314396
0.619705
0.034769
0.027082
0.133660
0.505725
0.602461
0.069386
0.203770
0.826895
0.779624
0.847894
0.451171
0.466365
0.192452
0.118905
0.919710
0.242520
0.974827
0.518346
0.142661
0.431637
0.065756
0.753829
0.064295
0.453203
0.905059
0.631962
0.132153
0.843138
0.365405
0.446548
0.462843
0.400173
0.473631
0.596504
0.905898
0.076091
0.665890
0.109668
0.902987
0.445514
0.957562
0.354158
0.911879
0.150015
0.473063
0.831589
0.392535
0.447890
0.349935
0.535196
0.879528
0.415691
0.289025
0.943823
0.868894
0.194084
0.575785
0.001046
0.037222
0.941190
0.447595
0.500065
0.341363
0.921225
0.096569
0.247261
0.997317
0.762459
0.356929
0.900304
0.207973
0.314491
0.254462
0.119852
0.464506
0.727525
0.951441
0.857041
0.175415
0.301376
0.392237
0.054943
0.717066
0.681262
0.998766
0.585960
0.875345
0.574551
0.587007
0.912567
0.515740
0.034601
0.412632
0.857103
0.955827
0.509201
0.104364
0.953144
0.271660
0.461294
0.853447
0.479633
0.775785
0.107909
0.599485
0.240291
0.835434
0.550926
0.097332
0.010849
0.852302
0.489568
0.065792
0.569369
0.170830
0.064558
0.155329
0.046175
0.639109
0.742335
0.958742
0.154849
0.776937
0.371374
0.011952
0.732764
0.880576
0.116317
0.685907
0.152236
0.577610
0.539355
0.631869
0.353395
0.647263
0.231354
0.593686
0.482697
0.782280
0.691017
0.493547
0.634583
0.180586
0.559339
0.203952
0.351416
0.623897
0.359280
0.397591
0.263006
0.101616
0.356332
0.417855
0.878553
0.727707
0.429807
0.611316
0.608283
0.546124
0.297224
0.760518
0.123734
0.836578
0.392387
0.477129
0.483842
0.623741
0.070815
0.966539
0.406021
0.761833
0.460086
0.040604
0.942418
0.019425
0.244556
0.293834
0.643322
0.603836
0.691424
0.906328
0.705452
0.047757
0.324183
0.584005
0.775464
0.753990
0.195321
0.383746
0.300114
0.492545
0.144265
0.423848
0.329123
0.536652
0.900977
0.812965
0.160393
0.971792
0.779504
0.566415
0.733625
0.239590
0.607019
0.676043
0.259015
0.851574
0.969877
0.902337
0.455410
0.661302
0.808664
0.160862
0.709059
0.132847
0.744867
0.484522
0.886837
0.940188
0.868269
0.186951
0.432733
0.012534
0.610799
0.761856
0.549186
0.511776
0.574821
0.709579
0.483569
0.354325
0.275993
0.217194
0.593915
0.883012
0.893237
0.852930
0.734586
0.863114
0.755267
0.189997
0.524416
0.563931
0.350859
0.233475
0.696778
0.095726
0.717997
0.583615
0.035914
0.586266
0.770567
0.468647
0.598800
0.381366
0.230503
0.147985
0.893142
0.805324
0.857564
0.376711
0.159649
0.133557
0.593904
0.753564
0.016569
0.487141
0.606494
0.751155
0.350256
0.361761
0.941152
0.874672
0.925692
0.292011
0.108147
0.622470
0.387737
0.826144
0.206086
0.423651
0.412410
0.976652
0.892297
0.011210
0.358018
0.122800
0.159195
0.251160
0.928124
0.016758
0.627871
0.087773
0.150315
0.221775
0.841337
0.166884
0.708916
0.447832
0.918038
0.059172
0.809592
0.859190
0.933844
0.735284
0.151201
0.041991
0.357755
0.538937
0.868135
0.563840
0.962588
0.280545
0.540493
0.854885
0.291755
0.898510
0.977685
0.450949
0.149670
0.905809
0.467707
0.777541
0.993582
0.618022
0.999316
0.834919
0.784906
0.708233
0.282751
0.702945
0.767405
0.092343
0.562135
0.701249
0.827627
0.713335
0.743240
0.185382
0.252272
0.611375
0.749222
0.214860
0.891920
0.289715
0.069745
0.183675
0.188225
0.047430
0.634624
0.337896
0.953239
0.102331
0.115437
0.946821
0.720354
0.114753
0.781740
0.505260
0.822985
0.064490
0.208205
0.590390
0.156833
0.770339
0.291639
0.984461
0.483674
0.034879
0.169843
0.735947
0.646254
0.919065
0.950807
0.538174
0.208780
0.020552
0.721849
0.397005
0.067981
0.356473
0.734900
0.021220
0.458805
0.850337
0.968041
0.179159
0.965089
0.749780
0.684419
0.788075
0.814271
0.892623
0.378464
0.971104
0.662962
0.670103
0.955565
0.146637
0.704982
0.125407
0.882583
0.351237
0.044472
0.833390
0.889411
0.253252
0.853941
0.611260
0.650256
0.921923
0.967733
0.385157
0.943143
0.426538
0.235493
0.911183
0.605696
0.200583
0.660964
0.290115
0.988657
0.475234
0.182738
0.367122
0.446338
0.845700
0.037225
0.401903
0.992337
0.742208
0.527310
0.874920
0.093444
0.571782
0.708310
0.982855
0.825033
0.562251
0.594115
0.475290
0.484173
0.561848
0.860446
0.427316
0.988386
0.095940
0.338500
0.594082
0.296523
0.999463
0.884197
0.285180
0.474698
0.066936
0.652302
0.921036
0.912636
0.689527
0.322938
0.904973
0.431735
0.850248
0.779893
0.525179
0.422030
0.488202
0.508034
0.247063
0.050453
0.102149
0.722353
0.534627
0.663997
0.582799
0.961943
0.652383
0.678739
0.300442
0.246466
0.975261
0.299906
0.130663
0.260442
0.774603
0.197599
0.912744
0.695639
0.110235
0.602271
0.018577
0.015207
0.034006
0.868825
0.795100
0.559185
0.290855
0.283303
0.067219
0.537918
0.333756
0.169368
0.260270
0.868382
0.833365
0.843069
0.830325
0.485748
0.521808
0.130768
0.732214
0.497069
0.430673
0.862877
0.757511
0.205277
0.060476
0.670255
0.900916
0.170710
0.272525
0.919493
0.185917
0.306531
0.788318
0.981018
0.865716
0.079172
0.264320
0.932935
0.617090
0.598076
0.102303
0.877360
0.466458
0.935668
0.720429
0.296784
0.421416
0.242237
0.427551
0.153630
0.739307
0.858225
0.016507
0.496818
0.063501
0.076982
0.167072
0.964417
0.247692
0.439598
0.883910
0.433610
0.746129
0.672227
0.414627
0.611845
0.751400
0.678947
0.544780
0.368490
0.277023
0.647082
0.245850
0.743482
0.582750
0.966279
0.040265
0.004166
0.208516
0.467817
0.157795
0.947823
0.326041
0.174302
0.444641
0.389543
0.251284
0.611713
0.353960
0.498976
0.051311
0.237870
0.932586
0.797440
0.910097
0.347213
0.409285
0.661497
0.026161
0.954065
0.029986
0.303184
0.601147
0.275836
0.046666
0.183897
0.242115
0.086931
0.188063
0.450631
0.554747
0.345858
0.398454
0.880789
0.520160
0.843095
0.270332
0.771443
0.454809
0.624291
0.270419
0.506120
0.862161
0.203005
0.303561
0.772258
0.550218
0.712846
0.433755
0.576379
0.666911
0.463742
0.879563
0.268058
0.739578
0.926228
0.451955
0.981693
0.013159
0.640018
0.432324
0.567907
0.985876
0.830778
0.448695
0.506035
0.673873
0.719027
0.277479
0.128682
0.343318
0.547898
0.634802
0.205480
0.750903
0.938363
0.977738
0.301121
0.651209
0.411493
0.877500
0.318120
0.875235
0.757063
0.586179
0.614813
0.683291
0.038134
0.596505
0.696450
0.678152
0.028829
0.264356
0.664028
0.859607
0.713052
0.170063
0.533480
0.432079
0.447542
0.662163
0.775397
0.995440
0.296965
0.980877
0.746343
0.235328
0.958615
0.047464
0.886538
0.370108
0.924965
0.204658
0.245343
0.682027
0.790837
0.860155
0.365318
0.828971
0.456660
0.061768
0.507123
0.485489
0.326125
0.171151
0.345096
0.039176
0.341214
0.878577
0.471255
0.788756
0.540739
0.246652
0.784196
0.837705
0.227529
0.530539
0.073033
0.186143
0.578003
0.959570
0.556251
0.502968
0.164228
0.801593
0.184995
0.955065
0.661748
0.550313
0.784036
0.118408
0.612081
0.291159
0.603897
0.938206
0.462309
0.948994
0.977382
0.803523
0.827570
0.448637
0.592279
0.368309
0.695289
0.376475
0.206014
0.922818
0.907014
0.279047
0.108961
0.485018
0.238617
0.665212
0.987985
0.402846
0.466805
0.172981
0.357911
0.128553
0.723294
0.141946
0.246961
0.335375
0.433105
0.850859
0.273581
0.895414
0.799852
0.250964
0.698938
0.627422
0.699601
0.291217
0.995732
0.394890
0.667692
0.201746
0.317708
0.574707
0.480793
0.426669
0.059724
0.719410
0.091880
0.047710
0.122256
0.558685
0.220690
0.480167
0.687238
0.943984
0.622113
0.934199
0.279359
0.055218
0.785058
0.552941
0.950632
0.584911
0.803905
0.649570
0.212333
0.503505
0.940787
0.208065
0.898396
0.608480
0.409811
0.216103
0.183186
0.890603
0.642772
0.242910
0.610014
0.734653
0.290620
0.732269
0.293338
0.511310
0.212436
0.980576
0.455294
0.834549
0.914775
0.734654
0.889767
0.699834
0.287594
0.840400
0.284744
0.091499
0.489970
0.497077
0.595004
0.430757
0.705142
0.493400
0.039237
0.114953
0.709503
0.222423
0.005556
0.352276
0.465333
0.615570
0.086928
0.755953
0.347839
0.380266
0.267263
0.560275
0.360841
0.722557
0.394825
0.275617
0.457210
0.284592
0.975450
0.744805
0.124992
0.260194
0.836304
0.614962
0.757272
0.431308
0.045720
0.462414
0.924708
0.084957
0.577366
0.634211
0.307380
0.582923
0.986487
0.772713
0.198492
0.073415
0.528666
0.546332
0.453680
0.795928
0.106607
0.814522
0.518485
0.501432
0.090139
0.975695
0.786024
0.065589
0.720500
0.911017
0.325783
0.556804
0.525979
0.083055
0.988111
0.571699
0.545468
0.912819
0.656655
0.122835
0.547030
0.964035
0.705757
0.533517
0.736747
0.904250
0.606932
0.265413
0.450582
0.060612
0.061341
0.557189
0.875134
0.579826
0.058621
0.965273
0.555521
0.844645
0.030862
0.276021
0.755662
0.356645
0.832825
0.281641
0.439700
0.820936
0.853339
0.985168
0.733756
0.509994
0.108003
0.280786
0.474029
0.813760
0.814303
0.210776
0.718010
0.421234
0.476189
0.168592
0.481846
0.537530
0.725781
0.356980
0.117356
0.784402
0.322253
0.672878
0.629047
0.353115
0.948899
0.384709
0.709760
0.781724
0.666350
0.149459
0.602660
0.519689
0.134627
0.336416
0.029684
0.242630
0.617202
0.503713
0.056391
0.431504
0.714489
0.774401
0.852738
0.190679
0.942993
0.334585
0.728209
0.668774
0.691565
0.845565
0.453176
0.013818
0.518443
0.082224
0.366933
0.467342
0.466933
0.076693
0.249066
0.133283
0.226152
0.851726
0.652973
0.360779
0.188142
0.682657
0.603409
0.805344
0.186370
0.659800
0.236848
0.900859
0.434201
0.089586
0.091538
0.377194
0.424171
0.819746
0.045968
0.115737
0.665312
0.499145
0.129555
0.183754
0.581368
0.496488
0.651096
0.048301
0.573181
0.900162
0.181585
0.799333
0.751888
0.834558
0.160112
0.940030
0.517214
0.763522
0.745374
0.703584
0.423322
0.982222
0.604443
0.857523
0.071809
0.695981
0.234717
0.495980
0.515727
0.280685
0.611716
0.181039
0.779830
0.741271
0.364793
0.361198
0.237760
0.015890
0.409500
0.810941
0.916052
0.591085
0.610273
0.667940
0.425642
0.770386
0.607971
0.942857
0.533907
0.353345
0.646441
0.957229
0.335567
0.250884
0.814752
0.407376
0.946865
0.049469
0.903355
0.462592
0.330154
0.515072
0.643631
0.109984
0.256343
0.008424
0.471183
0.494103
0.024314
0.880683
0.305043
0.940365
0.471767
0.915317
0.608306
0.897410
0.685702
0.216276
0.840266
0.219610
0.569621
0.486707
0.176839
0.905188
0.737591
0.991591
0.312564
0.684456
0.041060
0.215919
0.147048
0.371214
0.730991
0.790678
0.481199
0.987334
0.799103
0.952382
0.481437
0.823416
0.833064
0.786480
0.763782
0.304832
0.701797
0.372087
0.202241
0.387499
0.588363
0.042507
0.607109
0.157985
0.529214
0.783948
0.063173
0.266805
0.775538
0.375736
0.951261
0.816598
0.591655
0.098308
0.187813
0.322646
0.888987
0.669011
0.309980
0.688089
0.621393
0.791416
0.511505
0.454457
0.577896
0.275287
0.759289
0.279693
0.647374
0.961530
0.667192
0.235738
0.004038
0.274301
0.393722
0.533252
0.058249
0.456895
0.800057
0.833787
0.832631
0.751318
0.650385
0.424286
0.849626
0.838198
0.746932
0.738613
0.507209
0.056911
0.426702
0.128602
0.848327
0.938208
0.583060
0.426224
0.213495
0.342349
0.705917
0.860869
0.303879
0.373109
0.096607
0.307916
0.647410
0.490330
0.841168
0.705658
0.947225
0.641225
0.539446
0.779856
0.392543
0.189831
0.204142
0.242170
0.028029
0.951073
0.980783
0.535238
0.007984
0.407485
0.663841
0.856312
0.345693
0.246900
0.282536
0.559187
0.589249
0.988452
0.420057
0.893128
0.361561
0.516664
0.201044
0.008971
0.006993
0.042212
0.714629
0.954218
0.683437
0.254075
0.734074
0.075981
0.443906
0.938215
0.318150
0.471935
0.889288
0.298933
0.007173
0.897273
0.706418
0.671014
0.753585
0.052110
0.917914
0.036120
0.611298
0.507163
0.024573
0.031354
0.400290
0.386134
0.548018
0.601334
0.395105
0.555012
0.643546
0.109734
0.509230
0.326983
0.363809
0.243303
0.402964
0.807715
0.181518
0.721114
0.279650
0.070807
0.020047
0.286823
0.968079
0.726465
0.957836
0.721664
0.778575
0.875750
0.757784
0.389873
0.382913
0.782357
0.421227
0.783203
0.168491
0.969245
0.384537
0.563596
0.524257
0.028083
0.673330
0.033486
0.355066
0.037139
0.276790
0.758030
0.844854
0.458308
0.479145
0.124503
0.529114
0.499192
0.411326
0.497194
0.225656
0.369162
0.218858
0.004231
0.244912
0.976642
0.394104
0.627825
0.759000
0.815331
0.411028
0.927490
0.784576
0.795565
0.491086
0.308832
0.823648
0.164416
0.342319
0.178714
0.201554
0.619108
0.936744
0.046408
0.077416
0.415889
0.170911
0.606531
0.915080
0.582237
0.103724
0.140737
0.951399
0.322582
0.144968
0.196311
0.299225
0.539072
0.824136
0.058224
0.354402
0.235163
0.985715
0.138978
0.030728
0.476801
0.447810
0.854376
0.641216
0.790129
0.033089
0.842771
0.409237
0.969834
0.889178
0.486654
0.385722
0.060089
0.093184
0.300802
0.642326
0.196909
0.441539
0.593725
0.519491
0.586507
0.790036
0.818716
0.125579
0.614171
0.876941
0.479981
0.849334
0.862655
0.618959
0.880062
0.339456
0.066769
0.734438
0.980673
0.856898
0.767527
0.823443
0.266136
0.737361
0.712622
0.752789
0.123083
0.772711
0.845974
0.423885
0.415037
0.042882
0.865424
0.008762
0.562374
0.451931
0.798797
0.381090
0.577510
0.412968
0.258030
0.057491
0.262303
0.120686
0.676449
0.142365
0.460142
0.743218
0.876803
0.440814
0.600116
0.644330
0.264257
0.866252
0.381691
0.976879
0.619041
0.504774
0.749590
0.465015
0.928660
0.164627
0.507897
0.794084
0.173389
0.070271
0.246015
0.972186
0.451360
0.823525
0.385155
0.709391
0.881016
0.647457
0.830076
0.557465
0.789822
0.290218
0.300683
0.666625
0.731032
0.900800
0.310956
0.995290
0.767051
0.692647
0.972169
0.386093
0.197421
0.721759
0.851107
0.126081
0.886386
0.359004
0.920165
0.059775
0.429275
0.166181
0.031961
0.880636
0.989706
0.417116
0.590026
0.870722
0.064573
0.420103
0.428187
0.854395
0.710321
0.728870
0.521021
0.441353
0.629670
0.831976
0.436643
0.396721
0.524623
0.408812
0.782814
0.722045
0.130571
0.633921
0.848126
0.016957
0.992925
0.768291
0.076732
0.422200
0.934472
0.108693
0.302836
0.924178
0.525809
0.892862
0.794900
0.590382
0.312965
0.223087
0.444777
0.023286
0.951957
0.965798
0.464639
0.581627
0.797774
0.901282
0.978348
0.322397
0.310095
0.761161
0.044442
0.440666
0.395082
0.892568
0.457623
0.388007
0.660859
0.534355
0.810207
0.595332
0.643048
0.113043
0.519510
0.168856
0.005905
0.314410
0.759238
0.318870
0.537498
0.204015
0.342155
0.489455
0.169813
0.806794
0.071081
0.967587
0.708077
0.049429
0.289984
0.018171
0.810590
0.334426
0.458837
0.205672
0.226994
0.916460
0.593679
0.887853
0.450815
0.403887
0.483184
0.093863
0.516930
0.002694
0.262719
0.522835
0.317105
0.021957
0.841704
0.854602
0.225972
0.183860
0.344057
0.395784
0.990654
0.415139
0.363371
0.698731
0.464568
0.653354
0.716902
0.275158
0.987780
0.175739
0.480830
0.214774
0.092199
0.074510
0.102627
0.543014
0.478396
0.585811
0.636877
0.995326
0.588506
0.899596
0.518160
0.905611
0.921552
0.359864
0.760213
0.147524
0.543724
0.104270
0.543308
0.534378
0.519409
0.906679
0.233109
0.983976
0.560033
0.950012
0.259134
0.547814
0.125751
0.739965
0.762588
0.217951
0.814474
0.865214
0.760965
0.292870
0.451026
0.397842
0.288196
0.039531
0.297437
0.806356
0.945142
0.218990
0.166221
0.705355
0.366514
0.709945
0.809625
0.909822
0.244323
0.329034
0.816501
0.477432
0.313010
0.376535
0.427444
0.572145
0.924348
0.553195
0.312109
0.686936
0.771146
0.126584
0.552151
0.532111
0.419454
0.003176
0.929952
0.707650
0.042708
0.227390
0.514006
0.987850
0.446379
0.680226
0.693205
0.812893
0.390171
0.502830
0.722716
0.634494
0.831864
0.539217
0.111926
0.144875
0.915752
0.539370
0.717020
0.840100
0.092566
0.029129
0.527036
0.863711
0.155713
0.079187
0.395822
0.575167
0.082363
0.325774
0.282816
0.125071
0.553164
0.796822
0.112921
0.999543
0.477049
0.806126
0.812437
0.867220
0.308957
0.535152
0.501714
0.140821
0.074369
0.613641
0.285696
0.990121
0.153011
0.002716
0.830221
0.245577
0.031845
0.357257
0.109288
0.187558
0.436444
0.505110
0.762724
0.518807
0.830885
0.045541
0.643878
0.384049
0.842363
0.756800
0.383592
0.319412
0.562926
0.196029
0.186632
0.871883
0.731181
0.688346
0.012704
0.805551
0.301986
0.298400
0.795671
0.454997
0.301115
0.625892
0.700574
0.332960
0.983149
0.809862
0.520518
0.419593
0.314972
0.283242
0.938400
0.145857
0.328782
0.582279
0.529906
0.171145
0.339078
0.913498
0.490557
0.902004
0.109527
0.677189
0.773887
0.840708
0.365535
0.786590
0.646259
0.667521
0.084990
0.441930
0.122518
0.386105
0.067823
0.823093
0.719065
0.050972
0.632955
0.239583
0.470565
0.947927
0.522825
0.408965
0.093784
0.851607
0.991244
0.623690
0.022753
0.330322
0.537187
0.513310
0.232326
0.646714
0.190499
0.006213
0.487422
0.556034
0.792803
0.133681
0.223555
0.877793
0.575611
0.346073
0.263898
0.643433
0.169166
0.982964
0.694405
0.802120
0.222547
0.164970
0.750047
0.745372
0.573936
0.843831
0.596979
0.565180
0.467521
0.619732
0.895503
0.004708
0.133041
0.127829
0.651422
0.323540
0.134042
0.138844
0.879574
0.926845
0.272525
0.103129
0.804639
0.848136
0.449202
0.068537
0.491569
0.618368
0.051501
0.185974
0.420488
0.274048
0.350945
0.170536
0.019419
0.924881
0.014367
0.616398
0.490061
0.481888
0.236130
0.385563
0.486596
0.369171
0.513392
0.138018
0.692711
0.647435
0.276862
0.572285
0.574280
0.549387
0.675414
0.378918
0.397523
0.124616
0.447456
0.889092
0.742984
0.498956
0.075066
0.163473
0.773004
0.426011
0.334009
0.792423
0.350891
0.348376
0.408822
0.840952
0.830264
0.644951
0.226516
0.316860
0.014122
0.739908
0.454879
0.706834
0.387342
0.731741
0.279119
0.961622
0.281128
0.954534
0.340541
0.678651
0.079150
0.787996
0.567742
0.822134
0.286953
0.642808
0.985607
0.059957
0.068819
0.319616
0.852380
0.419710
0.667991
0.261202
0.260662
0.498255
0.906153
0.487178
0.815116
0.920276
0.227086
0.269995
0.627109
0.614428
0.001736
0.906229
0.576050
0.282864
0.860763
0.916591
0.961515
0.939913
0.704588
0.529257
0.762047
0.991540
0.172065
0.747654
0.051497
0.240884
0.067270
0.903878
0.660594
0.735261
0.165080
0.921256
0.233517
0.071233
0.408434
0.048633
0.991508
0.635519
0.318627
0.618618
0.249947
0.320363
0.524847
0.825997
0.603227
0.385609
0.742589
0.564742
0.325522
0.447176
0.093999
0.087569
0.438717
0.266065
0.835223
0.490214
0.506949
0.902493
0.394092
0.167543
0.637755
0.559171
0.088799
0.871272
0.630404
0.497232
0.919904
0.621912
0.132751
0.238532
0.240530
0.382698
0.558895
0.765377
0.208696
0.162123
0.150986
0.951284
0.726865
0.476508
0.398460
0.820864
0.564077
0.837177
0.086929
0.399300
0.327391
0.593878
0.301793
0.721483
0.761420
0.939548
0.280654
0.850219
0.810820
0.911058
0.347451
0.730724
0.532970
0.480202
0.969256
0.773500
0.862900
0.528151
0.538877
0.071596
0.690273
0.689863
0.022880
0.417138
0.166371
0.421340
0.238003
0.730448
0.258518
0.324932
0.129748
0.585909
0.918809
0.431541
0.307391
0.680229
0.371089
0.588045
0.530448
0.181908
0.499103
0.877899
0.912632
0.032074
0.358101
0.881888
0.805574
0.221001
0.410039
0.344451
0.292597
0.100313
0.034314
0.315477
0.517451
0.200686
0.736817
0.755453
0.931133
0.995335
0.080385
0.060881
0.581243
0.999194
0.492422
0.888635
0.679424
0.863511
0.476680
0.209872
0.045419
0.975783
0.087771
0.958052
0.007857
0.445872
0.839940
0.813431
0.666873
0.249979
0.157882
0.959470
0.350291
0.192197
0.274946
0.867742
0.392882
0.011763
0.623196
0.324015
0.007098
0.703581
0.384896
0.588341
0.702775
0.877318
0.476976
0.382199
0.740829
0.953656
0.592070
0.786249
0.929439
0.679841
0.744300
0.937296
0.125713
0.584240
0.750727
0.792585
0.834219
0.908609
0.752055
0.184510
0.100805
0.027001
0.052252
0.493688
0.038764
0.675448
0.817703
0.045862
0.379029
0.202599
0.634203
0.081804
0.079918
0.111179
0.464003
0.820747
0.064835
0.056073
0.606996
0.994274
0.735914
0.351296
0.931570
0.861627
0.935536
0.682297
0.654212
0.769755
0.590906
0.406267
0.954265
0.691712
0.433268
0.006517
0.185399
0.472032
0.681965
0.003102
0.517895
0.060994
0.205702
0.152098
0.142798
0.285620
0.263277
0.606801
0.106367
0.328112
0.662874
0.713363
0.322386
0.398788
0.064659
0.253957
0.260414
0.000195
0.936254
0.914626
0.769949
0.527160
0.320893
0.724214
0.218872
0.754161
0.730731
0.404271
0.226194
0.412696
0.407373
0.744089
0.473690
0.613074
0.896187
0.616489
0.898694
0.159464
0.223290
0.005061
0.487576
0.886163
0.718424
0.809963
0.284951
0.783083
0.063919
0.545365
0.783277
0.000173
0.459991
0.553226
0.527333
0.780885
0.277440
0.746205
0.535046
0.008171
0.150476
0.761240
0.420867
0.557848
0.505328
0.894558
0.170923
0.401515
0.511047
0.069617
0.560979
0.734336
0.074678
0.048555
0.620500
0.793102
0.858517
0.905451
0.576184
0.922437
0.450816
0.359462
0.922610
0.910807
0.912688
0.449944
0.691692
0.190128
0.196148
0.226737
0.198299
0.346624
0.987977
0.619167
0.904472
0.493305
0.513724
0.075395
0.894820
0.024771
0.145012
0.455799
0.759107
0.219690
0.504353
0.379607
0.012792
0.362871
0.285057
0.588976
0.285308
0.735873
0.948438
0.207918
0.646680
0.861126
0.657861
0.338372
0.051254
0.854010
0.565109
0.249554
0.200634
0.553086
0.868720
0.105106
0.046391
0.382445
0.180502
0.941211
0.407216
0.325514
0.397010
0.166323
0.545204
0.901363
0.545930
0.557996
0.264234
0.830987
0.146972
0.549542
0.566860
0.095410
0.757460
0.213540
0.956536
0.415321
0.551912
0.007790
0.269331
0.117021
0.257344
0.469965
0.670107
0.126065
0.575071
0.716498
0.508509
0.755572
0.657710
0.915725
0.081086
0.054720
0.082048
0.626290
0.956083
0.627978
0.184286
0.220317
0.458965
0.331258
0.769859
0.025825
0.426667
0.527318
0.239365
0.383203
0.942639
0.791276
0.390994
0.211970
0.908297
0.648338
0.681935
0.578404
0.774402
0.257006
0.294902
0.282912
0.012578
0.952612
0.198637
0.093664
0.007332
0.280685
0.719954
0.963414
0.908662
0.904240
0.183731
0.367627
0.235497
0.953590
0.393451
0.662165
0.480908
0.632816
0.045368
0.423547
0.424092
0.436362
0.635518
0.332389
0.084699
0.317452
0.910793
0.859102
0.574458
0.205696
0.142013
0.587036
0.158308
0.340650
0.680701
0.165639
0.621335
0.400655
0.129054
0.529997
0.304895
0.312785
0.897624
0.540392
0.266375
0.291075
0.202557
0.747283
0.923891
0.247925
0.170831
0.347983
0.684287
0.806348
0.680372
0.768986
0.123801
0.591166
0.628088
0.698259
0.796862
0.770101
0.285295
0.955170
0.110751
0.965996
0.120809
0.732085
0.366651
0.249863
0.262082
0.671546
0.562648
0.159706
0.211938
0.829023
0.450781
0.414494
0.576306
0.374672
0.662419
0.747137
0.722655
0.346706
0.553485
0.403028
0.115692
0.677286
0.994193
0.743780
0.375545
0.791055
0.513880
0.660840
0.746225
0.624631
0.626836
0.867034
0.356717
0.993487
0.116896
0.618799
0.665033
0.679544
0.778505
0.876970
0.508567
0.229286
0.291464
0.084873
0.603957
0.953884
0.832010
0.326612
0.300589
0.385495
0.729640
0.416281
0.062781
0.723833
0.160061
0.438325
0.514888
0.673941
0.099165
0.261113
0.298573
0.726001
0.128147
0.655289
0.719488
0.245043
0.274088
0.384521
0.924588
0.052593
0.261491
0.433155
0.281878
0.552955
0.518028
0.885835
0.506839
0.350038
0.212448
0.807429
0.735533
0.942088
0.223710
0.798314
0.665921
0.383771
0.236639
0.180810
0.057712
0.335805
0.441923
0.356285
0.061806
0.570069
0.011574
0.781294
0.815113
0.285662
0.165815
0.739700
0.338254
0.427306
0.172855
0.620132
0.980262
0.690883
0.505968
0.487101
0.040921
0.718416
0.294529
0.776455
0.660504
0.518239
0.574769
0.326425
0.902010
0.811408
0.507235
0.959722
0.147213
0.949157
0.316007
0.209019
0.519227
0.327581
0.990313
0.334339
0.613243
0.156128
0.074039
0.951497
0.583435
0.246894
0.571629
0.563696
0.937778
0.077597
0.050797
0.978699
0.796013
0.345327
0.755154
0.456517
0.863566
0.329922
0.782941
0.765576
0.141330
0.290176
0.725298
0.288543
0.239334
0.041305
0.497562
0.758560
0.368886
0.487875
0.092900
0.982128
0.644003
0.166939
0.933625
0.227437
0.413834
0.505254
0.791134
0.351611
0.582852
0.841931
0.330310
0.378864
0.187258
0.085464
0.835381
0.050824
0.415387
0.618322
0.816400
0.556717
0.908499
0.541698
0.845260
0.147832
0.583003
0.342822
0.906393
0.951889
0.830696
0.999292
0.934018
0.474699
0.166232
0.867643
0.702137
0.580065
0.372897
0.493270
0.931677
0.955749
0.335202
0.261987
0.334613
0.522459
0.347451
0.169994
0.573283
0.762837
0.788316
0.389683
0.319554
0.696815
0.931381
0.164814
0.844647
0.514384
0.507636
0.751040
0.466273
0.338332
0.750332
0.400291
0.813031
0.916564
0.267934
0.515168
0.496629
0.640831
0.008438
0.428305
0.596580
0.343640
0.690292
0.931193
0.866099
0.037743
0.101187
0.439382
0.800580
0.889503
0.829065
0.120135
0.586318
0.760446
0.284949
0.430965
0.274830
0.792585
0.182005
0.741103
0.130917
0.932337
0.141394
0.943948
0.848901
0.409328
0.459116
0.345530
0.050159
0.467554
0.773835
0.646739
0.811194
0.464127
0.577932
0.677293
0.501870
0.679119
0.116675
0.302451
0.568623
0.945740
0.422585
0.154941
0.706186
0.707534
0.585906
0.981016
0.500119
0.767911
0.722120
0.631036
0.700248
0.863514
0.574984
0.549149
0.272842
0.034100
0.894679
0.323002
0.501655
0.668514
0.969741
0.312849
0.132641
0.547673
0.990142
0.634511
0.226792
0.106818
0.936962
0.795414
0.052558
0.359547
0.950355
0.758744
0.067081
0.536262
0.739761
0.567200
0.304173
0.461880
0.198235
0.004422
0.325395
0.773219
0.553571
0.598237
0.807320
0.448249
0.921239
0.308974
0.116763
0.890979
0.621823
0.249404
0.438652
0.611966
0.883915
0.665444
0.718783
0.820877
0.460858
0.771341
0.180424
0.411214
0.530086
0.247505
0.947476
0.269846
0.814704
0.251649
0.731727
0.012940
0.256071
0.057122
0.786159
0.809641
0.655359
0.593479
0.257891
0.576597
0.902453
0.374654
0.467577
0.524276
0.624058
0.906229
0.136242
0.507974
0.571673
0.855025
0.328851
0.032531
0.626366
0.509274
0.443745
0.156452
0.756779
0.391220
0.426299
0.571483
0.642869
0.158025
0.584423
0.898940
0.215147
0.370582
0.708581
0.870506
0.964060
0.966472
0.447103
0.866513
0.341126
0.914680
0.390789
0.965184
0.820908
0.527031
0.473158
0.392581
0.382056
0.802009
0.425112
0.008423
0.311283
0.868856
0.164875
0.068062
0.260077
0.591173
0.639545
0.902946
0.749199
0.223968
0.801886
0.964346
0.594550
0.510467
0.834851
0.558610
0.476939
0.281954
0.425123
0.818065
0.196634
0.815913
0.783249
0.017542
0.342944
0.256407
0.410123
0.725000
0.058416
0.835235
0.733423
0.369699
0.704092
0.898298
0.437761
0.964168
0.489471
0.077306
0.867114
0.238670
0.301274
0.669000
0.203015
0.895824
0.179467
0.037867
0.454434
0.656406
0.319821
0.879558
0.474471
0.516455
0.695470
0.257721
0.533998
0.038415
0.514128
0.944121
0.763415
0.572544
0.779356
0.496838
0.942243
0.483448
0.395135
0.380004
0.447616
0.884606
0.457310
0.314730
0.123276
0.758584
0.983731
0.326291
0.654409
0.163198
0.364158
0.108843
0.819604
0.683980
0.988400
0.294075
0.200435
0.683871
0.551796
0.734433
0.722285
0.065925
0.678554
0.485700
0.638469
0.457910
0.982538
0.580712
0.941357
0.377673
0.960716
0.388973
0.262280
0.418026
0.703704
0.385556
0.176610
0.687434
0.711847
0.831019
0.850632
0.076006
0.939861
0.670236
0.759985
0.928262
0.964312
0.960420
0.612133
0.516108
0.694853
0.334418
0.582033
0.373407
0.820118
0.220501
0.831317
0.802656
0.801213
0.772674
0.180329
0.761928
0.161648
0.442609
0.179954
0.865351
0.828165
0.356564
0.552786
0.540012
0.187583
0.403418
0.616018
0.127444
0.073654
0.376003
0.055706
0.037966
0.336423
0.667839
0.554074
0.031276
0.002256
0.136107
0.404683
0.822375
0.356608
0.236000
0.625031
0.157821
0.008674
0.805360
0.919749
0.170322
0.247969
0.099703
0.035673
0.076134
0.456268
0.588459
0.616146
0.643851
0.991877
0.232164
0.771295
0.065531
0.608167
0.827001
0.103497
0.944590
0.494840
0.657571
0.975867
0.497096
0.793677
0.380550
0.319471
0.150285
0.616549
0.944501
0.308106
0.625223
0.749861
0.227856
0.795545
0.997831
0.327559
0.831218
0.073965
0.783827
0.419676
0.690111
0.427677
0.411553
0.922275
0.198972
0.477084
0.530443
0.025973
0.580580
0.475033
0.520813
0.238151
0.450899
0.017909
0.031829
0.831449
0.337380
0.182114
0.447998
0.281881
0.490220
0.073222
0.031742
0.718076
0.868766
0.029573
0.045635
0.699984
0.103538
0.829462
0.119660
0.793649
0.257139
0.531213
0.715924
0.456111
0.008297
0.246367
0.482084
0.588877
0.721400
0.002897
0.827029
0.172299
0.020806
0.858857
0.003748
0.358185
0.040971
0.451746
0.640066
0.531192
0.524968
0.671808
0.249268
0.393734
0.701381
0.294903
0.093718
0.804918
0.124364
0.213379
0.598567
0.381503
0.744592
0.314491
0.837614
0.752889
0.560858
0.319698
0.341767
0.282258
0.322595
0.168795
0.454557
0.343401
0.027652
0.458304
0.701586
0.068623
0.910051
0.341652
0.599815
0.435019
0.013460
0.849083
0.828753
0.714841
0.143986
0.922471
0.519760
0.268350
0.135850
0.118327
0.649853
0.880442
0.432819
0.487467
0.633331
0.993677
0.807165
0.975098
0.275934
0.129760
0.143893
0.730491
0.473161
0.171545
0.188795
0.174747
0.240169
0.098846
0.516399
0.839984
0.533865
0.529860
0.689067
0.362617
0.244701
0.833052
0.285088
0.764461
0.101403
0.420938
0.882788
0.751256
0.301380
0.315606
0.238723
0.934712
0.309283
0.045889
0.909809
0.585217
0.175649
0.053702
0.315708
0.648810
0.225247
0.504504
0.823557
0.465416
0.603350
0.339957
0.305400
0.137214
0.869816
0.994466
0.499831
0.114517
0.827519
0.784920
0.878978
0.928921
0.205858
0.761766
0.680177
0.507239
0.077372
0.918900
0.441950
0.386655
0.964789
0.351760
0.971872
0.140438
0.405462
0.287581
0.789248
0.630709
0.792084
0.612805
0.096125
0.395434
0.952761
0.401524
0.532648
0.822578
0.395991
0.032479
0.937095
0.223509
0.817399
0.816073
0.152430
0.023257
0.577838
0.832607
0.530496
0.655210
0.751507
0.972446
0.041866
0.716296
0.324206
0.013738
0.856734
0.729668
0.301318
0.645981
0.360377
0.093403
0.258786
0.456502
0.488836
0.211547
0.858026
0.021484
0.034125
0.254017
0.053963
0.971220
0.477526
0.871362
0.787293
0.629957
0.894619
0.365131
0.462564
0.425115
0.020341
0.214071
0.397562
0.062207
0.930367
0.721768
0.075945
0.787101
0.451436
0.377263
0.433082
0.811813
0.470666
0.691868
0.268315
0.959502
0.903416
0.126341
0.980986
0.937541
0.380358
0.034949
0.908761
0.857884
0.906311
0.696053
0.487840
0.800931
0.061184
0.950404
0.226046
0.081526
0.164476
0.623608
0.143733
0.094843
0.345376
0.219678
0.881944
0.796812
0.596941
0.315026
0.608624
0.067607
0.006895
0.876939
0.027109
0.910311
0.003280
0.008095
0.847852
0.383637
0.043044
0.756613
0.241521
0.949356
0.452666
0.729362
0.750287
0.513850
0.679766
0.976333
0.595376
0.844242
0.599941
0.739109
0.939085
0.945317
0.958786
0.821029
0.742129
0.555727
0.136055
0.350753
0.623334
0.142950
0.227692
0.650443
0.053261
0.230972
0.658538
0.901113
0.614609
0.701582
0.657725
0.856131
0.650938
0.110391
0.585492
0.401225
0.624241
0.265258
0.377558
0.219617
0.109500
0.977499
0.958726
0.048584
0.922817
0.917512
0.869613
0.664946
0.473239
0.005668
0.015699
0.096573
0.148618
0.243391
0.747016
0.201879
0.474363
0.405554
0.102992
0.088973
0.107136
0.760717
0.945103
0.758075
0.871108
0.530595
0.159300
0.495349
0.795853
0.536858
0.714967
0.905353
0.514357
0.673693
0.953938
0.437174
0.591205
0.823551
0.102120
0.064444
0.829219
0.117819
0.161017
0.977838
0.361210
0.908033
0.179717
0.835574
0.313588
0.282709
0.924546
0.420724
0.043426
0.869649
0.178799
0.914534
0.400245
0.338098
0.409883
0.196098
0.874956
0.124850
0.101451
0.389313
0.798542
0.055389
0.826487
0.389747
0.878939
0.928607
0.454191
0.708158
0.046426
0.615208
0.685996
0.407636
0.523242
0.865713
0.243210
0.836829
0.148422
0.167756
0.257553
0.191847
0.037405
0.436352
0.106381
0.437650
0.774450
0.516264
0.633748
0.649406
0.641114
0.735199
0.038719
0.439657
0.790587
0.865206
0.829404
0.669527
0.793813
0.283594
0.377685
0.840239
0.898803
0.063681
0.247875
0.422044
0.929394
0.491085
0.258873
0.077815
0.658841
0.516426
0.269663
0.696246
0.952778
0.376044
0.133895
0.727228
0.892308
0.767643
0.376634
0.533422
0.502841
0.415354
0.973079
0.293428
0.280560
0.802482
0.962955
0.074373
0.086077
0.340640
0.914612
0.984879
0.404321
0.162487
0.406923
0.333715
0.653571
0.665796
0.411530
0.312412
0.182223
0.681193
0.008658
0.135001
0.057236
0.142553
0.862229
0.949544
0.910195
0.238864
0.482966
0.413037
0.654218
0.456045
0.706465
0.934777
0.258527
0.669420
0.009150
0.344604
0.010060
0.923762
0.329483
0.414381
0.086249
0.736406
0.748096
0.739820
0.402203
0.159626
0.052232
0.584425
0.840819
0.060890
0.719427
0.898055
0.203442
0.581656
0.847600
0.113638
0.820520
0.330566
0.526674
0.474737
0.786611
0.233139
0.409515
0.045138
0.902559
0.418665
0.389742
0.912620
0.342427
0.719224
0.327001
0.428676
0.455630
0.075097
0.168496
0.857833
0.234723
0.220728
0.442258
0.075542
0.281618
0.161685
0.973597
0.485060
0.743341
0.821197
0.598698
0.563861
0.151763
0.125372
0.038599
0.938374
0.358511
0.448113
0.983512
0.261070
0.866778
0.373253
0.173690
0.209205
0.092478
0.500691
0.637881
0.548108
0.575788
0.806377
0.405941
0.810511
0.027105
0.848200
0.886053
0.308723
0.009885
0.859651
0.793783
0.753226
0.680847
0.392480
0.317087
0.832610
0.517852
0.355686
0.770984
0.876363
0.803799
0.754496
0.137434
0.670577
0.127749
0.311124
0.879783
0.220227
0.811815
0.517664
0.768335
0.387603
0.324041
0.174276
0.198114
0.351146
0.022476
0.084167
0.659869
0.032361
0.943817
0.453652
0.785587
0.624665
0.846132
0.102674
0.457275
0.363984
0.458359
0.228259
0.240347
0.262158
0.982755
0.377781
0.932736
0.110504
0.688905
0.812519
0.330730
0.500720
0.330183
0.099065
0.888322
0.654224
0.273341
0.086436
0.005370
0.295817
0.170603
0.665238
0.328178
0.114420
0.118890
0.113765
0.739085
0.965022
0.216439
0.196360
0.329006
0.674798
0.424619
0.569353
0.936956
0.407373
0.947134
0.869692
0.517877
0.636039
0.682211
0.848607
0.136759
0.012393
0.947672
0.025081
0.666617
0.221014
0.111517
0.671986
0.516831
0.282120
0.337225
0.845010
0.396540
0.456115
0.958775
0.135625
0.421137
0.175213
0.331985
0.750143
0.850011
0.756604
0.319496
0.786968
0.163977
0.266630
0.656660
0.681854
0.902669
0.338870
0.530462
0.039428
0.351263
0.478134
0.064509
0.017880
0.699148
0.176025
0.689866
0.215979
0.458145
0.027091
0.060989
0.854685
0.483205
0.019763
0.990310
0.904342
0.194976
0.322295
0.654485
0.044988
0.078898
0.973980
0.831955
0.242876
0.240611
0.488615
0.924730
0.143280
0.827485
0.455192
0.182707
0.178748
0.933326
0.247216
0.196627
0.632473
0.423241
0.886493
0.848453
0.881386
0.913584
0.909441
0.736071
0.396789
0.929204
0.726381
0.301131
0.124181
0.048676
0.955616
0.169169
0.127574
0.929596
0.001124
0.370450
0.170207
0.489738
0.295180
0.313487
0.317223
0.750372
0.496194
0.495971
0.683698
0.743410
0.692598
0.316171
0.166652
0.579092
0.164624
0.048038
0.492676
0.074065
0.784109
0.889465
0.003269
0.510490
0.190597
0.127450
0.559166
0.146213
0.296619
0.686740
0.075809
0.297742
0.057190
0.246016
0.787481
0.352371
0.559503
0.104704
0.102742
0.055697
0.600675
0.786440
0.799107
0.293273
0.102611
0.965759
0.872365
0.267235
0.013797
0.365041
0.341299
0.797906
0.254506
0.344569
0.308397
0.445103
0.472019
0.867563
0.591315
0.768638
0.554303
0.667124
0.066380
0.611494
0.913141
0.853861
0.963864
0.472643
0.958565
0.066607
0.528340
0.559240
0.853047
0.327448
0.852514
0.955658
0.293207
0.724879
0.222892
0.307004
0.089920
0.564191
0.104910
0.344426
0.908760
0.413307
0.789529
0.380779
0.280870
0.380845
0.149417
0.835173
0.047969
0.215797
0.446667
0.961110
0.069658
0.410531
0.433753
0.028223
0.477138
0.962094
0.587463
0.330184
0.289542
0.439977
0.285842
0.582748
0.164856
0.508734
0.889752
0.254776
0.072925
0.994662
0.599202
0.981686
0.407969
0.388732
0.362465
0.688839
0.769577
0.511882
0.524012
0.817546
0.727679
0.970679
0.778656
0.797337
0.381210
0.212409
0.825560
0.858347
0.174503
0.413023
0.188532
0.464044
0.853000
0.474373
0.046793
0.017856
0.983107
0.936545
0.272632
0.056033
0.931207
0.871834
0.037718
0.339175
0.260566
0.400183
0.028014
0.030143
0.912065
0.552026
0.847689
0.639743
0.522704
0.626345
0.437080
0.903914
0.838754
0.262640
0.762261
0.013257
0.675663
0.950793
0.477301
0.528664
0.425166
0.524094
0.546520
0.408274
0.460639
0.819152
0.464306
0.391845
0.690986
0.502025
0.731021
0.951552
0.902208
0.759035
0.981695
0.814273
0.311060
0.829383
0.454016
0.833765
0.455728
0.891096
0.737678
0.294482
0.153736
0.499940
0.307739
0.829400
0.450732
0.785040
0.358063
0.875898
0.309134
0.904583
0.284172
0.769772
0.723735
0.748478
0.161617
0.414721
0.250503
0.892638
0.366273
0.152711
0.651673
0.347968
0.966984
0.962733
0.177351
0.421000
0.796498
0.633079
0.312096
0.534176
0.927561
0.465832
0.034116
0.235300
0.295232
0.484848
0.020340
0.653295
0.360746
0.329473
0.557878
0.644918
0.099246
0.281613
0.393397
0.260863
0.696333
0.643900
0.153501
0.062606
0.796611
0.805174
0.410574
0.763595
0.767907
0.587925
0.184594
0.564404
0.221004
0.496690
0.098580
0.148564
0.962522
0.132696
0.383864
0.257753
0.617544
0.404204
0.911048
0.978290
0.733677
0.468926
0.623209
0.832923
0.750538
0.016606
0.093786
0.446872
0.660506
0.247287
0.509478
0.457117
0.052461
0.920051
0.220711
0.820368
0.507976
0.405305
0.384772
0.728979
0.901995
0.483353
0.877544
0.864517
0.616049
0.261408
0.122270
0.233593
0.665611
0.033318
0.211883
0.399288
0.502244
0.835092
0.232211
0.252782
0.851698
0.325997
0.699654
0.512204
0.573285
0.209131
0.969320
0.625746
0.129183
0.190032
0.446114
0.637159
0.595337
0.830886
0.366138
0.497332
0.314239
0.243682
0.361848
0.930288
0.505089
0.484118
0.163881
0.170701
0.517436
0.375764
0.569989
0.019680
0.210857
0.802201
0.272462
0.062555
0.128198
0.972116
0.574759
0.701482
0.181247
0.544079
0.327228
0.310430
0.734111
0.773342
0.947588
0.329448
0.604228
0.313726
0.826779
0.918466
0.557408
0.188628
0.848754
0.062497
0.672746
0.012635
0.233198
0.190182
0.388399
0.803187
0.209862
0.599255
0.605388
0.482324
0.661810
0.733585
0.454439
0.236569
0.435068
0.635686
0.780648
0.762296
0.946116
0.514758
0.535638
0.893704
0.844206
0.139865
0.207430
0.670985
0.058332
0.764838
0.859613
0.907086
0.827335
0.532359
0.919720
0.060533
0.722541
0.308119
0.863720
0.932403
0.907375
0.469107
0.414727
0.569185
0.202693
0.869167
0.805754
0.637761
0.504853
0.586401
0.400057
0.450969
0.101160
0.935694
0.344674
0.945366
0.075560
0.552104
0.616351
0.133891
0.316942
0.475964
0.040977
0.144277
0.008323
0.960697
0.204810
0.730865
0.268817
0.068530
0.663268
0.176191
0.537637
0.077995
0.745376
0.740330
0.947162
0.551130
0.378090
0.452015
0.137532
0.778147
0.902985
0.238692
0.713841
0.247659
0.184057
0.789401
0.799763
0.800409
0.923293
0.116705
0.276373
0.964270
0.260983
0.284696
0.924967
0.465793
0.015561
0.193784
0.534323
0.678829
0.369975
0.071960
0.756825
0.115352
0.812289
0.703987
0.666482
0.190380
0.156002
0.804013
0.968527
0.058987
0.042705
0.682368
0.306646
0.226762
0.471769
0.106409
0.027171
0.395062
0.223114
0.303544
0.359332
0.484097
0.588241
0.284299
0.949890
0.603802
0.478083
0.484212
0.282631
0.848058
0.556172
0.039456
0.963410
0.368461
0.743443
0.629891
0.558841
0.899445
0.433905
0.527368
0.958432
0.476609
0.209736
0.265078
0.703372
0.681505
0.371487
0.730543
0.076567
0.594601
0.034087
0.435899
0.078698
0.622327
0.720198
0.028587
0.226129
0.198280
0.512800
0.508760
0.046338
0.068972
0.548216
0.009748
0.437433
0.291659
0.639639
0.996275
0.191104
0.073544
0.523642
0.149536
0.550153
0.733378
0.414614
0.253524
0.414884
0.786101
0.984067
0.491451
0.380702
0.018154
0.927350
0.459399
0.640481
0.647548
0.487987
0.866610
0.845828
0.000787
0.375370
0.892166
0.069759
0.923586
0.901914
0.507192
0.215245
0.541553
0.503467
0.406350
0.615097
0.027109
0.555886
0.165249
0.760487
0.970500
0.418774
0.175371
0.756601
0.402841
0.666822
0.137303
0.420995
0.594172
0.596702
0.061476
0.241719
0.084689
0.928086
0.087547
0.085476
0.303456
0.979713
0.155235
0.227043
0.881627
0.662427
0.442288
0.423180
0.165893
0.848638
0.038277
0.193003
0.404524
0.203526
0.953490
0.375024
0.622300
0.128861
0.131625
0.025141
0.795683
0.268928
0.446136
0.389854
0.865630
0.507612
0.631574
0.950320
0.435698
0.719121
0.035796
0.739154
0.698834
0.191030
0.966197
0.580462
0.853457
0.408485
0.003642
0.019351
0.257123
0.041919
0.212353
0.661646
0.245445
0.165843
0.036670
0.867745
0.294704
0.168295
0.892887
0.090387
0.437223
0.339023
0.480241
0.302854
0.846635
0.111815
0.253173
0.282333
0.830936
0.288969
0.021487
0.529770
0.480000
0.987684
0.110232
0.333457
0.396170
0.113874
0.352807
0.653293
0.155793
0.565161
0.314939
0.401238
0.731004
0.351609
0.268984
0.025707
0.519904
0.161870
0.116094
0.957127
0.500893
0.596335
0.259981
0.347528
0.708150
0.513155
0.629860
0.539085
0.802124
0.651348
0.068855
0.282124
0.639032
0.179087
0.615580
0.035202
0.292960
0.968388
0.688494
0.448753
0.533548
0.003433
0.849991
0.264552
0.355042
0.118975
0.290259
0.874947
0.280845
0.406353
0.832074
0.781738
0.002688
0.092055
0.129265
0.710837
0.605210
0.759126
0.249922
0.407334
0.410473
0.318777
0.689457
0.049505
0.497864
0.305038
0.084707
0.790824
0.273425
0.773201
0.239577
0.806973
0.776635
0.089568
0.071525
0.131677
0.208543
0.361784
0.006623
0.489388
0.768137
0.838697
0.271125
0.770825
0.930753
0.400391
0.481662
0.535962
0.159516
0.731584
0.943296
0.569989
0.050362
0.632754
0.619495
0.548226
0.937791
0.704202
0.339050
0.211217
0.477403
0.578627
0.018190
0.254038
0.668196
0.089715
0.385715
0.876739
0.451499
0.392338
0.366127
0.219636
0.231035
0.637252
0.990461
0.161788
0.037643
0.472123
0.697750
0.197159
0.203708
0.641047
0.767148
0.254070
0.273800
0.386643
0.802295
0.211591
0.090845
0.141345
0.422808
0.568248
0.719973
0.440998
0.822286
0.388168
0.530713
0.208000
0.264907
0.982213
0.600338
0.631034
0.201849
0.831373
0.268286
0.192311
0.993161
0.305928
0.664434
0.690911
0.503087
0.868142
0.331958
0.270235
0.122211
0.605758
0.656878
0.924507
0.817349
0.747723
0.065852
0.240158
0.315971
0.785825
0.681156
0.138256
0.173993
0.211869
0.346257
0.438900
0.194082
0.946595
0.069934
0.395931
0.777968
0.338219
0.588242
0.771129
0.644147
0.252676
0.462040
0.147234
0.120818
0.793998
0.417469
0.243029
0.399756
0.074347
0.167535
0.217106
0.822070
0.233387
0.457263
0.138041
0.019212
0.138419
0.276298
0.193205
0.350288
0.622554
0.632105
0.544370
0.569149
0.702039
0.940302
0.347117
0.040258
0.528544
0.118246
0.684405
0.781220
0.580286
0.831640
0.902037
0.374284
0.249109
0.145066
0.774040
0.323456
0.312602
0.991146
0.145527
0.545989
0.448409
0.283568
0.565201
0.586828
0.559865
0.758406
0.937116
0.182419
0.390511
0.481487
0.751568
0.092550
0.421789
0.098685
0.132808
0.950332
0.216931
0.817213
0.731552
0.797217
0.648853
0.633589
0.171501
0.897962
0.778655
0.945541
0.221418
0.091257
0.936687
0.366944
0.637246
0.385097
0.650512
0.202447
0.971925
0.210377
0.960853
0.909041
0.392796
0.351364
0.390528
0.144364
0.443913
0.812316
0.243049
0.576721
0.762649
0.459980
0.393934
0.494201
0.257197
0.042787
0.127790
0.428698
0.940748
0.906445
0.374239
0.162166
0.997701
0.310927
0.529110
0.634947
0.696023
0.179622
0.837394
0.667948
0.389999
0.798246
0.576989
0.782796
0.149610
0.967517
0.927160
0.593523
0.779833
0.170210
0.170244
0.542482
0.630190
0.564178
0.036683
0.887386
0.606965
0.164472
0.316084
0.547713
0.070917
0.690324
0.709879
0.068618
0.001250
0.238990
0.703565
0.697273
0.418612
0.540958
0.365221
0.808611
0.339205
0.942210
0.591407
0.488814
0.909727
0.518567
0.082337
0.689560
0.688777
0.252581
0.232042
0.318966
0.816759
0.268725
0.206353
0.423724
0.433197
0.522437
0.971437
0.504114
0.212761
0.681316
0.572732
0.214011
0.920306
0.276297
0.911284
0.338918
0.817255
0.276505
0.147529
0.156460
0.218716
0.738936
0.645274
0.128443
0.257503
0.727611
0.818003
0.946280
0.980192
0.050046
0.265247
0.796950
0.318770
0.471599
0.220674
0.751967
0.994036
0.192111
0.256081
0.206797
0.873427
0.828813
0.420808
0.793733
0.105109
0.332092
0.132650
0.922364
0.608597
0.280179
0.078824
0.827313
0.019116
0.724097
0.955756
0.276619
0.451708
0.773759
0.222899
0.431900
0.823804
0.488146
0.228850
0.142575
0.959745
0.449524
0.894542
0.953781
0.641635
0.150623
0.160578
0.515062
0.979436
0.581386
0.308795
0.084545
0.913478
0.441445
0.006909
0.522075
0.721625
0.085732
0.349388
0.740740
0.809830
0.305144
0.017359
0.261538
0.078903
0.240258
0.693438
0.902707
0.728404
0.922288
0.045282
0.688148
0.371813
0.939824
0.641930
0.013448
0.090448
0.802508
0.528510
0.069883
0.383894
0.837305
0.154428
0.297371
0.278751
0.161337
0.819446
0.000375
0.247069
0.168834
0.741116
0.056899
0.473978
0.758475
0.318437
0.552881
0.998733
0.011875
0.455588
0.727137
0.934164
0.500870
0.415285
0.305977
0.440695
0.057215
0.319425
0.531142
0.859722
0.847935
0.601026
0.243616
0.685241
0.755454
0.540987
0.963991
0.916790
0.360433
0.964367
0.163860
0.529268
0.705483
0.220759
0.003246
0.463957
0.539196
0.556127
0.462690
0.551072
0.011715
0.189827
0.485236
0.512586
0.605112
0.791212
0.953281
0.662326
0.110637
0.484423
0.522049
0.958572
0.085448
0.765665
0.643813
0.840902
0.306652
0.607804
0.757692
0.667085
0.572171
0.921552
0.196353
0.277654
0.142311
0.199599
0.741611
0.681508
0.755726
0.204301
0.232580
0.767441
0.394128
0.717815
0.280027
0.999240
0.509027
0.233308
0.661567
0.619664
0.717731
0.183615
0.578236
0.803179
0.949280
0.222049
0.644081
0.255932
0.829853
0.401774
0.923017
0.402024
0.323326
0.119370
0.679678
0.465637
0.318969
0.421289
0.147145
0.074695
0.625591
0.379725
0.842136
0.019719
0.097540
0.122164
0.018959
0.606567
0.355471
0.680525
0.226231
0.073202
0.864141
0.804468
0.876382
0.813421
0.026517
0.520463
0.069352
0.856370
0.922237
0.992369
0.258394
0.245563
0.111739
0.938072
0.711200
0.430707
0.359361
0.858345
0.505402
0.984952
0.238070
0.347538
0.004671
0.335610
0.469702
0.023630
0.942177
0.825173
0.704155
0.168408
0.898376
0.568295
0.972876
0.774758
0.381716
0.999393
0.295221
0.451068
0.855763
0.217457
0.443437
0.114157
0.463020
0.555176
0.052230
0.174220
0.985884
0.411591
0.032565
0.491286
0.396543
0.270635
0.838824
0.401214
0.606245
0.308526
0.424843
0.548422
0.133700
0.128998
0.716830
0.032075
0.697294
0.689706
0.806833
0.079010
0.689099
0.102053
0.530078
0.544862
0.319511
0.973515
0.659019
0.782531
0.528692
0.711249
0.956751
0.514575
0.122840
0.989317
0.005861
0.519383
0.259952
0.844685
0.920597
0.866197
0.153212
0.345440
0.414618
0.286911
0.474438
0.131449
0.318986
0.171732
0.821155
0.125819
0.250742
0.510255
0.227873
0.780820
0.055117
0.547383
0.754335
0.714136
0.329914
0.283027
0.425385
0.286666
0.797602
0.548225
0.275982
0.803463
0.067608
0.535934
0.648148
0.988205
0.402130
0.801360
0.333645
0.816749
0.088271
0.808083
0.948198
0.407258
0.979815
0.769353
0.533077
0.230557
0.279607
0.760949
0.011376
0.334724
0.308333
0.765711
0.048861
0.638247
0.048738
0.474246
0.924912
0.846340
0.022471
0.200894
0.649803
0.090079
0.736828
0.297951
0.078284
0.138959
0.099311
0.411929
0.955707
0.187582
0.220013
0.903905
0.594840
0.199828
0.673258
0.127917
0.430385
0.952865
0.888866
0.441761
0.287589
0.197199
0.207473
0.336450
0.835445
0.256210
0.810696
0.760358
0.102550
0.833167
0.961252
0.752353
0.923246
0.698081
0.050304
0.001531
0.837039
0.149615
0.413460
0.792747
0.337197
0.633473
0.696652
0.932037
0.833301
0.369909
0.059954
0.263686
0.322774
0.948820
0.705448
0.610364
0.146018
0.912920
0.946814
0.981464
0.169131
0.757510
0.741822
0.271681
0.590677
0.703074
0.024033
0.513923
0.401155
0.074337
0.515454
0.238194
0.223952
0.928914
0.030941
0.561149
0.562387
0.727592
0.493186
0.395689
0.097502
0.553140
0.659375
0.420276
0.501960
0.364822
0.030640
0.647978
0.277743
0.977453
0.629442
0.446873
0.734963
0.371263
0.718554
0.325640
0.074337
0.742587
0.839563
0.475492
0.816924
0.355017
0.713686
0.040875
0.283931
0.744627
0.602024
0.846319
0.472219
0.095211
0.242007
0.569721
0.648351
0.901382
0.989997
0.150310
0.266204
0.020636
0.798288
0.543947
0.998090
0.427730
0.990820
0.733053
0.798993
0.709374
0.058693
0.873331
0.451960
0.898256
0.348823
0.268884
0.253273
0.062509
0.309760
0.537204
0.807136
0.911784
0.383523
0.279355
0.006995
0.625530
0.849076
0.655345
0.526912
0.839073
0.805655
0.793117
0.859709
0.603943
0.337063
0.857799
0.031673
0.327883
0.590851
0.830666
0.037257
0.649544
0.703997
0.489218
0.547800
0.052819
0.758102
0.801073
0.115328
0.067861
0.338277
0.922464
0.979645
0.721800
0.201819
0.986640
0.347331
0.050895
0.641985
0.874243
0.889968
0.447640
0.667360
0.749676
0.051583
0.004423
0.607475
0.083256
0.332306
0.198327
0.913923
0.369563
0.847871
0.617919
0.858781
0.395671
0.670739
0.616883
0.196744
0.786067
0.684744
0.535021
0.708531
0.664389
0.256822
0.910350
0.651028
0.604153
0.961245
0.293013
0.478396
0.851213
0.740653
0.145755
0.600889
0.792236
0.150178
0.208364
0.875492
0.482484
0.406691
0.789415
0.852048
0.254562
0.407334
0.710829
0.650232
0.078073
0.327711
0.846976
0.864140
0.012455
0.381998
0.572671
0.676844
0.638819
0.483022
0.327872
0.242972
0.444267
0.620885
0.721367
0.295480
0.361538
0.867122
0.896369
0.153774
0.017300
0.104733
0.029266
0.499785
0.511424
0.818681
0.351832
0.765986
0.226016
0.062661
0.416218
0.304089
0.390372
0.263195
0.168229
0.402827
0.645192
0.740900
0.079671
0.284012
0.223921
0.407543
0.526984
0.668188
0.028428
0.248351
0.963668
0.389965
0.115473
0.860037
0.543739
0.132774
0.964770
0.573006
0.632558
0.476195
0.391687
0.984391
0.242181
0.617703
0.047052
0.658399
0.921791
0.437424
0.921594
0.090020
0.840251
0.566786
0.830920
0.919922
0.850798
0.054841
0.327464
0.377781
0.723030
0.355892
0.626132
0.686697
0.745857
0.741605
0.546734
0.289596
0.874379
0.511505
0.862602
0.506937
0.987699
0.254289
0.491328
0.229880
0.871992
0.538380
0.888279
0.793783
0.975803
0.809872
0.883803
0.816054
0.376658
0.714723
0.735976
0.227456
0.769564
0.063440
0.605237
0.492594
0.419332
0.231369
0.179291
0.165189
0.972974
0.726026
0.454785
0.847353
0.237530
0.317387
0.354290
0.225230
0.571676
0.845618
0.455110
0.443668
0.383997
0.343389
0.237451
0.359801
0.153261
0.121254
0.175855
0.529919
0.835977
0.911831
0.757375
0.605541
0.975271
0.362612
0.098135
0.394603
0.593981
0.277426
0.559791
0.566955
0.003452
0.014576
0.414308
0.240982
0.331963
0.768598
0.466212
0.903640
0.614216
0.921322
0.347308
0.998213
0.264710
0.584759
0.358014
0.417971
0.706013
0.533869
0.947891
0.541990
0.445700
0.705266
0.147531
0.420971
0.067878
0.245666
0.815574
0.661859
0.523092
0.375365
0.228814
0.526544
0.389941
0.643122
0.767526
0.721905
0.411720
0.233738
0.625544
0.025936
0.155060
0.972852
0.024149
0.419770
0.557611
0.382163
0.837742
0.263624
0.916032
0.785632
0.805614
0.361732
0.490898
0.953145
0.782703
0.558777
0.198811
0.598277
0.220636
0.721903
0.973642
0.449451
0.248447
0.363583
0.092573
0.015973
0.085488
0.504293
0.249712
0.711032
0.530229
0.404772
0.683884
0.554378
0.824542
0.241495
0.936541
0.662284
0.505119
0.852573
0.447916
0.310732
0.214305
0.938815
0.263877
0.997008
0.497591
0.462688
0.595285
0.718227
0.184591
0.568927
0.167678
0.433038
0.932509
0.260251
0.449012
0.017997
0.764544
0.698723
0.729029
0.294773
0.103495
0.412913
0.849151
0.928037
0.654408
0.785692
0.590321
0.159526
0.638265
0.038237
0.470259
0.852570
0.977051
0.734136
0.849578
0.474643
0.196824
0.444863
0.192870
0.381415
0.013789
0.360548
0.814453
0.946298
0.620799
0.263465
0.964295
0.385343
0.962188
0.693324
0.680116
0.065683
0.106237
0.529267
0.993720
0.760645
0.314959
0.584041
0.920172
0.953224
0.622278
0.390430
0.805794
0.599329
0.124566
0.655371
0.073972
0.321390
0.100234
0.266841
0.702805
0.114023
0.627389
0.517258
0.060321
0.248188
0.780723
0.024617
0.633531
0.742911
0.717941
0.313647
0.808595
0.824178
0.842914
0.802315
0.584823
0.157873
0.386356
0.504995
0.111096
0.008634
0.895425
0.916890
0.607963
0.019991
0.572261
0.681935
0.341381
0.672495
0.948776
0.044186
0.786518
0.576165
0.561444
0.846839
0.824353
0.342167
0.871456
0.457884
0.085079
0.589397
0.771531
0.893674
0.413576
0.614444
0.695989
0.998399
0.772317
0.082345
0.503394
0.883413
0.090979
0.398819
0.800303
0.698942
0.418811
0.372565
0.380877
0.760192
0.045060
0.329653
0.804378
0.831577
0.905819
0.365822
0.678417
0.730172
0.707990
0.549873
0.188056
0.793068
0.139270
0.959587
0.686742
0.552845
0.574032
0.382731
0.551244
0.346349
0.465076
0.054638
0.229762
0.556056
0.453458
0.030066
0.254998
0.872268
0.402630
0.635875
0.632460
0.447690
0.965529
0.436838
0.279267
0.871347
0.802661
0.957684
0.601520
0.510650
0.507556
0.789576
0.303719
0.646826
0.749163
0.990461
0.199672
0.323195
0.373192
0.750916
0.669544
0.838268
0.805555
0.899306
0.394324
0.259012
0.929372
0.649322
0.131281
0.332002
0.285197
0.763741
0.779691
0.250726
0.200579
0.058958
0.122073
0.003240
0.016642
0.723593
0.513890
0.524199
0.513169
0.817609
0.171025
0.262333
0.808070
0.370697
0.585528
0.181261
0.121613
0.255072
0.019530
0.927167
0.154378
0.413853
0.186180
0.083750
0.063175
0.317460
0.415752
0.348372
0.081201
0.195443
0.599098
0.281781
0.254402
0.721172
0.285021
0.271044
0.444765
0.798911
0.795243
0.957934
0.616520
0.966268
0.220266
0.424590
0.336964
0.805794
0.605851
0.458577
0.060866
0.625381
0.385744
0.215244
0.039234
0.571924
0.298994
0.102409
0.889384
0.714746
0.450782
0.970585
0.910190
0.049880
0.252366
0.164591
0.771052
0.537387
0.435635
0.215817
0.336298
0.230878
0.173751
0.952818
0.197146
0.394017
0.377408
0.534110
0.199811
0.983260
0.992687
0.260677
0.608641
0.378432
0.475922
0.647875
0.950356
0.774916
0.750284
0.839740
0.489663
0.201066
0.810325
0.399852
0.250946
0.062691
0.564444
0.021998
0.600078
0.000079
0.237815
0.936377
0.230957
0.411566
0.889195
0.428103
0.805583
0.266603
0.962213
0.005395
0.249863
0.954901
0.266072
0.858504
0.333332
0.741994
0.506379
0.283688
0.516910
0.256663
0.123427
0.006573
0.457729
0.933753
0.406425
0.708675
0.996444
0.970869
0.730674
0.596522
0.970948
0.968489
0.532899
0.201905
0.380055
0.422094
0.630008
0.185638
0.688697
0.592222
0.191033
0.938561
0.547122
0.457105
0.797064
0.880454
0.199099
0.303443
0.164142
0.716009
0.560106
0.287570
0.722582
0.017835
0.221322
0.129007
0.726510
0.217766
0.099875
0.457184
0.814289
0.070823
0.425673
0.347187
0.272728
0.805728
0.769281
0.902737
0.991367
0.457979
0.494958
0.182400
0.396539
0.042081
0.639505
0.193604
0.922535
0.838603
0.497047
0.086677
0.554612
0.057152
0.374247
0.277194
0.074987
0.595569
0.406201
0.801497
0.813335
0.506076
0.258681
0.627624
0.576899
0.684353
