1.034928 0.933641
1.056288 0.896262
1.068474 0.875935
1.076070 0.863613
1.141984 0.766796
1.142807 0.765692
1.219892 0.671982
1.251026 0.638950
1.318218 0.575474
1.320933 0.573110
1.355143 0.544540
1.361324 0.539606
1.389495 0.517948
1.526266 0.429279
1.538155 0.422668
1.550444 0.415995
1.864143 0.287767
1.877876 0.283574
1.887866 0.280581
2.274768 0.193253
2.457870 0.165532
2.529771 0.156256
2.604735 0.147392
2.752493 0.131992
2.763850 0.130909
3.166144 0.099756
4.031789 0.061518
4.321596 0.053544
4.422847 0.051121
4.638468 0.046478
5.288178 0.000000
6.101402 0.000000
6.352971 0.000000
6.437000 0.000000
8.749501 0.000000
8.936602 0.000000
9.644220 0.000000
11.958073 0.000000
15.215635 0.000000
21.655577 0.000000
32.963181 0.000000
