0.034332 0.033749
0.054761 0.053289
0.066232 0.064086
0.073315 0.070692
0.132767 0.124331
0.133488 0.124962
0.198762 0.180255
0.223964 0.200656
0.276281 0.241400
0.278339 0.242960
0.303907 0.262071
0.308458 0.265421
0.328940 0.280314
0.422824 0.344806
0.430584 0.349871
0.438541 0.355023
0.622802 0.463561
0.630142 0.467484
0.635447 0.470301
0.821878 0.560395
0.899295 0.593144
0.928129 0.604707
0.957331 0.616084
1.012507 0.636693
1.016625 0.638186
1.152515 0.684158
1.394210 0.751971
1.463625 0.768604
1.486784 0.773901
1.534384 0.784412
1.665474 0.810899
1.808519 0.836103
1.848923 0.842593
1.862063 0.844648
2.168997 0.885708
2.190155 0.888101
2.266359 0.896311
2.481407 0.916374
2.722324 0.934278
3.075263 0.953823
3.495391 0.969663
