0.260041
0.047927
2.981868
2.075804
2.431583
0.459200
4.901630
0.376720
0.959151
1.415215
1.124530
1.234438
5.748147
0.965866
6.735938
2.844305
2.490057
1.514812
1.372375
0.343198
1.062964
1.899113
0.379105
1.630618
0.833553
0.144619
2.794743
0.096088
0.126158
3.342876
2.246750
0.443977
0.295355
0.048462
0.305533
10.484466
0.018865
0.810010
3.091715
0.698401
1.773948
0.115898
0.227770
8.782506
2.223430
2.830885
0.494964
2.941870
0.277607
0.354763
0.201166
1.649541
0.184629
0.134203
2.368234
2.315891
2.715774
1.154156
2.389259
1.416269
0.942958
1.003747
0.527694
0.819769
0.192817
0.027948
2.300869
2.348667
0.811748
0.332119
0.122446
2.900703
0.703767
0.131903
0.445962
1.752138
1.179271
0.811755
0.644413
1.271197
0.115093
2.347620
1.961234
0.424477
0.549868
4.659438
1.675014
1.438395
0.439671
0.213584
1.166013
0.857203
0.101549
1.788682
1.393392
5.431685
3.229848
3.263076
5.482413
0.702390
4.098407
1.828110
1.309229
1.321568
3.553295
0.058861
1.407372
0.875586
0.325749
2.793634
2.145101
3.594585
1.566114
1.068815
1.844248
0.205075
1.262661
1.239884
0.161520
4.449260
2.390997
13.574145
1.338062
0.552284
3.736627
0.102429
0.394984
2.837827
2.254585
0.294357
0.865820
0.195880
1.718311
0.574916
1.101051
0.823835
1.748166
4.712213
1.454439
3.651347
2.272672
1.128663
6.000085
0.703999
1.301249
0.662664
2.083269
3.074504
3.393710
0.005736
1.991656
1.151094
1.237435
2.087359
0.803776
5.404530
2.456197
7.420602
3.346279
0.967564
0.375206
0.030820
0.204192
0.660364
0.490452
0.189911
2.489703
0.910488
1.982189
2.199571
5.562227
8.585357
1.045705
2.028051
0.180842
0.079943
0.996382
2.598058
1.131277
4.585339
1.304053
1.295664
1.202984
1.272577
3.324876
0.312359
0.184673
3.056940
0.759088
0.431822
5.322150
0.238277
6.977997
10.663824
1.577514
3.424172
0.404336
4.553470
0.505470
0.470624
0.327950
0.300232
3.012331
0.380634
1.585355
0.648796
3.748927
2.386265
2.823171
6.742489
0.558701
5.585713
4.083956
0.161556
5.317094
1.371406
0.940692
0.310123
1.523119
0.734677
0.371651
1.730049
1.135718
1.603756
0.848472
1.593986
0.201562
3.753845
0.723452
0.440785
0.427415
1.073907
1.987063
1.449200
1.417370
1.670575
0.824749
0.882020
0.224198
1.564516
3.385363
0.748389
0.527956
8.057725
3.339271
1.808188
3.446730
0.355685
0.330589
2.186907
1.256467
1.564466
1.589492
2.101765
2.556132
0.315620
1.983319
0.807682
2.059387
2.436876
2.967190
0.628863
7.081337
5.045241
5.175118
1.943392
0.196144
5.826866
1.799626
2.665970
0.485074
1.529285
0.554170
0.240356
0.286576
10.262118
1.649004
0.083299
2.352310
6.507703
3.406060
3.188509
2.379514
1.360131
2.268440
1.221719
1.811932
2.936166
0.934045
1.195435
0.664172
2.912598
4.740510
3.492893
0.567375
2.853233
2.768416
4.579308
0.103741
3.247229
0.281113
1.136676
0.259587
0.984806
1.041925
0.599792
0.209418
1.416527
1.103559
0.481748
4.345730
0.945491
0.020777
3.543719
1.420353
0.299118
0.214722
6.417925
4.779314
1.346479
4.081393
5.201561
2.536392
3.590774
2.479286
3.311385
1.240470
2.044008
0.337602
0.523022
3.815603
5.699927
2.342112
0.172668
2.602149
0.877409
2.247448
0.311725
9.927910
3.371983
0.043406
0.064139
1.117948
4.048508
0.150156
0.822964
0.833913
0.582101
2.401921
5.556514
8.033334
6.723903
0.434502
0.160396
2.900488
2.687473
0.596242
1.541598
2.797624
2.243123
1.051502
2.295387
5.767982
0.082830
1.294389
2.519058
6.754238
0.947611
0.473377
1.272422
2.921828
5.911499
2.675118
0.661984
2.815063
0.086316
0.061567
1.234005
0.244917
0.451150
4.981110
1.250228
1.926916
2.701154
2.584330
3.155939
3.294588
1.013137
0.036478
0.460422
3.912248
0.809141
0.930275
1.819864
1.796715
4.163041
7.916602
1.096343
6.460856
2.151888
2.366647
0.412515
0.628728
0.467147
2.112287
4.642413
0.360741
3.136964
0.024035
3.862481
3.158834
1.548395
1.286503
0.664465
0.181922
0.299378
2.544452
0.002563
1.134092
2.684143
1.855852
0.306588
7.833330
3.762136
2.042013
0.285132
7.885958
2.429470
2.673667
2.093969
7.029209
0.820866
0.453705
1.733011
3.257009
0.326484
1.292021
2.133777
0.764619
0.013557
1.179365
0.286043
0.523310
2.107654
4.042414
0.261521
3.739940
1.702876
0.068927
0.369228
0.026147
3.623891
3.491439
1.186021
1.754047
0.080200
1.115276
1.201846
4.377449
4.051909
7.906497
2.180901
1.869515
1.490161
0.964353
7.515876
10.170260
1.232409
4.576056
2.605340
0.755016
4.134853
0.579446
0.776893
0.336199
5.558475
1.917001
6.577762
1.612162
1.397977
0.276407
0.681167
1.802802
2.738089
3.247450
1.407509
0.274733
1.115297
3.589739
2.482106
2.304877
3.076956
2.266089
0.572929
0.036451
3.104289
2.852409
0.526931
2.483441
0.429017
2.428246
0.732074
3.085238
0.364066
4.207402
1.780036
4.810611
1.084246
0.738745
3.867698
0.469545
1.147558
4.121791
0.211180
0.194084
3.257439
3.602422
1.284970
5.861053
1.306094
1.767865
0.790655
1.768337
0.405107
0.671631
2.396961
0.376120
1.225727
4.488888
1.716389
8.011272
2.611395
0.235495
1.337581
0.265318
0.811695
3.467228
0.424153
3.049552
2.471006
0.404919
1.122355
1.977911
0.156459
2.917147
0.174310
4.714965
1.533700
3.592967
1.880016
0.159874
0.009482
0.160847
2.370788
2.241903
0.305843
0.844458
1.578737
0.701082
0.060614
0.023820
1.563770
3.282004
3.550587
1.175208
0.506906
1.148641
3.569619
6.752259
0.587203
0.189025
0.484353
1.382929
0.351764
2.708368
0.719087
3.365704
1.131019
0.339246
1.819822
1.516441
4.443501
1.477133
0.860598
2.584566
4.231127
4.239033
14.655538
1.492723
1.396079
2.519721
0.496345
5.335032
0.313362
0.392130
1.938501
3.662105
0.848958
1.161636
0.189018
2.065693
1.667274
0.817202
4.845118
2.347747
1.535451
6.843392
2.993907
4.483317
0.485134
7.132918
0.033468
0.173140
0.721864
3.045024
6.141109
1.283591
2.277396
0.475374
0.533673
1.102732
4.648864
4.142806
2.603385
1.515536
0.632459
1.922322
0.443442
0.011072
0.520544
0.159615
3.919012
3.015559
0.417323
2.791869
2.067375
1.639684
0.061997
0.928288
1.851943
0.414015
1.459263
0.018501
0.595710
1.432764
7.161680
3.350296
0.408490
1.238204
0.641101
1.233424
1.353263
0.576663
1.559483
3.427259
7.783670
0.889935
1.038101
0.687987
1.889205
6.724733
1.040524
3.500450
0.575284
0.293281
0.309341
0.357949
3.642285
0.727139
1.006686
3.725242
1.486522
2.000639
5.910874
1.478433
1.845037
2.634239
2.549914
1.717197
2.374349
1.836358
2.440824
0.805710
0.063156
4.879730
0.253726
0.576683
0.801465
1.788329
0.256844
7.178901
0.834338
1.208592
4.454098
2.617326
1.256688
2.254567
2.010003
6.834125
2.195907
0.396301
2.092951
2.160138
5.488395
3.254124
1.899315
6.319575
1.337585
3.212649
1.289334
2.849412
2.942444
2.054903
2.295783
0.871167
1.043945
2.963835
1.044999
4.190907
1.603550
0.069248
2.540948
0.414439
3.865103
0.394229
5.928053
1.029952
1.411656
2.918462
1.628959
0.814254
1.371133
0.772728
1.932441
0.048956
0.130398
0.978657
4.959581
3.433239
2.533375
0.564353
0.149560
6.958149
0.033098
3.467519
0.391449
0.113592
3.050208
0.189933
1.699630
6.518341
2.261846
0.670416
1.436396
1.274090
2.132161
1.381434
1.880250
0.430517
5.348928
0.916985
0.509217
2.111990
1.056097
5.498448
0.850320
1.578620
2.868233
0.000383
0.428201
1.512392
1.820149
6.054663
3.864748
0.627906
3.130476
0.953183
2.272715
3.588372
0.499292
0.635381
0.516146
3.942419
0.412146
1.102397
1.155896
0.528523
6.166783
0.383681
0.538957
0.073649
0.202577
0.807702
2.836477
0.350261
0.715032
0.904341
0.561642
0.313746
1.092827
1.912317
9.386237
0.362418
0.006579
1.101275
3.291748
5.638717
0.950759
7.518733
1.722163
2.302520
0.660795
2.858630
6.882101
3.578842
1.435982
1.055942
2.975185
1.818890
0.051861
2.160923
1.775693
5.156302
0.476570
1.990718
1.914038
2.080279
0.085456
6.488786
6.235329
7.895884
0.544263
0.954274
3.886212
1.690587
4.304442
1.632974
5.297922
5.761614
1.628060
0.405620
0.214390
0.521624
2.450060
0.585797
1.421842
0.156468
1.779438
0.034773
0.009989
4.444929
3.551441
3.520774
2.973191
1.091759
0.118184
4.760319
1.512514
1.128773
1.299324
0.258683
7.350028
0.895286
1.739818
3.048921
2.063834
0.253407
0.413226
1.732706
1.847792
1.878812
2.906857
1.192540
0.115540
0.086033
0.474638
0.207612
0.524425
0.614338
3.871211
2.159328
0.120350
3.538111
0.661864
2.181803
3.002936
3.810552
3.701447
1.099528
4.867821
0.810039
4.289771
1.872409
0.646489
0.380182
1.553549
2.618538
0.272541
4.237032
0.631650
1.470048
2.854048
5.440503
2.669878
1.633262
4.048062
0.316924
1.463605
1.249734
0.581033
1.597840
0.511672
1.831466
0.396959
2.891614
0.351335
2.619169
0.865790
0.508013
0.137483
0.742770
3.890111
5.334468
1.639910
2.747934
0.661198
2.715876
5.042807
0.118289
0.586096
2.035366
2.533182
5.668255
1.892441
5.645170
2.755516
2.652095
6.855458
2.931074
1.188648
0.775251
4.743460
0.620580
0.232728
1.243637
1.989173
0.583731
3.714038
4.138636
0.523034
0.620732
0.088326
0.335306
4.904432
1.455010
0.584190
4.239994
0.201893
1.004168
0.933999
0.866923
0.669688
1.015760
1.116206
0.140245
2.189649
0.550566
0.181811
3.929274
0.350082
4.602432
0.519780
3.683204
2.808859
0.311352
0.174357
2.016286
2.547759
1.698739
0.497969
1.975041
6.373800
0.356547
3.520209
2.536792
1.213778
3.009226
2.513389
0.156750
2.595895
0.647433
4.118283
1.263221
5.359749
2.228198
0.004416
1.065068
0.251906
1.662921
0.516455
